 PDE 1998 01 27 02 14 12.90  -20.7700 -179.1800 642.8 5.3 0.0 FIJI ISLANDS REGION
event name:         B012798A
time shift:           4.1023
half duration:        2.3000
latitude:           -20.7336
longitude:         -179.1540
depth:              648.9946
Mrr:           -2.669771E+24
Mtt:            9.317055E+24
Mpp:           -6.647287E+24
Mrt:            1.104134E+24
Mrp:           -7.739286E+24
Mtp:           -1.605609E+24
