 PDE 1999 01 25 10 37 13.50  -18.0300 -178.4500 640.0 5.0 0.0 FIJI ISLANDS REGION
event name:         B012599C
time shift:           3.9179
half duration:        1.9000
latitude:           -17.8314
longitude:         -178.2827
depth:              648.1264
Mrr:           -4.975573E+24
Mtt:            2.770473E+24
Mpp:            2.205100E+24
Mrt:            3.223718E+24
Mrp:            1.583675E+24
Mtp:           -3.932631E+24
