 PDE 2004 02 01 11 41 14.40  -31.6600  179.7000 354.2 5.2 0.0 KERMADEC ISLANDS REGION
event name:         B020104B
time shift:           3.6293
half duration:        1.8000
latitude:           -31.5714
longitude:          179.9202
depth:              353.5741
Mrr:           -4.573941E+24
Mtt:           -5.679845E+23
Mpp:            5.141926E+24
Mrt:           -1.527922E+24
Mrp:           -1.688791E+24
Mtp:           -4.433152E+23
