 PDE 1999 02 05 14 37 53.00   47.5100  147.1600 407.4 5.4 0.0 NORTHWEST OF KURIL ISLANDS
event name:         B020599C
time shift:          -0.3205
half duration:        2.1000
latitude:            47.4673
longitude:          147.7111
depth:              399.2256
Mrr:           -2.164598E+24
Mtt:            2.667196E+24
Mpp:           -5.025977E+23
Mrt:            2.462610E+24
Mrp:           -6.114643E+24
Mtp:            3.088047E+24
