 PDE 2000 02 28 22 15 20.10  -17.5900 -178.9800 538.0 4.9 0.0 FIJI ISLANDS REGION
event name:         B022800C
time shift:           5.0101
half duration:        2.3000
latitude:           -17.4616
longitude:         -178.8173
depth:              558.0468
Mrr:           -2.764627E+24
Mtt:            9.993142E+23
Mpp:            1.765312E+24
Mrt:            8.980606E+23
Mrp:           -4.785764E+24
Mtp:            8.923307E+24
