 PDE 2000 03 01 04 21 01.40  -19.0000 -179.3600 675.0 5.3 0.0 FIJI ISLANDS REGION
event name:         B030100B
time shift:           3.3799
half duration:        1.9000
latitude:           -19.0389
longitude:         -179.0775
depth:              682.2457
Mrr:            5.457642E+24
Mtt:           -4.890627E+24
Mpp:           -5.670148E+23
Mrt:           -1.363726E+24
Mrp:           -5.484507E+23
Mtp:           -3.658882E+24
