 PDE 1999 03 06 20 28 53.70  -21.7300 -179.4600 602.7 5.4 0.0 FIJI ISLANDS REGION
event name:         B030699D
time shift:           5.4996
half duration:        1.7000
latitude:           -21.6022
longitude:         -179.0448
depth:              628.2181
Mrr:            4.545252E+24
Mtt:           -1.656316E+24
Mpp:           -2.888935E+24
Mrt:           -5.415430E+23
Mrp:           -1.548432E+24
Mtp:           -4.024191E+23
