 PDE 1997 03 21 12 07 17.60  -31.1600  179.6200 449.0 5.6 0.0 KERMADEC ISLANDS REGION
event name:         B032197A
time shift:           3.4190
half duration:        3.5000
latitude:           -31.1738
longitude:          179.9015
depth:              450.1780
Mrr:           -1.158395E+24
Mtt:           -2.823198E+25
Mpp:            2.939038E+25
Mrt:           -1.080875E+25
Mrp:           -1.940545E+25
Mtp:           -1.077896E+25
