 PDE 1994 03 31 22 40 53.40  -21.9500 -179.5800 591.0 5.9 0.0 FIJI ISLANDS REGION
event name:         B033194A
time shift:           3.3345
half duration:        4.3000
latitude:           -22.0388
longitude:         -179.3075
depth:              602.9385
Mrr:           -1.046507E+25
Mtt:           -1.080662E+25
Mpp:            2.127168E+25
Mrt:           -2.103423E+25
Mrp:           -6.829626E+25
Mtp:           -1.589365E+25
