 PDE 1995 03 30 22 15 52.00   44.8200  137.5700 319.0 5.4 0.0 EASTERN SEA OF JAPAN
event name:         B033095C
time shift:           2.5154
half duration:        2.0000
latitude:            44.7942
longitude:          137.3246
depth:              326.2127
Mrr:           -2.075759E+24
Mtt:            3.248616E+24
Mpp:           -1.172855E+24
Mrt:            3.430294E+24
Mrp:            5.664517E+23
Mtp:           -4.630332E+24
