 PDE 1998 04 28 15 44 06.10  -21.9700 -179.6100 607.8 5.3 0.0 FIJI ISLANDS REGION
event name:         B042898A
time shift:           3.6709
half duration:        1.7000
latitude:           -21.8810
longitude:         -179.4862
depth:              616.1233
Mrr:           -2.972385E+24
Mtt:           -9.024458E+22
Mpp:            3.062629E+24
Mrt:           -1.164420E+24
Mrp:           -3.359784E+24
Mtp:           -6.622197E+23
