 PDE 1994 04 20 23 35 30.10  -17.7800 -178.4500 542.0 5.4 0.0 FIJI ISLANDS REGION
event name:         B042094E
time shift:           2.9654
half duration:        2.2000
latitude:           -17.6833
longitude:         -178.3450
depth:              567.4498
Mrr:           -3.622345E+24
Mtt:            2.270183E+24
Mpp:            1.352161E+24
Mrt:           -5.355236E+24
Mrp:           -6.672707E+24
Mtp:            1.639247E+24
