 PDE 2003 04 27 22 57 44.80   -8.1900  -71.5900 559.9 5.6 0.0 WESTERN BRAZIL
event name:         B042703C
time shift:           4.6620
half duration:        2.1000
latitude:            -8.1944
longitude:          -71.5620
depth:              572.5883
Mrr:           -1.018204E+25
Mtt:            5.800141E+23
Mpp:            9.602021E+24
Mrt:           -5.990405E+23
Mrp:           -9.590489E+23
Mtp:           -2.869772E+24
