 PDE 2000 04 23 17 01 17.50  -28.3800  -62.9400 609.8 5.8 0.0 SANTIAGO DEL ESTERO PROV., ARG.
event name:         B042300D
time shift:           2.7059
half duration:        2.7000
latitude:           -28.4326
longitude:          -62.9532
depth:              611.5738
Mrr:            3.904345E+23
Mtt:           -5.603309E+24
Mpp:            5.212873E+24
Mrt:           -3.773753E+24
Mrp:            1.939254E+25
Mtp:           -5.465238E+23
