 PDE 1998 04 27 23 51 35.70   -6.0800  113.1000 590.7 5.5 0.0 JAVA, INDONESIA
event name:         B042798C
time shift:           3.4040
half duration:        1.8000
latitude:            -6.0305
longitude:          113.0998
depth:              590.1687
Mrr:           -5.017620E+24
Mtt:            4.778547E+24
Mpp:            2.390735E+23
Mrt:            4.195850E+23
Mrp:            5.371980E+23
Mtp:           -8.612803E+23
