 PDE 1995 05 13 21 00 54.30   -5.2200  108.9200 554.0 5.7 0.0 JAVA SEA
event name:         B051395H
time shift:           5.8205
half duration:        2.0000
latitude:            -5.2067
longitude:          108.9333
depth:              578.5296
Mrr:           -5.252745E+24
Mtt:            5.927185E+24
Mpp:           -6.744394E+23
Mrt:           -1.824376E+24
Mrp:           -3.130190E+24
Mtp:           -4.214748E+24
