 PDE 2002 06 03 09 15 00.70   27.5600  139.7800 488.7 5.0 0.0 BONIN ISLANDS, JAPAN REGION
event name:         B060302A
time shift:           4.1157
half duration:        2.1000
latitude:            27.5063
longitude:          139.8537
depth:              491.5962
Mrr:           -3.627497E+24
Mtt:            3.216043E+24
Mpp:            4.114538E+23
Mrt:            3.034963E+24
Mrp:           -6.220757E+24
Mtp:           -2.457360E+24
