 PDE 2004 06 06 09 38 07.30   -6.0400  113.1100 579.4 5.6 0.0 JAVA, INDONESIA
event name:         B060604A
time shift:           2.4843
half duration:        2.1000
latitude:            -6.0958
longitude:          113.1399
depth:              594.1451
Mrr:           -7.580725E+24
Mtt:            7.415305E+24
Mpp:            1.654197E+23
Mrt:            3.238409E+24
Mrp:            9.520301E+23
Mtp:           -1.464787E+24
