 PDE 2002 06 16 06 55 13.30  -17.8700 -178.7000 569.0 5.7 0.0 FIJI ISLANDS REGION
event name:         B061602C
time shift:           4.8704
half duration:        2.2000
latitude:           -17.6493
longitude:         -178.5031
depth:              585.3584
Mrr:            8.310208E+24
Mtt:           -1.998444E+23
Mpp:           -8.110365E+24
Mrt:            2.788692E+24
Mrp:           -2.638799E+24
Mtp:           -9.827720E+23
