 PDE 2001 06 14 12 27 04.40  -22.0500 -179.4600 604.0 5.3 0.0 SOUTH OF FIJI ISLANDS
event name:         B061401D
time shift:           1.9432
half duration:        1.8000
latitude:           -21.9851
longitude:         -179.3358
depth:              600.6857
Mrr:           -5.074933E+23
Mtt:           -8.844501E+23
Mpp:            1.391943E+24
Mrt:           -4.346348E+24
Mrp:           -1.053200E+24
Mtp:           -1.863115E+24
