 PDE 2003 06 14 18 28 49.50   -7.5800  156.7800 405.8 5.6 0.0 SOLOMON ISLANDS
event name:         B061403G
time shift:           1.5203
half duration:        1.7000
latitude:            -7.5550
longitude:          156.9324
depth:              389.3570
Mrr:           -5.430077E+24
Mtt:            1.281154E+23
Mpp:            5.301959E+24
Mrt:           -1.095344E+23
Mrp:            9.471510E+22
Mtp:            1.628816E+23
