 PDE 2000 06 27 11 37 05.80   -7.1000  125.9100 496.1 5.3 0.0 BANDA SEA
event name:         B062700C
time shift:           3.8385
half duration:        1.9000
latitude:            -7.0844
longitude:          126.0719
depth:              510.9930
Mrr:           -6.324378E+24
Mtt:           -5.923793E+23
Mpp:            6.916758E+24
Mrt:            2.285990E+24
Mrp:            4.922659E+23
Mtp:            1.843184E+24
