 PDE 1995 07 07 21 15 18.50   33.9500  137.1200 324.0 5.8 0.0 NEAR S. COAST OF HONSHU, JAPAN
event name:         B070795F
time shift:           4.7715
half duration:        2.2000
latitude:            33.8922
longitude:          137.1086
depth:              344.4000
Mrr:            5.163579E+24
Mtt:           -3.065374E+23
Mpp:           -4.857040E+24
Mrt:            2.367529E+24
Mrp:           -8.511420E+24
Mtp:            1.796525E+24
