 PDE 1994 07 05 02 59 42.10  -16.3300 -177.5000 413.0 5.4 0.0 FIJI ISLANDS REGION
event name:         B070594B
time shift:           3.9970
half duration:        2.5000
latitude:           -16.0352
longitude:         -177.2484
depth:              421.2580
Mrr:           -9.086297E+24
Mtt:            8.143754E+24
Mpp:            9.425443E+23
Mrt:            5.925603E+23
Mrp:           -3.923864E+23
Mtp:            2.385310E+24
