 PDE 1999 07 18 10 34 03.20  -22.5500  179.4100 590.9 5.4 0.0 SOUTH OF FIJI ISLANDS
event name:         B071899A
time shift:           3.2687
half duration:        2.3000
latitude:           -22.4495
longitude:          179.6919
depth:              582.4774
Mrr:           -2.931268E+24
Mtt:           -7.446424E+24
Mpp:            1.037769E+25
Mrt:            2.971146E+24
Mrp:            4.809190E+24
Mtp:            1.389358E+24
