 PDE 1997 07 11 09 55 12.60   -5.7000  110.8000 574.4 5.6 0.0 JAVA SEA
event name:         B071197D
time shift:           3.5328
half duration:        2.3000
latitude:            -5.6952
longitude:          110.6392
depth:              586.0308
Mrr:           -3.626315E+24
Mtt:            8.645162E+24
Mpp:           -5.018845E+24
Mrt:            2.116937E+24
Mrp:           -6.765868E+24
Mtp:           -4.189676E+24
