 PDE 1996 07 20 07 41 15.20  -19.8200 -177.6400 357.0 5.7 0.0 FIJI ISLANDS REGION
event name:         B072096B
time shift:           4.7187
half duration:        2.1000
latitude:           -19.7212
longitude:         -177.4587
depth:              370.6325
Mrr:            3.223445E+24
Mtt:           -4.818548E+24
Mpp:            1.595105E+24
Mrt:           -6.638747E+24
Mrp:            2.399802E+24
Mtp:           -1.946606E+23
