 PDE 2003 08 14 18 23 06.30  -19.9000 -177.9800 563.3 5.2 0.0 FIJI ISLANDS REGION
event name:         B081403J
time shift:           4.4969
half duration:        2.2000
latitude:           -19.8037
longitude:         -177.6564
depth:              586.2251
Mrr:           -3.186558E+23
Mtt:            6.091665E+24
Mpp:           -5.773008E+24
Mrt:           -4.405475E+24
Mrp:           -2.213524E+24
Mtp:           -7.235836E+24
