 PDE 1996 08 27 06 24 07.90  -22.5700 -179.7900 575.0 5.6 0.0 SOUTH OF FIJI ISLANDS
event name:         B082796D
time shift:           3.7759
half duration:        2.3000
latitude:           -22.5453
longitude:         -179.6051
depth:              593.9865
Mrr:           -4.856499E+24
Mtt:            4.860948E+24
Mpp:           -4.447697E+21
Mrt:            8.591747E+24
Mrp:            1.319376E+24
Mtp:            5.149838E+24
