 PDE 1996 08 22 05 35 42.00   -7.1200  123.2800 596.0 5.8 0.0 BANDA SEA
event name:         B082296B
time shift:           4.0503
half duration:        2.3000
latitude:            -7.1320
longitude:          123.5195
depth:              609.9177
Mrr:           -1.108508E+25
Mtt:            3.209465E+24
Mpp:            7.875612E+24
Mrt:           -2.064820E+24
Mrp:            1.878122E+24
Mtp:            3.507006E+24
