 PDE 1994 08 30 19 42 48.20   -6.9800  124.1500 618.0 5.8 0.0 BANDA SEA
event name:         B083094E
time shift:           4.4747
half duration:        2.9000
latitude:            -6.9627
longitude:          124.3013
depth:              602.6088
Mrr:           -2.230286E+25
Mtt:            7.026343E+23
Mpp:            2.160023E+25
Mrt:           -6.938239E+24
Mrp:           -4.397001E+24
Mtp:            5.368854E+24
