 PDE 2000 08 31 08 24 11.50    5.0700  123.2100 588.3 5.5 0.0 MINDANAO, PHILIPPINES
event name:         B083100C
time shift:           1.8580
half duration:        1.7000
latitude:             5.0575
longitude:          123.4717
depth:              577.0621
Mrr:           -2.438257E+24
Mtt:            1.608214E+24
Mpp:            8.300427E+23
Mrt:           -2.606682E+24
Mrp:           -3.198683E+24
Mtp:            9.919747E+23
