 PDE 1997 09 04 20 52 58.30   -3.4800  151.3900 365.6 5.1 0.0 NEW IRELAND REGION, P.N.G.
event name:         B090497C
time shift:           5.7464
half duration:        1.8000
latitude:            -3.3463
longitude:          151.6255
depth:              385.2740
Mrr:            1.007796E+24
Mtt:           -1.676010E+24
Mpp:            6.682137E+23
Mrt:            3.794349E+24
Mrp:           -1.303820E+24
Mtp:           -3.197400E+24
