 PDE 2002 09 08 13 15 55.70  -22.8400  178.9300 618.8 5.2 0.0 SOUTH OF FIJI ISLANDS
event name:         B090802E
time shift:           2.9841
half duration:        2.2000
latitude:           -22.8151
longitude:          179.1603
depth:              625.6173
Mrr:            1.425266E+24
Mtt:            2.855517E+24
Mpp:           -4.280785E+24
Mrt:           -6.800972E+24
Mrp:           -4.397717E+24
Mtp:           -3.187643E+24
