 PDE 2000 09 03 08 21 23.80  -20.5500 -177.8200 363.8 5.2 0.0 FIJI ISLANDS REGION
event name:         B090300B
time shift:           4.3997
half duration:        1.9000
latitude:           -20.6182
longitude:         -177.7178
depth:              380.6423
Mrr:            1.892591E+24
Mtt:           -4.652907E+24
Mpp:            2.760314E+24
Mrt:           -2.752952E+24
Mrp:            1.653747E+24
Mtp:           -3.212978E+24
