 PDE 1997 09 07 12 57 06.70   -6.0200  154.4600 421.1 5.6 0.0 SOLOMON ISLANDS
event name:         B090797C
time shift:           3.2595
half duration:        1.9000
latitude:            -5.9290
longitude:          154.5240
depth:              414.5931
Mrr:           -3.680025E+24
Mtt:           -2.447513E+23
Mpp:            3.924776E+24
Mrt:           -5.422934E+24
Mrp:            3.318692E+24
Mtp:           -3.083548E+24
