 PDE 2000 09 02 17 02 19.50  -20.0700 -179.1300 687.6 5.5 0.0 FIJI ISLANDS REGION
event name:         B090200D
time shift:           4.5400
half duration:        2.3000
latitude:           -19.8968
longitude:         -178.9320
depth:              695.5614
Mrr:           -8.970185E+24
Mtt:            7.597124E+24
Mpp:            1.373062E+24
Mrt:           -5.366679E+24
Mrp:           -1.141716E+24
Mtp:           -7.101600E+24
