 PDE 2000 09 02 10 19 13.30  -17.9200 -178.3200 587.5 5.1 0.0 FIJI ISLANDS REGION
event name:         B090200B
time shift:           4.4495
half duration:        1.8000
latitude:           -17.8075
longitude:         -178.2976
depth:              618.5707
Mrr:           -1.122880E+24
Mtt:            2.122741E+23
Mpp:            9.106062E+23
Mrt:           -4.622720E+23
Mrp:           -4.794843E+24
Mtp:            1.497514E+24
