 PDE 1995 09 14 12 24 34.20  -17.5800 -179.0100 533.0 5.3 0.0 FIJI ISLANDS REGION
event name:         B091495B
time shift:           3.6470
half duration:        2.2000
latitude:           -17.5010
longitude:         -178.9942
depth:              545.8122
Mrr:            2.857770E+24
Mtt:           -1.553913E+24
Mpp:           -1.303857E+24
Mrt:            3.545053E+24
Mrp:            3.983788E+24
Mtp:            6.187532E+24
