 PDE 1999 09 19 03 18 54.60   -3.6200  150.8800 430.5 5.2 0.0 NEW IRELAND REGION, P.N.G.
event name:         B091999B
time shift:           4.4287
half duration:        2.2000
latitude:            -3.6272
longitude:          150.9273
depth:              434.7313
Mrr:            4.887155E+24
Mtt:           -6.496291E+24
Mpp:            1.609135E+24
Mrt:            6.892540E+24
Mrp:           -3.206427E+24
Mtp:           -4.439374E+24
