 PDE 1994 09 28 16 39 52.20   -5.7700  110.3300 643.0 5.7 0.0 JAVA SEA
event name:         B092894B
time shift:           5.1386
half duration:        4.7000
latitude:            -5.7508
longitude:          110.2843
depth:              646.7322
Mrr:           -1.003976E+26
Mtt:            6.934520E+25
Mpp:            3.105246E+25
Mrt:           -1.112485E+24
Mrp:           -3.247112E+25
Mtp:           -5.363997E+25
