 PDE 2001 09 26 21 31 12.20  -26.5600  178.1600 631.1 5.4 0.0 SOUTH OF FIJI ISLANDS
event name:         B092601C
time shift:           2.3637
half duration:        2.1000
latitude:           -26.4800
longitude:          178.3405
depth:              618.2365
Mrr:           -5.676657E+24
Mtt:           -4.170524E+24
Mpp:            9.847182E+24
Mrt:           -3.349866E+22
Mrp:            1.448472E+23
Mtp:            2.546440E+24
