 PDE 1994 09 30 19 30 16.90  -21.0600 -179.2500 613.0 5.2 0.0 FIJI ISLANDS REGION
event name:         B093094E
time shift:           3.2197
half duration:        1.9000
latitude:           -21.0259
longitude:         -179.1433
depth:              642.5686
Mrr:           -3.552380E+24
Mtt:           -1.795650E+23
Mpp:            3.731943E+24
Mrt:           -2.670730E+24
Mrp:           -3.699273E+24
Mtp:           -9.620564E+23
