 PDE 2003 10 04 14 49 02.70   -7.0500  125.4100 532.7 5.5 0.0 BANDA SEA
event name:         B100403C
time shift:           4.2708
half duration:        2.1000
latitude:            -6.9605
longitude:          125.4261
depth:              532.1644
Mrr:           -4.484291E+24
Mtt:            1.479937E+24
Mpp:            3.004354E+24
Mrt:           -6.739959E+24
Mrp:           -1.415005E+23
Mtp:            3.988332E+24
