 PDE 2003 10 15 02 19 43.90  -17.8200 -178.7000 582.6 5.8 0.0 FIJI ISLANDS REGION
event name:         B101503A
time shift:           4.3801
half duration:        2.3000
latitude:           -17.8372
longitude:         -178.5901
depth:              594.2477
Mrr:           -3.122494E+24
Mtt:            7.483107E+24
Mpp:           -4.360613E+24
Mrt:            6.002775E+24
Mrp:           -7.239452E+24
Mtp:           -1.253408E+24
