 PDE 2000 10 11 04 13 35.50  -20.6500 -177.9900 488.6 4.9 0.0 FIJI ISLANDS REGION
event name:         B101100A
time shift:           3.3561
half duration:        2.2000
latitude:           -20.7601
longitude:         -177.7366
depth:              494.1943
Mrr:           -4.174389E+24
Mtt:            9.156247E+23
Mpp:            3.258765E+24
Mrt:           -2.016224E+24
Mrp:           -5.875724E+24
Mtp:            1.487322E+24
