 PDE 1998 10 11 12 04 54.70  -21.0400 -179.1100 623.9 5.4 0.0 FIJI ISLANDS REGION
event name:         B101198C
time shift:           2.8127
half duration:        1.0000
latitude:           -20.9151
longitude:         -178.9877
depth:              634.4762
Mrr:           -5.879592E+24
Mtt:            4.147130E+24
Mpp:            1.732462E+24
Mrt:           -5.704440E+24
Mrp:           -3.277590E+24
Mtp:            1.128354E+24
