 PDE 2002 10 23 19 15 13.10  -30.9700 -179.8200 360.7 5.0 0.0 KERMADEC ISLANDS REGION
event name:         B102302F
time shift:           4.9135
half duration:        1.9000
latitude:           -30.6908
longitude:         -179.5559
depth:              359.8768
Mrr:           -3.291506E+24
Mtt:            4.189014E+23
Mpp:            2.872604E+24
Mrt:           -5.636091E+24
Mrp:           -1.907056E+24
Mtp:            1.480021E+24
