 PDE 1994 10 27 22 20 31.00  -25.7900  179.3500 549.0 5.9 0.0 SOUTH OF FIJI ISLANDS
event name:         B102794C
time shift:           3.7083
half duration:        5.2000
latitude:           -25.7458
longitude:          179.3924
depth:              534.5100
Mrr:            3.733373E+25
Mtt:           -4.536004E+25
Mpp:            8.026300E+24
Mrt:           -3.282458E+25
Mrp:           -1.120619E+26
Mtp:           -3.742213E+25
