 PDE 1994 11 04 01 13 20.80   -9.3300  -71.3100 598.0 5.8 0.0 PERU-BRAZIL BORDER REGION
event name:         B110494A
time shift:           4.2276
half duration:        2.5000
latitude:            -9.3986
longitude:          -71.0818
depth:              612.0248
Mrr:           -2.055211E+25
Mtt:            1.149940E+24
Mpp:            1.940217E+25
Mrt:           -2.113453E+24
Mrp:            5.412147E+24
Mtp:           -3.686896E+24
