 PDE 1996 11 02 00 08 50.60   -7.5600  117.3000 302.0 5.5 0.0 BALI SEA
event name:         B110296A
time shift:           4.9355
half duration:        1.8000
latitude:            -7.6061
longitude:          117.4662
depth:              301.5341
Mrr:            3.649305E+24
Mtt:           -8.610413E+23
Mpp:           -2.788264E+24
Mrt:            3.898775E+24
Mrp:            2.975966E+24
Mtp:           -1.374249E+24
