 PDE 2004 11 13 07 33 18.20  -26.7500  -63.3600 573.1 5.3 0.0 SANTIAGO DEL ESTERO PROV., ARG.
event name:         B111304B
time shift:           0.8297
half duration:        1.9000
latitude:           -26.8293
longitude:          -63.2075
depth:              579.1583
Mrr:           -5.710748E+24
Mtt:            5.736635E+22
Mpp:            5.653382E+24
Mrt:           -7.967335E+23
Mrp:            3.956614E+24
Mtp:            8.738024E+23
