 PDE 1995 11 29 18 40 34.10  -16.7800 -176.3800 335.3 4.7 0.0 FIJI ISLANDS REGION
event name:         B112995C
time shift:           6.7504
half duration:        1.9000
latitude:           -16.6556
longitude:         -176.0307
depth:              375.5440
Mrr:            4.834650E+24
Mtt:           -5.284487E+24
Mpp:            4.498378E+23
Mrt:           -1.311819E+24
Mrp:           -2.165457E+24
Mtp:            1.792807E+24
