 PDE 2004 11 23 21 04 55.50  -24.2900  178.9900 532.3 5.5 0.0 SOUTH OF FIJI ISLANDS
event name:         B112304E
time shift:           4.0074
half duration:        2.1000
latitude:           -24.2546
longitude:          179.1172
depth:              563.9339
Mrr:            4.863558E+24
Mtt:           -3.177490E+24
Mpp:           -1.686068E+24
Mrt:           -1.882586E+24
Mrp:           -4.482515E+24
Mtp:           -4.484326E+24
