 PDE 1999 11 30 20 10 22.40  -21.3300 -178.6600 547.9 5.3 0.0 FIJI ISLANDS REGION
event name:         B113099E
time shift:           3.9736
half duration:        2.0000
latitude:           -21.1120
longitude:         -178.5243
depth:              554.1538
Mrr:           -6.927427E+24
Mtt:            3.881651E+24
Mpp:            3.045777E+24
Mrt:           -2.184586E+24
Mrp:           -2.255609E+24
Mtp:           -3.120723E+24
