 PDE 1999 12 05 22 00 34.00   29.9200  138.6900 448.9 5.7 0.0 SOUTHEAST OF HONSHU, JAPAN
event name:         B120599E
time shift:           1.0359
half duration:        1.7000
latitude:            29.9021
longitude:          138.7538
depth:              425.1203
Mrr:            2.846451E+22
Mtt:            8.752184E+23
Mpp:           -9.036829E+23
Mrt:           -1.498975E+23
Mrp:           -3.404053E+24
Mtp:           -3.093793E+24
