 PDE 2004 12 19 15 14 51.40    7.3800  123.7800 575.7 5.4 0.0 MINDANAO, PHILIPPINES
event name:         B121904E
time shift:           4.8931
half duration:        1.7000
latitude:             7.4348
longitude:          123.7879
depth:              586.5918
Mrr:           -3.747282E+24
Mtt:           -8.251239E+22
Mpp:            3.829790E+24
Mrt:           -6.308715E+23
Mrp:           -2.485172E+24
Mtp:            2.004308E+23
