 PDE 2004 12 19 20 13 36.60  -18.1000 -178.8500 563.8 5.2 0.0 FIJI ISLANDS REGION
event name:         B121904F
time shift:           3.0202
half duration:        1.9000
latitude:           -17.9452
longitude:         -178.7222
depth:              585.1834
Mrr:            2.112979E+24
Mtt:            1.380151E+24
Mpp:           -3.493132E+24
Mrt:           -4.014321E+24
Mrp:           -1.346514E+24
Mtp:           -4.487685E+24
