 PDE 2002 12 28 03 20 43.60  -18.2500 -178.5300 626.6 5.1 0.0 FIJI ISLANDS REGION
event name:         B122802A
time shift:           3.4341
half duration:        2.0000
latitude:           -18.0039
longitude:         -178.4038
depth:              635.3876
Mrr:            4.960565E+24
Mtt:           -2.005977E+24
Mpp:           -2.954589E+24
Mrt:           -1.544737E+24
Mrp:           -6.219807E+24
Mtp:            1.768198E+24
