 PDE 1999 12 31 13 09 11.60   37.2700  134.6600 371.4 5.0 0.0 SEA OF JAPAN
event name:         B123199A
time shift:           3.2753
half duration:        1.4000
latitude:            37.3180
longitude:          134.6059
depth:              383.3465
Mrr:            1.222753E+24
Mtt:            5.030580E+23
Mpp:           -1.725810E+24
Mrt:           -7.970556E+23
Mrp:           -2.566029E+24
Mtp:            1.215416E+24
