 PDE 2007  4  9  2 24 28.30 -20.0700 -178.0800 593.0 5.9 0.0 FIJI ISLANDS REGION
event name:     B200704090224A
time shift:      4.0945
half duration:   2.3000
latitude:      -19.9928
longitude:    -177.9673
depth:         610.9502
Mrr:      -2.122262e+24
Mtt:       6.660180e+24
Mpp:      -4.537918e+24
Mrt:      -4.941426e+24
Mrp:      -5.376111e+24
Mtp:       1.688605e+23
