 PDE 2006 03 28 13 32 47.60   31.7100  137.7500 401.0 5.5 0.0 SOUTHEAST OF HONSHU, JAPAN
event name:   B200603281332A
time shift:           2.1917
half duration:        2.2000
latitude:            31.7229
longitude:          137.7908
depth:              407.7898
Mrr:            3.200507E+23
Mtt:            1.805032E+24
Mpp:           -2.125081E+24
Mrt:            2.312282E+24
Mrp:           -9.234304E+24
Mtp:           -1.594609E+24
