 PDE 2006 04 16 11 48 57.00   30.2400  138.5700 431.6 5.2 5.7 SOUTHEAST OF HONSHU, JAPAN
event name:   B200604161148A
time shift:           1.6892
half duration:        1.8000
latitude:            30.2937
longitude:          138.5963
depth:              423.0158
Mrr:           -1.227487E+24
Mtt:            2.610658E+24
Mpp:           -1.383171E+24
Mrt:            1.271780E+24
Mrp:           -4.095515E+24
Mtp:           -2.320095E+24
