 PDE 2006 06 11 05 46 01.30  -20.6600 -179.2600 662.8 5.1 0.0 FIJI ISLANDS REGION
event name:   B200606110546A
time shift:           2.4238
half duration:        2.1000
latitude:           -20.6546
longitude:         -179.2017
depth:              669.4878
Mrr:           -3.335284E+24
Mtt:            1.986565E+24
Mpp:            1.348719E+24
Mrt:           -4.687353E+24
Mrp:           -4.781713E+24
Mtp:            1.491109E+24
