 PDE 2007 09 14 11 51 30.20  -23.6500  179.6800 552.4 5.4 0.0 SOUTH OF FIJI ISLANDS
event name:   B200709141151A
time shift:           2.9417
half duration:        2.1000
latitude:           -23.6349
longitude:          179.8357
depth:              575.6671
Mrr:            4.773678E+24
Mtt:           -5.023776E+24
Mpp:            2.500984E+23
Mrt:           -4.025690E+24
Mrp:           -5.235342E+24
Mtp:           -3.459971E+24
