 PDE 2015  3 22  5 46 23.40 -17.8200 -178.4500 615.0 6.1 5.2 FIJI ISLANDS REGION
event name:     B201503220546A
time shift:      0.6336
half duration:   2.7000
latitude:      -17.8369
longitude:    -178.4754
depth:         616.5336
Mrr:      -7.695057e+24
Mtt:       1.170122e+25
Mpp:      -4.006164e+24
Mrt:       8.525765e+23
Mrp:      -8.363050e+24
Mtp:      -6.736053e+24
