 PDE 2014 12 31 00 06 09.90  -20.3100 -178.5500 605.8 0.0 5.4 FIJI ISLANDS REGION
event name:   B201412310006A
time shift:           4.1023
half duration:        2.3000
latitude:           -20.2840
longitude:         -178.6060
depth:              607.5113
Mrr:           -4.122278E+24
Mtt:           -1.824849E+24
Mpp:            5.947127E+24
Mrt:           -7.010579E+24
Mrp:           -5.161261E+24
Mtp:            1.967556E+24
