 PDE 2013 11 24 08 47 49.30  -24.4200  179.2600 531.1 0.0 5.3 SOUTH OF FIJI ISLANDS
event name:   B201311240847A
time shift:           7.9640
half duration:        1.6000
latitude:           -24.3007
longitude:          179.1839
depth:              534.8274
Mrr:           -4.272734E+24
Mtt:            2.365925E+24
Mpp:            1.906811E+24
Mrt:           -5.062950E+23
Mrp:           -1.363651E+24
Mtp:           -2.090840E+24
