 PDE 2012 11 12 11 15 09.30   29.6900  137.9900 501.7 5.0 0.0 SOUTHEAST OF HONSHU, JAPAN
event name:   B201211121115A
time shift:           2.2810
half duration:        1.8000
latitude:            29.7874
longitude:          137.9123
depth:              504.5388
Mrr:           -3.574098E+24
Mtt:            1.165946E+24
Mpp:            2.408151E+24
Mrt:            6.364674E+23
Mrp:           -3.689685E+24
Mtp:            2.934525E+24
