 PDE 2015  9  7  8 46  9.40 -24.2400  179.1200 538.9 5.8 5.4 SOUTH OF FIJI ISLANDS
event name:     B201509070846A
time shift:      2.5607
half duration:   2.0000
latitude:      -24.2755
longitude:     179.0771
depth:         551.2795
Mrr:      -3.950642e+23
Mtt:       1.596762e+23
Mpp:       2.353881e+23
Mrt:      -3.997639e+24
Mrp:      -5.694654e+24
Mtp:      -6.149045e+23
