 PDE 2014 10 30 12 11 35.70   -6.9900  117.5900 535.0 0.0 5.7 BALI SEA
event name:   B201410301211A
time shift:           2.3852
half duration:        1.8000
latitude:            -6.9349
longitude:          117.4880
depth:              545.7538
Mrr:           -4.006333E+24
Mtt:            4.237803E+24
Mpp:           -2.314705E+23
Mrt:            1.390248E+24
Mrp:           -4.037841E+24
Mtp:           -1.046188E+24
