 PDE 2010 07 08 12 48 22.00  -24.0100 -179.7900 510.7 5.4 0.0 SOUTH OF FIJI ISLANDS
event name:   B201007081248A
time shift:           3.3376
half duration:        1.8000
latitude:           -24.0293
longitude:         -179.6981
depth:              534.1877
Mrr:            4.401732E+23
Mtt:            1.665235E+24
Mpp:           -2.105410E+24
Mrt:            1.397391E+24
Mrp:           -3.253188E+24
Mtp:           -3.840933E+24
