 PDE 2017  1  2 10 15 15.60 -23.2800  179.2600 547.8 5.9 5.3 SOUTH OF FIJI ISLANDS
event name:     B201701021015A
time shift:      4.5443
half duration:   2.2000
latitude:      -23.2721
longitude:     179.2707
depth:         566.8333
Mrr:      -8.700584e+24
Mtt:       6.528896e+24
Mpp:       2.171687e+24
Mrt:       1.965739e+24
Mrp:       2.907302e+23
Mtp:      -6.582583e+24
