 PDE 2002 01 02 14 50 33.50  -17.9800  178.7400 665.8 5.3 0.0 FIJI ISLANDS
event name:         C010202E
time shift:           5.1177
half duration:        3.0000
latitude:           -17.6321
longitude:          178.8404
depth:              675.9003
Mrr:            9.239231E+23
Mtt:            2.334353E+25
Mpp:           -2.426745E+25
Mrt:           -2.993110E+24
Mrp:           -8.081176E+23
Mtp:           -8.191140E+23
