 PDE 2003 01 04 05 15 03.80  -20.5700 -177.6600 378.0 6.0 0.0 FIJI ISLANDS REGION
event name:         C010403A
time shift:           4.7896
half duration:        4.1000
latitude:           -20.7151
longitude:         -177.3156
depth:              390.2414
Mrr:           -4.139224E+25
Mtt:            4.431296E+24
Mpp:            3.696095E+25
Mrt:           -2.845758E+25
Mrp:           -4.800641E+25
Mtp:            1.932688E+25
