 PDE 1999 01 12 02 32 25.60   26.7400  140.1700 440.6 5.9 0.0 BONIN ISLANDS, JAPAN REGION
event name:         C011299A
time shift:           5.3330
half duration:        2.3000
latitude:            26.6739
longitude:          140.3104
depth:              458.9697
Mrr:           -4.526350E+24
Mtt:           -2.457468E+24
Mpp:            6.983820E+24
Mrt:           -6.438653E+24
Mrp:           -2.057752E+23
Mtp:           -6.236579E+24
