 PDE 1995 01 17 16 54 12.00  -20.8700 -179.2300 637.0 6.0 0.0 FIJI ISLANDS REGION
event name:         C011795B
time shift:           5.0366
half duration:        3.0000
latitude:           -20.7123
longitude:         -179.1244
depth:              648.2410
Mrr:           -2.837698E+24
Mtt:            1.464114E+25
Mpp:           -1.180346E+25
Mrt:            1.712502E+25
Mrp:           -2.875951E+25
Mtp:           -1.350718E+25
