 PDE 1994 01 10 15 53 49.60  -13.3100  -69.3900 589.0 6.4 0.0 PERU-BOLIVIA BORDER REGION
event name:         C011094C
time shift:           7.7553
half duration:        6.3000
latitude:           -13.2825
longitude:          -69.2826
depth:              603.2274
Mrr:           -1.562543E+26
Mtt:            1.178109E+26
Mpp:            3.844340E+25
Mrt:           -2.438861E+26
Mrp:            4.986185E+25
Mtp:            7.594309E+24
