 PDE 2000 01 15 12 49 45.10  -21.2200 -179.2600 632.8 5.4 0.0 FIJI ISLANDS REGION
event name:         C011500C
time shift:           3.5382
half duration:        2.5000
latitude:           -21.1043
longitude:         -179.0956
depth:              648.0322
Mrr:           -6.859607E+24
Mtt:            1.006864E+23
Mpp:            6.758920E+24
Mrt:           -5.605761E+24
Mrp:           -9.218401E+24
Mtp:            1.546230E+24
