 PDE 2000 01 13 20 07 14.40  -17.6100 -178.7400 535.0 5.4 0.0 FIJI ISLANDS REGION
event name:         C011300B
time shift:           4.6638
half duration:        3.3000
latitude:           -17.3832
longitude:         -178.6336
depth:              559.7152
Mrr:           -1.295505E+25
Mtt:            6.853264E+24
Mpp:            6.101771E+24
Mrt:            5.808650E+24
Mrp:           -1.235851E+25
Mtp:            2.272766E+25
