 PDE 2004  1 24 13  1 45.70  52.1200  -30.1800  10.0 5.6 5.4 NORTHERN MID-ATLANTIC RI - INV
event name:     C012404A
time shift:      1.5800
half duration:   1.9000
latitude:       52.1700
longitude:     -30.0600
depth:           6.5563
Mrr:      -0.583987E+24
Mtt:      -0.128094E+25
Mpp:       0.186494E+25
Mrt:      -0.542794E+24
Mrp:       0.118049E+25
Mtp:      -0.570014E+25
