 PDE 2003  1 27  5 26 23.00  39.5000   39.8800  10.0 5.6 6.0 TURKEY - INV
event name:     C012703A
time shift:      7.4000
half duration:   2.5000
latitude:       39.5642
longitude:      39.6701
depth:          11.6790
Mrr:      -0.152760E+25
Mtt:      -0.993315E+25
Mpp:       0.114607E+26
Mrt:      -0.581412E+25
Mrp:      -0.796483E+24
Mtp:       0.900337E+25
