 PDE 1999  1 28  8 10  5.40  52.8900 -169.1200  67.2 6.6 6.1 FOX ISLANDS, ALEUTIAN ISLANDS
event name:     012899B
time shift:      4.0582
half duration:   4.9000
latitude:       52.8508
longitude:    -169.1231
depth:          47.2372
Mrr:       5.232194e+25
Mtt:      -4.425283e+25
Mpp:      -8.069107e+24
Mrt:      -7.656620e+25
Mrp:       1.713134e+24
Mtp:       2.777763e+25
