 PDE 1998 01 27 19 55 01.20  -22.5400  179.0500 611.0 5.6 0.0 SOUTH OF FIJI ISLANDS
event name:         C012798D
time shift:           4.2384
half duration:        3.5000
latitude:           -22.5301
longitude:          179.2830
depth:              613.4248
Mrr:           -1.673068E+25
Mtt:            1.232764E+25
Mpp:            4.403051E+24
Mrt:           -1.105528E+25
Mrp:           -1.494109E+24
Mtp:           -3.686583E+25
