 PDE 2004  1 28 22 15 30.70  -3.1200  127.4000  17.4 6.6 6.5 SERAM, INDONESIA
event name:     012804H
time shift:      4.8674
half duration:   5.0000
latitude:       -3.1174
longitude:     127.2666
depth:          15.4832
Mrr:      -1.686515e+25
Mtt:       3.962929e+25
Mpp:      -2.276414e+25
Mrt:       6.902164e+24
Mrp:       7.220775e+25
Mtp:       7.856657e+25
