 PDE 1998 01 27 21 05 44.40  -22.4100  179.0400 610.1 5.6 0.0 SOUTH OF FIJI ISLANDS
event name:         C012798E
time shift:           4.8674
half duration:        4.1000
latitude:           -22.3911
longitude:          179.2927
depth:              626.7880
Mrr:           -5.042874E+25
Mtt:            4.997019E+25
Mpp:            4.585453E+23
Mrt:            1.477528E+25
Mrp:           -2.336994E+24
Mtp:           -3.450627E+25
