 PDE 2002  2  5 13 27 24.70  -5.3400  151.2500  39.0 6.6 6.3 NEW BRITAIN REGION, P.N.G.
event name:     020502B
time shift:     10.2185
half duration:   5.0000
latitude:       -5.7137
longitude:     151.3763
depth:          43.4778
Mrr:       7.275792e+25
Mtt:      -7.394014e+25
Mpp:       1.182223e+24
Mrt:       3.366462e+25
Mrp:      -6.795959e+24
Mtp:      -2.630761e+25
