 PDE 1998 02 07 01 18 59.50   24.8200  141.7500 525.3 5.9 0.0 VOLCANO ISLANDS, JAPAN REGION
event name:         C020798B
time shift:           7.1378
half duration:        4.1000
latitude:            24.9145
longitude:          141.8678
depth:              534.8837
Mrr:           -2.952763E+25
Mtt:            1.723395E+25
Mpp:            1.229368E+25
Mrt:            5.419815E+24
Mrp:           -3.767840E+25
Mtp:           -3.364881E+25
