 PDE 2000  2  3 15 53 13.00  75.2700   10.1900  10.0 5.5 5.0 SVALBARD REGION - INV
event name:     C020300C
time shift:      4.2000
half duration:   1.4000
latitude:       75.1600
longitude:       9.4500
depth:          16.4000
Mrr:       0.171993E+25
Mtt:       0.663027E+23
Mpp:      -0.178622E+25
Mrt:      -0.974954E+24
Mrp:       0.730226E+24
Mtp:      -0.586094E+24
