 PDE 2003  2  1 18 47 52.20  57.4500  -33.3400  10.0 5.3 5.5 REYKJANES RIDGE - INV
event name:     C020103D
time shift:      4.9700
half duration:   1.5000
latitude:       57.4700
longitude:     -33.0300
depth:           4.0621
Mrr:      -0.340498E+25
Mtt:       0.333547E+24
Mpp:       0.307143E+25
Mrt:       0.968348E+24
Mrp:       0.214272E+25
Mtp:       0.103118E+25
