 PDE 2002  2  3  7 11 28.40  38.5700   31.2700   5.0 5.7 6.4 TURKEY - INV
event name:     C020302A
time shift:     13.5000
half duration:   4.4000
latitude:       38.6212
longitude:      31.2137
depth:           7.3600
Mrr:      -0.451583E+26
Mtt:       0.520727E+26
Mpp:      -0.691433E+25
Mrt:      -0.188306E+26
Mrp:      -0.123449E+26
Mtp:       0.155271E+26
