 PDE 2002 02 01 21 55 21.00   45.4600  136.7200 355.5 6.2 0.0 PRIMOR'YE, RUSSIA
event name:         C020102B
time shift:           2.2106
half duration:        2.0000
latitude:            45.4998
longitude:          136.6468
depth:              364.5895
Mrr:           -2.120069E+24
Mtt:            2.894811E+24
Mpp:           -7.747419E+23
Mrt:           -8.039440E+24
Mrp:           -1.781961E+24
Mtp:           -3.258474E+24
