 PDE 1998  2 16 23 53 19.70  52.7200  -33.6800  10.0 6.1 6.6 NORTH ATLANTIC OCEAN
event name:     C021698C
time shift:      7.3000
half duration:   5.7000
latitude:       52.7600
longitude:     -33.7800
depth:          15.0000
Mrr:      -0.103736E+26
Mtt:      -0.254427E+26
Mpp:       0.358164E+26
Mrt:       0.603855E+26
Mrp:       0.257703E+26
Mtp:      -0.143375E+27
