 PDE 2001  2 13 14 22  5.80  13.6700  -88.9400  10.0 6.5 6.5 EL SALVADOR
event name:     021301B
time shift:     10.5978
half duration:   4.6000
latitude:       13.9750
longitude:     -88.9946
depth:          12.2856
Mrr:      -2.327485e+24
Mtt:      -1.869579e+25
Mpp:       2.102328e+25
Mrt:      -5.663701e+24
Mrp:       2.345255e+25
Mtp:      -7.202550e+25
