 PDE 2004  2 11  8 15  3.80  31.6700   35.5500  26.7 5.1 4.8 DEAD SEA REGION - INV
event name:     C021104D
time shift:      2.7500
half duration:   1.1000
latitude:       31.6325
longitude:      35.3162
depth:          27.3828
Mrr:      -0.319924E+24
Mtt:       0.449185E+24
Mpp:      -0.129261E+24
Mrt:      -0.470759E+24
Mrp:      -0.229899E+24
Mtp:      -0.540888E+24
