 PDE 2000 02 15 02 05 00.50   17.6700  145.4000 521.5 5.9 0.0 MARIANA ISLANDS
event name:         C021500A
time shift:           5.2202
half duration:        2.2000
latitude:            17.6723
longitude:          145.5304
depth:              524.9947
Mrr:           -5.071839E+24
Mtt:            1.426156E+24
Mpp:            3.645682E+24
Mrt:           -4.067784E+24
Mrp:           -2.753107E+24
Mtp:            3.447712E+24
