 PDE 2000 02 13 02 57 08.70   42.8500  131.5700 513.6 5.4 0.0 E. RUSSIA-N.E. CHINA BORDER REG.
event name:         C021300B
time shift:           3.3855
half duration:        2.4000
latitude:            42.7716
longitude:          131.6377
depth:              522.1070
Mrr:           -1.177360E+24
Mtt:            1.078020E+25
Mpp:           -9.602854E+24
Mrt:           -1.002274E+24
Mrp:           -5.751098E+24
Mtp:           -6.631890E+24
