 PDE 2001 02 16 05 59 09.50   -7.1600  117.4900 521.0 5.9 0.0 BALI SEA
event name:         C021601C
time shift:           3.4235
half duration:        2.7000
latitude:            -7.1085
longitude:          117.6064
depth:              531.8142
Mrr:           -1.413047E+25
Mtt:            1.336538E+25
Mpp:            7.651107E+23
Mrt:            6.776162E+24
Mrp:           -5.172390E+24
Mtp:            3.484223E+24
