 PDE 1997  2 28 12 57 18.60  38.0800   48.0500  10.0 5.5 6.1 N.W. IRAN-USSR BORDER RE - INV
event name:     C022897D
time shift:      6.2000
half duration:   2.8000
latitude:       38.2990
longitude:      48.0643
depth:           8.8037
Mrr:      -0.323241E+25
Mtt:      -0.126061E+25
Mpp:       0.449301E+25
Mrt:       0.122537E+26
Mrp:       0.312909E+25
Mtp:      -0.127835E+26
