 PDE 2004  2 21  2 34 42.70 -58.4200  -14.9600  10.0 6.6 6.5 EAST OF SOUTH SANDWICH ISLANDS
event name:     022104A
time shift:      9.7496
half duration:   4.8000
latitude:      -58.6132
longitude:     -14.9403
depth:          11.8512
Mrr:      -8.105390e+24
Mtt:      -2.340293e+25
Mpp:       3.150832e+25
Mrt:       2.778547e+25
Mrp:       5.893979e+24
Mtp:       1.048831e+26
