 PDE 2001  2 28 12 30 14.10 -21.9900  170.2100  10.0 6.6 6.5 SOUTHEAST OF LOYALTY ISLANDS
event name:     022801E
time shift:     10.2650
half duration:   5.3000
latitude:      -22.1097
longitude:     169.8466
depth:          17.1087
Mrr:       1.030962e+26
Mtt:      -4.441256e+25
Mpp:      -5.868357e+25
Mrt:       4.958429e+25
Mrp:      -5.281944e+25
Mtp:       5.742048e+25
