 PDE 2004  2 24  2 27 46.20  35.1400   -4.0000   0.0 6.2 6.4 STRAIT OF GIBRALTAR - INV
event name:     C022404C
time shift:      8.5200
half duration:   3.5000
latitude:       35.2808
longitude:      -3.8393
depth:          12.6391
Mrr:      -0.114491E+26
Mtt:      -0.169206E+26
Mpp:       0.283697E+26
Mrt:      -0.408195E+25
Mrp:      -0.150659E+26
Mtp:      -0.225387E+26
