 PDE 2001 02 26 05 58 22.40   46.8100  144.5200 392.0 5.8 0.0 SEA OF OKHOTSK
event name:         C022601C
time shift:           3.9536
half duration:        2.7000
latitude:            46.7893
longitude:          144.5410
depth:              393.8168
Mrr:            6.083646E+24
Mtt:            5.279185E+24
Mpp:           -1.136284E+25
Mrt:            1.138074E+25
Mrp:           -9.741183E+23
Mtp:           -6.029345E+24
