 PDE 2001  2 28 18 54 32.80  47.1500 -122.7300  51.9 6.8 6.6 WASHINGTON
event name:     022801L
time shift:      4.1222
half duration:   6.1000
latitude:       47.1434
longitude:    -122.5787
depth:          43.9824
Mrr:      -8.987721e+25
Mtt:      -3.808685e+24
Mpp:       9.368589e+25
Mrt:      -3.142857e+24
Mrp:      -1.335875e+26
Mtp:      -2.891663e+24
