 PDE 2000  3  3 22 22 40.70  -6.8200  143.8100  10.0 6.5 6.7 NEW GUINEA, PAPUA NEW GUINEA
event name:     030300D
time shift:      8.6761
half duration:   4.7000
latitude:       -6.9086
longitude:     143.8226
depth:          14.9306
Mrr:       8.152779e+25
Mtt:      -5.438538e+25
Mpp:      -2.714242e+25
Mrt:       3.350081e+25
Mrp:      -9.504745e+24
Mtp:       4.310325e+25
