 PDE 2003  3 11  7 27 32.70  -4.6900  153.2400  40.2 6.8 6.8 NEW IRELAND REGION, P.N.G.
event name:     031103A
time shift:     12.7811
half duration:   6.0000
latitude:       -4.5190
longitude:     153.0470
depth:          33.9979
Mrr:       5.783671e+25
Mtt:       1.176240e+26
Mpp:      -1.754607e+26
Mrt:      -8.774505e+25
Mrp:      -2.374804e+25
Mtp:      -2.541572e+25
