 PDE 1996 03 16 22 04 06.20   28.9800  138.9400 477.0 5.9 0.0 BONIN ISLANDS, JAPAN REGION
event name:         C031696C
time shift:           5.8118
half duration:        5.0000
latitude:            29.1192
longitude:          139.1102
depth:              475.6294
Mrr:           -2.972706E+25
Mtt:            5.849287E+25
Mpp:           -2.876584E+25
Mrt:            5.436250E+25
Mrp:           -9.191431E+25
Mtp:           -1.349568E+25
