 PDE 2004  3 17  5 21  0.80  34.5900   23.3300  24.5 5.9 5.7 CRETE, GREECE - INV
event name:     C031704C
time shift:      3.9100
half duration:   2.5000
latitude:       34.4574
longitude:      23.2566
depth:          23.8265
Mrr:       0.101959E+24
Mtt:       0.338050E+25
Mpp:      -0.348249E+25
Mrt:       0.810316E+24
Mrp:      -0.860444E+24
Mtp:      -0.125711E+26
