  PDE 1998  3 23 19 30 13.70  71.4900   -4.5600  10.0 5.3 4.9 JAN MAYEN ISLAND REGION - INV
event name:     C032398E
time shift:      0.8000
half duration:   1.0000
latitude:       71.5400
longitude:      -5.2400
depth:          10.6675
Mrr:      -0.847471E+24
Mtt:       0.535018E+24
Mpp:       0.312453E+24
Mrt:      -0.103982E+25
Mrp:      -0.723969E+24
Mtp:       0.984169E+24
