 PDE 1997 03 25 16 44 32.60   -9.0600  -71.2900 603.0 5.4 0.0 PERU-BRAZIL BORDER REGION
event name:         C032597I
time shift:           5.4049
half duration:        2.4000
latitude:            -8.8667
longitude:          -71.2537
depth:              613.8676
Mrr:           -1.266262E+25
Mtt:            2.130618E+24
Mpp:            1.053198E+25
Mrt:           -1.131774E+24
Mrp:            7.231324E+24
Mtp:           -4.475385E+24
