 PDE 1998  3 21 16 33 11.00  79.8900    1.8600  10.0 5.9 6.1 GREENLAND SEA - INV
event name:     C032198C
time shift:      8.5000
half duration:   3.2000
latitude:       79.8400
longitude:       1.5800
depth:          15.0678
Mrr:       0.188732E+24
Mtt:      -0.312544E+26
Mpp:       0.310656E+26
Mrt:       0.803038E+24
Mrp:      -0.242424E+25
Mtp:      -0.874397E+25
