 PDE 2003  3 29 17 42 15.70  43.1100   15.4600  10.0 5.5 5.3 ADRIATIC SEA - INV
event name:     C032903B
time shift:      2.0100
half duration:   1.3000
latitude:       42.8732
longitude:      15.2427
depth:          10.8766
Mrr:       0.210306E+25
Mtt:      -0.175261E+25
Mpp:      -0.350451E+24
Mrt:      -0.888643E+24
Mrp:       0.344868E+24
Mtp:       0.674422E+24
