 PDE 1995 03 31 14 01 40.80   38.1500  135.0600 365.0 6.0 0.0 SEA OF JAPAN
event name:         C033195B
time shift:           2.6254
half duration:        2.8000
latitude:            38.1646
longitude:          135.1097
depth:              364.1566
Mrr:           -1.045506E+24
Mtt:            4.591538E+24
Mpp:           -3.546033E+24
Mrt:           -3.365496E+24
Mrp:           -2.420212E+25
Mtp:           -5.692851E+24
