 PDE 1999 04 08 13 10 34.10   43.6100  130.3500 565.7 6.4 0.0 E. RUSSIA-N.E. CHINA BORDER REG.
event name:         C040899B
time shift:           5.8424
half duration:        8.3000
latitude:            43.6556
longitude:          130.4728
depth:              573.4421
Mrr:            1.778038E+26
Mtt:           -1.430253E+26
Mpp:           -3.477844E+25
Mrt:           -4.387320E+24
Mrp:           -5.441763E+26
Mtp:           -2.394627E+26
