 PDE 2001  4  9  9  0 57.20 -32.6700  -73.1100  11.0 6.7 6.3 OFF COAST OF CENTRAL CHILE
event name:     040901A
time shift:     10.1623
half duration:   5.2000
latitude:      -32.8855
longitude:     -73.2864
depth:          11.1547
Mrr:      -1.294289e+26
Mtt:       3.623036e+25
Mpp:       9.319861e+25
Mrt:      -1.676580e+23
Mrp:      -6.197747e+24
Mtp:       8.687499e+25
