 PDE 1999 04 09 12 16 01.90  -26.3500  178.2200 621.2 5.5 0.0 SOUTH OF FIJI ISLANDS
event name:         C040999B
time shift:           3.3063
half duration:        3.3000
latitude:           -26.3597
longitude:          178.2899
depth:              629.3939
Mrr:            4.263110E+24
Mtt:           -1.340802E+25
Mpp:            9.144894E+24
Mrt:           -7.301832E+24
Mrp:           -1.301227E+25
Mtp:           -1.230764E+25
