 PDE 1998  4 12 10 55 32.50  46.2400   13.6500  10.0 5.3 5.7 AUSTRIA - INV
event name:     C041298C
time shift:      4.2000
half duration:   1.7000
latitude:       46.3815
longitude:      13.5130
depth:           9.2324
Mrr:       0.230820E+24
Mtt:      -0.308351E+25
Mpp:       0.285270E+25
Mrt:       0.179419E+25
Mrp:      -0.721147E+24
Mtp:      -0.559447E+24
