 PDE 1999  4 13 10 38 48.40 -21.4200 -176.4600 164.2 6.8 0.0 FIJI ISLANDS REGION
event name:     041399B
time shift:      6.1471
half duration:   6.3000
latitude:      -21.5408
longitude:    -175.9286
depth:         168.1517
Mrr:      -1.740499e+25
Mtt:       2.784986e+25
Mpp:      -1.044486e+25
Mrt:      -5.088201e+25
Mrp:      -1.847103e+26
Mtp:       3.976197e+25
