 PDE 2004  4 14 23  7 39.90  71.0700   -7.7500  12.2 5.8 5.6 JAN MAYEN ISLAND REGION - INV
event name:     C041404F
time shift:      3.9100
half duration:   2.3000
latitude:       71.0553
longitude:      -7.3836
depth:          14.0083
Mrr:      -0.138588E+25
Mtt:       0.926820E+25
Mpp:      -0.788233E+25
Mrt:      -0.281809E+24
Mrp:       0.107887E+25
Mtp:       0.935234E+25
