 PDE 1998 04 14 03 41 22.30  -23.8200 -179.8700 498.6 5.5 0.0 SOUTH OF FIJI ISLANDS
event name:         C041498B
time shift:           4.6718
half duration:        2.7000
latitude:           -23.7361
longitude:         -179.8063
depth:              506.9574
Mrr:           -5.664251E+24
Mtt:            7.011044E+23
Mpp:            4.963147E+24
Mrt:            9.030878E+24
Mrp:           -1.597212E+25
Mtp:           -3.482685E+23
