 PDE 2003  4 10  0 40 15.10  38.2200   26.9600  10.0 5.3 5.6 AEGEAN SEA - INV
event name:     C041003A
time shift:      5.8900
half duration:   1.7000
latitude:       38.0498
longitude:      26.8880
depth:          16.7527
Mrr:      -0.171817E+25
Mtt:       0.370690E+25
Mpp:      -0.198873E+25
Mrt:       0.555776E+24
Mrp:       0.132278E+24
Mtp:      -0.289947E+25
