 PDE 2001  4 19 21 43 42.30  -7.4100  155.8700  17.0 6.6 6.6 SOLOMON ISLANDS
event name:     041901I
time shift:      8.0187
half duration:   5.1000
latitude:       -7.5806
longitude:     155.7711
depth:          17.7684
Mrr:       1.049830e+26
Mtt:      -6.934992e+25
Mpp:      -3.563311e+25
Mrt:       7.117237e+25
Mrp:      -2.495115e+25
Mtp:       5.300586e+25
