 PDE 2002  4 18 16  8 36.80 -27.5300  -70.5900  62.0 6.6 0.0 NEAR COAST OF NORTHERN CHILE
event name:     041802F
time shift:      3.9489
half duration:   4.6000
latitude:      -27.4434
longitude:     -70.7571
depth:          52.3733
Mrr:       4.477252e+25
Mtt:       2.906291e+25
Mpp:      -7.383544e+25
Mrt:       8.787374e+24
Mrp:       5.022914e+25
Mtp:      -7.627670e+25
