 PDE 2003 04 29 13 53 17.30   43.7100  147.8000  62.5 6.0 0.0 KURIL ISLANDS
event name:         C042903D
time shift:           2.8772
half duration:        2.2000
latitude:            43.6840
longitude:          147.9753
depth:               63.7311
Mrr:            4.525412E+24
Mtt:            6.012787E+23
Mpp:           -5.126692E+24
Mrt:            7.367520E+24
Mrp:            2.795606E+24
Mtp:           -5.118474E+24
