 PDE 1994 04 29 07 11 30.30  -28.3000  -63.1700 573.0 6.4 0.0 SANTIAGO DEL ESTERO PROV., ARG.
event name:         C042994A
time shift:           4.8831
half duration:        6.9000
latitude:           -28.5060
longitude:          -63.2219
depth:              568.3986
Mrr:           -1.813424E+26
Mtt:           -4.001316E+24
Mpp:            1.853438E+26
Mrt:           -5.425331E+25
Mrp:            2.101012E+26
Mtp:            1.376596E+25
