 PDE 1999 04 26 18 17 26.20   -1.6500  -77.7800 172.6 5.6 0.0 ECUADOR
event name:         C042699C
time shift:           4.7013
half duration:        2.6000
latitude:            -1.4969
longitude:          -77.8232
depth:              162.0295
Mrr:           -1.061591E+25
Mtt:            1.821184E+24
Mpp:            8.794729E+24
Mrt:            8.421572E+24
Mrp:           -4.132087E+24
Mtp:           -8.799049E+24
