 PDE 2003 04 27 16 03 40.40  -20.9400  169.7700  77.4 6.0 0.0 VANUATU ISLANDS
event name:         C042703A
time shift:           5.4627
half duration:        3.3000
latitude:           -20.9473
longitude:          169.7146
depth:               77.8688
Mrr:           -1.137718E+25
Mtt:            2.663119E+25
Mpp:           -1.525398E+25
Mrt:           -5.511927E+24
Mrp:            1.645344E+25
Mtp:            1.966306E+25
