 PDE 2001 04 28 04 49 53.40  -18.0600 -176.9400 351.8 6.2 0.0 FIJI ISLANDS REGION
event name:         C042801B
time shift:           7.1698
half duration:        6.4000
latitude:           -18.0609
longitude:         -176.6917
depth:              365.2056
Mrr:            1.373141E+25
Mtt:           -4.370147E+25
Mpp:            2.997004E+25
Mrt:           -1.377637E+26
Mrp:           -1.672946E+26
Mtp:           -7.203195E+25
