 PDE 2002  4 24 10 51 50.90  42.4400   21.4700  10.0 5.6 5.6 YUGOSLAVIA - INV
event name:     C042402C
time shift:      4.1000
half duration:   1.9000
latitude:       42.1700
longitude:      21.5300
depth:          15.0000
Mrr:      -0.460606E+25
Mtt:       0.346413E+25
Mpp:       0.114191E+25
Mrt:       0.239166E+24
Mrp:      -0.648814E+24
Mtp:       0.172108E+25
