 PDE 1998  4 23  3 36 56.00  79.5700    3.6500  10.0 4.7 4.7 GREENLAND SEA - INV
event name:     C042398A
time shift:      6.3000
half duration:   1.0000
latitude:       79.4600
longitude:       2.5900
depth:          10.3372
Mrr:      -0.808908E+24
Mtt:       0.130291E+24
Mpp:       0.678616E+24
Mrt:       0.245915E+24
Mrp:      -0.227632E+24
Mtp:       0.459439E+24
