 PDE 2004  4 23  1 50 30.20  -9.3600  122.8400  65.8 6.6 0.0 SAVU SEA
event name:     042304A
time shift:      3.2792
half duration:   5.2000
latitude:       -9.6893
longitude:     123.0188
depth:          53.4054
Mrr:      -3.805861e+25
Mtt:       5.937770e+25
Mpp:      -2.131909e+25
Mrt:       1.007992e+26
Mrp:       4.057039e+25
Mtp:      -2.746713e+25
