 PDE 2000 04 23 09 27 23.30  -28.3100  -62.9900 608.5 6.6 0.0 SANTIAGO DEL ESTERO PROV., ARG.
event name:         C042300B
time shift:           5.5552
half duration:        7.1000
latitude:           -28.4139
longitude:          -63.0247
depth:              610.4726
Mrr:           -3.300135E+25
Mtt:            8.435385E+24
Mpp:            2.456596E+25
Mrt:           -5.106676E+25
Mrp:            3.582135E+26
Mtp:           -2.994093E+25
