 PDE 1997 05 03 16 46 02.00  -31.7900 -179.3800 108.0 6.6 0.0 KERMADEC ISLANDS REGION
event name:         C050397C
time shift:           6.9392
half duration:        7.0000
latitude:           -31.7113
longitude:         -179.0610
depth:              119.9250
Mrr:           -1.137838E+26
Mtt:           -1.582720E+26
Mpp:            2.720556E+26
Mrt:           -1.872266E+26
Mrp:           -1.345909E+26
Mtp:            6.080738E+25
