 PDE 2004  5  5 13 39 43.90  38.5100   14.8100 228.9 5.4 0.0 SICILY, ITALY - INV
event name:     C050504D
time shift:      2.7200
half duration:   1.3000
latitude:       38.6152
longitude:      14.7537
depth:         236.8735
Mrr:      -0.775549E+24
Mtt:       0.180858E+23
Mpp:       0.757462E+24
Mrt:      -0.154273E+25
Mrp:      -0.126943E+21
Mtp:       0.994958E+24
