 PDE 1995 05 06 01 59 07.50   25.0100   95.3300 122.0 6.4 0.0 MYANMAR-INDIA BORDER REGION
event name:         C050695A
time shift:           5.2217
half duration:        3.9000
latitude:            24.8217
longitude:           95.0357
depth:              134.3104
Mrr:            4.632791E+25
Mtt:           -4.518680E+25
Mpp:           -1.141106E+24
Mrt:            6.090027E+24
Mrp:           -2.215984E+25
Mtp:            2.290627E+25
