 PDE 1996 05 02 13 34 28.90   -4.5500  154.8300 500.0 5.6 0.0 SOLOMON ISLANDS
event name:         C050296F
time shift:           9.3142
half duration:        4.8000
latitude:            -4.4181
longitude:          155.0210
depth:              509.8984
Mrr:           -5.443660E+25
Mtt:            8.101595E+25
Mpp:           -2.657938E+25
Mrt:            7.836271E+25
Mrp:            3.650457E+25
Mtp:           -8.771942E+24
