 PDE 2001 05 09 17 38 26.10  -10.3200  161.2300  67.9 6.0 5.9 SOLOMON ISLANDS
event name:         C050901D
time shift:           4.8249
half duration:        3.3000
latitude:           -10.2587
longitude:          161.4024
depth:               54.6901
Mrr:            1.898928E+25
Mtt:           -4.348297E+24
Mpp:           -1.464099E+25
Mrt:           -2.224010E+24
Mrp:           -1.451449E+25
Mtp:            2.012264E+25
