 PDE 2000 05 04 20 36 32.50  -17.9100 -178.5200 515.8 5.6 0.0 FIJI ISLANDS REGION
event name:         C050400K
time shift:           5.7557
half duration:        4.2000
latitude:           -17.7273
longitude:         -178.3127
depth:              536.1711
Mrr:            1.589365E+25
Mtt:            4.653907E+25
Mpp:           -6.243275E+25
Mrt:           -2.456269E+25
Mrp:           -1.251584E+25
Mtp:            2.042199E+25
