 PDE 2003  5  7 13 10 29.20  50.1800  -30.0700  10.0 5.2 4.5 NORTHERN MID-ATLANTIC RI - INV
event name:     C050703B
time shift:      4.0400
half duration:   0.9000
latitude:       50.2992
longitude:     -29.7574
depth:           7.5646
Mrr:      -0.223617E+22
Mtt:       0.170217E+24
Mpp:      -0.167980E+24
Mrt:       0.439487E+24
Mrp:      -0.804953E+23
Mtp:       0.450293E+24
