 PDE 2003 05 05 23 04 45.70    3.7100  127.9500  56.0 6.0 5.7 TALAUD ISLANDS, INDONESIA
event name:         C050503D
time shift:           3.9950
half duration:        2.6000
latitude:             3.6727
longitude:          127.9147
depth:               49.3272
Mrr:            1.369488E+25
Mtt:            2.114827E+24
Mpp:           -1.580970E+25
Mrt:            7.280716E+24
Mrp:           -1.765687E+24
Mtp:           -2.297909E+24
