 PDE 2003 05 05 15 50 08.50    0.2200  127.3500 123.6 5.9 0.0 HALMAHERA, INDONESIA
event name:         C050503C
time shift:           6.1944
half duration:        3.7000
latitude:             0.4310
longitude:          127.3827
depth:              121.5942
Mrr:           -5.382039E+24
Mtt:            4.148922E+25
Mpp:           -3.610721E+25
Mrt:            8.086634E+24
Mrp:            1.565181E+25
Mtp:            1.585515E+25
