 PDE 1995 05 02 06 06 05.90   -3.8500  -76.9600 103.0 6.5 0.0 NORTHERN PERU
event name:         C050295B
time shift:           5.7669
half duration:        5.6000
latitude:            -3.7705
longitude:          -77.0674
depth:              105.9072
Mrr:           -1.330890E+26
Mtt:            2.131925E+25
Mpp:            1.117696E+26
Mrt:           -3.463044E+25
Mrp:            3.358075E+25
Mtp:           -5.224535E+25
