 PDE 2003  5  4 13 15 18.70 -30.5300 -178.2300  62.4 6.7 6.5 KERMADEC ISLANDS, NEW ZEALAND
event name:     050403A
time shift:      4.4639
half duration:   5.2000
latitude:      -30.6449
longitude:    -177.7729
depth:          38.5774
Mrr:       1.000028e+26
Mtt:       1.205870e+24
Mpp:      -1.012087e+26
Mrt:       1.165158e+25
Mrp:       6.889027e+25
Mtp:      -3.113237e+25
