 PDE 2000 05 08 10 28 25.20   -4.4600  150.0000 502.0 5.7 0.0 NEW BRITAIN REGION, P.N.G.
event name:         C050800C
time shift:           3.7035
half duration:        2.7000
latitude:            -4.3807
longitude:          150.1287
depth:              496.3626
Mrr:           -1.264678E+25
Mtt:            5.469483E+24
Mpp:            7.177309E+24
Mrt:           -8.986327E+24
Mrp:           -9.637698E+23
Mtp:            1.077311E+25
