 PDE 2002 05 08 05 26 00.40  -17.9500 -174.5700 130.8 5.4 0.0 TONGA ISLANDS
event name:         C050802B
time shift:           5.5374
half duration:        3.3000
latitude:           -17.8514
longitude:         -174.0759
depth:              136.5338
Mrr:           -9.401571E+24
Mtt:            4.539898E+24
Mpp:            4.861673E+24
Mrt:           -2.463521E+24
Mrp:           -2.707451E+25
Mtp:            9.526400E+24
