 PDE 1996 05 07 23 20 00.60   43.7100  147.6100  54.0 6.2 5.6 KURIL ISLANDS
event name:         C050796F
time shift:           4.0259
half duration:        3.0000
latitude:            43.6732
longitude:          147.6841
depth:               52.9945
Mrr:            1.332684E+25
Mtt:            1.782317E+24
Mpp:           -1.510917E+25
Mrt:            1.435223E+25
Mrp:            7.733002E+24
Mtp:           -1.023339E+25
