 PDE 2000 05 12 23 10 30.00   35.9700   70.6600 107.7 6.2 0.0 HINDU KUSH REGION, AFGHANISTAN
event name:         C051200D
time shift:           2.4099
half duration:        3.4000
latitude:            36.0307
longitude:           70.5244
depth:               96.3101
Mrr:           -5.780158E+24
Mtt:            1.138933E+25
Mpp:           -5.609174E+24
Mrt:            2.522190E+25
Mrp:            1.576680E+25
Mtp:            3.779910E+24
