 PDE 2003 05 19 10 43 22.70  -18.0400 -178.6700 563.8 5.7 0.0 FIJI ISLANDS REGION
event name:         C051903B
time shift:           4.2832
half duration:        2.2000
latitude:           -18.0182
longitude:         -178.4201
depth:              577.3844
Mrr:            9.057985E+24
Mtt:           -4.651137E+24
Mpp:           -4.406849E+24
Mrt:            2.820061E+24
Mrp:           -5.680941E+24
Mtp:            2.798067E+24
