 PDE 1999 05 18 04 19 53.30   -5.6500  148.5300 127.3 5.5 0.0 NEW BRITAIN REGION, P.N.G.
event name:         C051899B
time shift:           4.0582
half duration:        2.6000
latitude:            -5.8877
longitude:          148.6002
depth:              121.9026
Mrr:            1.956741E+24
Mtt:            1.103167E+25
Mpp:           -1.298841E+25
Mrt:           -7.541788E+24
Mrp:           -3.388178E+24
Mtp:           -5.620406E+24
