 PDE 2002  5 17 10 40 10.80  48.1700  -27.8100  10.0 5.7 5.4 NORTH ATLANTIC RIDGE - INV
event name:     C051702A
time shift:      4.8000
half duration:   1.6000
latitude:       48.2937
longitude:     -27.6327
depth:           9.9400
Mrr:      -0.909117E+24
Mtt:      -0.267624E+25
Mpp:       0.358536E+25
Mrt:       0.183034E+25
Mrp:       0.334411E+24
Mtp:       0.126089E+25
