 PDE 1999  5 17 10  7 56.50  -5.1600  152.8800  27.0 6.6 6.9 NEW BRITAIN REGION, P.N.G.
event name:     051799B
time shift:      5.6691
half duration:   5.1000
latitude:       -5.4021
longitude:     152.7778
depth:          23.0216
Mrr:       3.393232e+25
Mtt:      -3.681410e+25
Mpp:       2.881779e+24
Mrt:       6.470516e+25
Mrp:       9.075321e+24
Mtp:       4.646821e+24
