 PDE 2000 05 12 18 43 18.10  -23.5500  -66.4500 225.0 6.2 0.0 JUJUY PROVINCE, ARGENTINA
event name:         C051200C
time shift:           8.4047
half duration:        8.4000
latitude:           -23.7196
longitude:          -66.8485
depth:              223.7757
Mrr:           -2.550760E+26
Mtt:           -2.646115E+25
Mpp:            2.815371E+26
Mrt:           -6.006231E+25
Mrp:           -7.330399E+26
Mtp:            9.490418E+25
