 PDE 2003  5 14  6  3 35.90  18.2700  -58.6300  41.5 6.6 6.5 NORTH ATLANTIC OCEAN
event name:     051403B
time shift:      6.2337
half duration:   4.8000
latitude:       18.2891
longitude:     -58.7445
depth:          40.5052
Mrr:       3.496823e+25
Mtt:      -9.598294e+25
Mpp:       6.101472e+25
Mrt:       1.143348e+25
Mrp:      -5.547060e+25
Mtp:      -4.851596e+25
