 PDE 1998 05 15 05 58 06.00   14.1800  144.8800 154.1 5.7 0.0 MARIANA ISLANDS
event name:         C051598B
time shift:           6.0576
half duration:        2.6000
latitude:            13.9982
longitude:          144.9994
depth:              163.7008
Mrr:            4.891957E+24
Mtt:           -1.914836E+24
Mpp:           -2.977121E+24
Mrt:            1.047963E+25
Mrp:           -1.568876E+24
Mtp:           -9.455567E+24
