 PDE 1994 05 10 06 36 28.70  -28.5000  -63.0600 605.0 6.4 0.0 SANTIAGO DEL ESTERO PROV., ARG.
event name:         C051094C
time shift:           4.3511
half duration:        6.8000
latitude:           -28.6161
longitude:          -63.0261
depth:              603.7488
Mrr:           -6.026140E+25
Mtt:            1.216791E+26
Mpp:           -6.141775E+25
Mrt:           -6.603872E+25
Mrp:            3.087819E+26
Mtp:           -1.273068E+25
