 PDE 1997 05 13 14 13 45.70   36.4100   70.9400 196.0 6.1 0.0 HINDU KUSH REGION, AFGHANISTAN
event name:         C051397C
time shift:           3.9887
half duration:        4.0000
latitude:            36.5118
longitude:           70.6927
depth:              186.2534
Mrr:            5.782372E+25
Mtt:           -5.546012E+25
Mpp:           -2.363607E+24
Mrt:            1.567624E+25
Mrp:            3.102306E+25
Mtp:           -1.851415E+25
