 PDE 2001 05 19 17 36 25.60  -19.9000 -177.5100 368.7 5.9 0.0 FIJI ISLANDS REGION
event name:         C051901A
time shift:           5.3378
half duration:        2.4000
latitude:           -19.8709
longitude:         -177.2307
depth:              389.0495
Mrr:           -7.060177E+24
Mtt:           -5.298163E+23
Mpp:            7.589993E+24
Mrt:           -3.581264E+24
Mrp:           -8.344892E+24
Mtp:           -4.788545E+23
