 PDE 1998 05 16 02 22 03.20  -22.2300 -179.5200 586.1 6.1 0.0 SOUTH OF FIJI ISLANDS
event name:         C051698B
time shift:           5.8913
half duration:        6.5000
latitude:           -22.2606
longitude:         -179.3532
depth:              604.6954
Mrr:           -5.242012E+25
Mtt:           -1.106856E+25
Mpp:            6.348869E+25
Mrt:           -9.001561E+25
Mrp:           -2.289249E+26
Mtp:           -2.682729E+24
