 PDE 2002  5 21 20 53 29.70  36.6300   24.2700  97.1 5.4 0.0 SOUTHERN GREECE - INV
event name:     C052102F
time shift:      4.0000
half duration:   2.2000
latitude:       36.3400
longitude:      24.4100
depth:          99.8904
Mrr:       0.175268E+24
Mtt:       0.211760E+25
Mpp:      -0.229287E+25
Mrt:      -0.666154E+24
Mrp:       0.179166E+25
Mtp:      -0.973165E+25
