 PDE 2001 05 26 10 57 26.10  -20.2900 -177.8400 406.5 5.3 0.0 FIJI ISLANDS REGION
event name:         C052601C
time shift:           3.6492
half duration:        3.8000
latitude:           -20.2433
longitude:         -177.6521
depth:              410.1787
Mrr:            3.131902E+24
Mtt:           -4.141683E+25
Mpp:            3.828495E+25
Mrt:           -1.729996E+25
Mrp:           -9.005306E+24
Mtp:           -1.860960E+24
