 PDE 2000  5 21 19 58 47.40  71.1900   -8.2600  10.0 5.3 5.6 JAN MAYEN ISLAND REGION - INV
event name:     C052100C
time shift:      8.4000
half duration:   2.4000
latitude:       71.0800
longitude:      -9.0000
depth:          18.0366
Mrr:      -0.153261E+25
Mtt:       0.822899E+25
Mpp:      -0.669638E+25
Mrt:      -0.204880E+25
Mrp:       0.356203E+25
Mtp:       0.892767E+25
