 PDE 2003 05 26 23 13 29.70    6.7600  123.7100 565.8 6.2 0.0 MINDANAO, PHILIPPINES
event name:         C052603E
time shift:           6.4825
half duration:        6.3000
latitude:             6.8951
longitude:          123.8417
depth:              578.5726
Mrr:           -7.989835E+25
Mtt:           -3.861920E+25
Mpp:            1.185175E+26
Mrt:            1.288942E+26
Mrp:           -1.851512E+26
Mtp:            5.947822E+25
