 PDE 2001 05 28 08 37 05.10   -6.6100  132.3500  33.0 5.9 5.3 TANIMBAR ISLANDS REG., INDONESIA
event name:         C052801B
time shift:           7.8817
half duration:        2.6000
latitude:            -6.3496
longitude:          132.1736
depth:               48.9705
Mrr:           -2.487154E+24
Mtt:           -5.052743E+24
Mpp:            7.539898E+24
Mrt:           -3.900067E+24
Mrp:            1.083463E+25
Mtp:            4.885168E+24
