 PDE 1998 05 23 17 44 47.80    8.1400  123.7300 657.8 5.9 0.0 MINDANAO, PHILIPPINES
event name:         C052398F
time shift:           1.5232
half duration:        2.5000
latitude:             8.2806
longitude:          123.8562
depth:              628.3597
Mrr:           -9.928873E+24
Mtt:            5.672459E+24
Mpp:            4.256413E+24
Mrt:           -5.966042E+24
Mrp:           -9.235710E+24
Mtp:            6.468307E+24
