 PDE 2003  5 27 17 11 28.80  36.9400    3.5800   8.0 5.5 5.5 NORTHERN ALGERIA - INV
event name:     C052703I
time shift:      6.7400
half duration:   1.7000
latitude:       36.9417
longitude:       3.7789
depth:          14.1075
Mrr:       0.407208E+25
Mtt:      -0.367922E+25
Mpp:      -0.392861E+24
Mrt:      -0.205905E+25
Mrp:      -0.885493E+24
Mtp:      -0.162090E+25
