 PDE 2000  5 24  5 40 37.70  36.0400   22.0100  33.0 5.3 5.6 SOUTHERN GREECE - INV
event name:     C052400B
time shift:      4.8000
half duration:   1.9000
latitude:       35.8000
longitude:      21.9500
depth:          27.9311
Mrr:      -0.573700E+24
Mtt:      -0.409553E+23
Mpp:       0.614653E+24
Mrt:       0.298733E+25
Mrp:       0.371036E+24
Mtp:       0.345410E+25
