 PDE 2001 05 25 05 06 10.70   -7.8700  110.1800 143.1 5.8 0.0 JAVA, INDONESIA
event name:         C052501E
time shift:           2.8272
half duration:        3.5000
latitude:            -8.0723
longitude:          110.2449
depth:              130.8401
Mrr:           -1.027433E+25
Mtt:            2.841598E+25
Mpp:           -1.814166E+25
Mrt:            2.791599E+25
Mrp:           -9.719064E+24
Mtp:           -1.682471E+24
