 PDE 2003  5 21 18 44 20.10  36.9600    3.6300  12.0 6.8 6.9 NORTHERN ALGERIA
event name:     052103H
time shift:     10.2822
half duration:   6.2000
latitude:       36.9179
longitude:       3.5396
depth:          13.1552
Mrr:       1.984700e+26
Mtt:      -1.843669e+26
Mpp:      -1.410305e+25
Mrt:      -3.890646e+25
Mrp:       3.596874e+25
Mtp:      -7.314654e+25
