 PDE 2004  5 28 12 38 44.30  36.2500   51.6200  17.0 6.2 6.4 NORTHERN AND CENTRAL IRA - INV
event name:     C052804A
time shift:      5.4000
half duration:   3.5000
latitude:       36.5500
longitude:      51.5800
depth:          23.0503
Mrr:       0.241952E+26
Mtt:      -0.151634E+26
Mpp:      -0.903169E+25
Mrt:      -0.126057E+26
Mrp:       0.163510E+26
Mtp:       0.116587E+26
