 PDE 1997 05 25 23 22 33.10  -32.1200  179.7900 333.0 6.2 0.0 SOUTH OF KERMADEC ISLANDS
event name:         C052597D
time shift:          10.2606
half duration:        8.5000
latitude:           -32.0222
longitude:         -179.9443
depth:              341.7809
Mrr:            2.206928E+26
Mtt:            1.817264E+26
Mpp:           -4.024190E+26
Mrt:           -2.777529E+26
Mrp:            3.270387E+26
Mtp:           -2.329959E+26
