 PDE 1997 05 22 07 50 53.50   18.6800 -101.6000  70.0 5.9 6.0 GUERRERO, MEXICO
event name:         C052297B
time shift:           5.1408
half duration:        4.4000
latitude:            18.7447
longitude:         -101.7383
depth:               52.3710
Mrr:           -5.344126E+25
Mtt:            5.208892E+25
Mpp:            1.352354E+24
Mrt:            3.632898E+25
Mrp:            3.480317E+24
Mtp:           -2.426121E+24
