 PDE 2001  5 25  0 40 50.60  44.2700  148.3900  33.0 6.7 6.7 KURIL ISLANDS
event name:     052501B
time shift:      9.1995
half duration:   5.6000
latitude:       44.2065
longitude:     148.5178
depth:          28.1379
Mrr:       8.097777e+25
Mtt:      -2.724357e+25
Mpp:      -5.373420e+25
Mrt:       3.979676e+25
Mrp:       9.606394e+25
Mtp:      -4.808750e+25
