 PDE 2003 05 26 09 24 33.40   38.8500  141.5700  68.0 6.7 0.0 NEAR EAST COAST OF HONSHU, JAPAN
event name:         C052603A
time shift:           6.7619
half duration:        7.7000
latitude:            38.9397
longitude:          141.5783
depth:               59.1529
Mrr:            2.502551E+26
Mtt:            4.716117E+25
Mpp:           -2.974164E+26
Mrt:           -8.991580E+25
Mrp:           -3.602331E+26
Mtp:           -2.467050E+25
