 PDE 1998  5 28 18 33 28.10  31.4000   27.6700  10.0 5.5 5.0 ARAB REPUBLIC OF EGYPT - INV
event name:     C052898E
time shift:      6.3000
half duration:   1.4000
latitude:       31.3903
longitude:      27.4071
depth:          31.6251
Mrr:       0.217743E+25
Mtt:      -0.581906E+24
Mpp:      -0.159552E+25
Mrt:      -0.297152E+23
Mrp:      -0.705482E+23
Mtp:       0.894163E+24
