 PDE 1997 05 21 14 10 26.20  -20.4400  169.2900  57.0 5.9 6.5 VANUATU ISLANDS
event name:         C052197D
time shift:           7.4592
half duration:        1.0000
latitude:           -20.3499
longitude:          169.0273
depth:               62.9563
Mrr:            1.133548E+25
Mtt:           -1.972546E+25
Mpp:            8.389984E+24
Mrt:            5.751118E+23
Mrp:           -1.030508E+26
Mtp:            1.164468E+26
