 PDE 2003  5 22  3 14  3.80  37.0800    3.6300  10.0 5.4 4.7 WESTERN MEDITERRANEAN SE - INV
event name:     C052203A
time shift:      5.4500
half duration:   0.8000
latitude:       37.2868
longitude:       3.4011
depth:          16.3224
Mrr:       0.334131E+24
Mtt:      -0.194407E+24
Mpp:      -0.139724E+24
Mrt:      -0.857380E+23
Mrp:      -0.198531E+24
Mtp:      -0.775331E+23
