  PDE 1998  6  4 21 36 54.20  63.9900  -21.2900  10.0 5.1 5.1 ICELAND REGION - INV
event name:     C060498A
time shift:      5.9000
half duration:   1.3000
latitude:       63.8817
longitude:     -21.3104
depth:           7.9551
Mrr:      -0.673514E+24
Mtt:       0.542609E+24
Mpp:       0.130902E+24
Mrt:       0.123151E+24
Mrp:      -0.110907E+24
Mtp:       0.191127E+25
