 PDE 1998  6  3 15 47  7.90  43.6800  -29.0200  10.0 5.1 4.9 NORTH ATLANTIC RIDGE - INV
event name:     C060398B
time shift:      4.5000
half duration:   1.2000
latitude:       43.6514
longitude:     -28.9635
depth:           9.2369
Mrr:      -0.214995E+25
Mtt:       0.996351E+24
Mpp:       0.115360E+25
Mrt:       0.111585E+25
Mrp:       0.793894E+23
Mtp:       0.130865E+25
