 PDE 2003  6  7  0 32 45.60  -5.0900  152.5000  33.0 6.5 6.8 NEW BRITAIN REGION, P.N.G.
event name:     060703A
time shift:      6.6131
half duration:   4.5000
latitude:       -5.2956
longitude:     152.6059
depth:          26.5203
Mrr:       4.578332e+25
Mtt:      -4.241836e+25
Mpp:      -3.364963e+24
Mrt:       5.216445e+25
Mrp:       1.792722e+25
Mtp:      -1.485999e+25
