 PDE 2000 06 09 23 31 45.30   30.4900  137.7300 485.3 5.9 0.0 SOUTHEAST OF HONSHU, JAPAN
event name:         C060900Q
time shift:           4.7188
half duration:        3.2000
latitude:            30.4730
longitude:          137.7884
depth:              489.0891
Mrr:           -2.235075E+25
Mtt:            1.932703E+25
Mpp:            3.023739E+24
Mrt:           -7.689734E+24
Mrp:           -6.512720E+24
Mtp:            2.011213E+25
