 PDE 2000  6  6  2 41 49.80  40.6900   32.9900  10.0 5.5 6.1 TURKEY - INV
event name:     C060600B
time shift:      4.4000
half duration:   2.7000
latitude:       40.7464
longitude:      32.7281
depth:           9.7189
Mrr:      -0.620888E+25
Mtt:      -0.403914E+24
Mpp:       0.661279E+25
Mrt:      -0.380293E+25
Mrp:       0.326451E+25
Mtp:      -0.811502E+25
