 PDE 1998 06 07 23 20 14.00   15.9600  -93.7800  86.6 5.8 0.0 NEAR COAST OF CHIAPAS, MEXICO
event name:         C060798C
time shift:           3.1330
half duration:        3.4000
latitude:            15.9696
longitude:          -93.9834
depth:               76.4658
Mrr:           -9.277591E+23
Mtt:            1.114447E+24
Mpp:           -1.866866E+23
Mrt:            1.718987E+25
Mrp:           -2.555424E+25
Mtp:            1.155326E+24
