 PDE 2000  6  7 23 45 26.70  -4.6100  101.9000  33.0 6.7 6.7 SOUTHERN SUMATRA, INDONESIA
event name:     060700D
time shift:      8.8278
half duration:   5.4000
latitude:       -4.6328
longitude:     101.7976
depth:          16.7329
Mrr:       1.649156e+26
Mtt:      -1.075853e+25
Mpp:      -1.541570e+26
Mrt:      -3.196085e+25
Mrp:      -6.852540e+25
Mtp:      -1.099820e+25
