 PDE 1996 06 09 01 12 16.70   17.4400  145.4600 149.0 6.0 5.9 MARIANA ISLANDS
event name:         C060996A
time shift:           7.0598
half duration:        4.6000
latitude:            17.3606
longitude:          145.9656
depth:              155.2441
Mrr:            1.464243E+25
Mtt:            4.463943E+25
Mpp:           -5.928187E+25
Mrt:           -6.145480E+25
Mrp:            3.341641E+25
Mtp:           -4.916257E+24
