 PDE 2004 06 02 08 50 37.10  -32.8800 -179.4500  43.1 5.9 5.8 SOUTH OF KERMADEC ISLANDS
event name:         C060204B
time shift:           5.4172
half duration:        2.7000
latitude:           -32.7863
longitude:         -178.8653
depth:               47.9569
Mrr:            1.861587E+25
Mtt:           -1.494801E+24
Mpp:           -1.712105E+25
Mrt:            1.326573E+24
Mrp:            7.925232E+24
Mtp:           -6.153129E+24
