 PDE 2002  6 17 21 26 22.90 -12.5900  166.3800  33.0 6.7 6.7 SANTA CRUZ ISLANDS
event name:     061702H
time shift:     10.1290
half duration:   5.8000
latitude:      -12.4947
longitude:     166.2243
depth:          41.4089
Mrr:       1.325813e+26
Mtt:       9.606246e+23
Mpp:      -1.335419e+26
Mrt:       3.034033e+24
Mrp:       3.495895e+25
Mtp:       2.744723e+25
