 PDE 2000  6 17 15 40 41.70  63.9700  -20.4900  10.0 6.5 6.6 ICELAND
event name:     061700B
time shift:      6.7002
half duration:   4.4000
latitude:       63.9851
longitude:     -20.5616
depth:          12.3729
Mrr:      -7.949095e+24
Mtt:       1.206678e+25
Mpp:      -4.117684e+24
Mrt:      -1.967698e+24
Mrp:      -2.052893e+25
Mtp:       6.939112e+25
