 PDE 2003 06 16 22 08 02.10   55.4900  160.0000 174.8 6.3 0.0 KAMCHATKA PENINSULA, RUSSIA
event name:         C061603C
time shift:           7.0808
half duration:        6.5000
latitude:            55.4717
longitude:          160.2565
depth:              177.1973
Mrr:           -9.735848E+25
Mtt:           -2.288380E+25
Mpp:            1.202421E+26
Mrt:           -1.391743E+26
Mrp:           -2.050531E+26
Mtp:           -1.103452E+26
