 PDE 2001  6 10 13 11  4.20  38.5800   25.6100  33.0 5.3 5.4 AEGEAN SEA - INV
event name:     C061001E
time shift:      1.1000
half duration:   1.4000
latitude:       38.3200
longitude:      25.6600
depth:          16.8775
Mrr:      -0.541890E+24
Mtt:       0.244449E+25
Mpp:      -0.190261E+25
Mrt:       0.829602E+24
Mrp:       0.101659E+25
Mtp:      -0.168652E+25
