 PDE 2002 06 18 13 56 22.80  -30.8100  -71.1200  54.0 6.0 0.0 NEAR COAST OF CENTRAL CHILE
event name:         C061802C
time shift:           5.2066
half duration:        4.1000
latitude:           -31.0338
longitude:          -71.6021
depth:               55.4039
Mrr:            6.281286E+25
Mtt:           -1.544924E+24
Mpp:           -6.126794E+25
Mrt:            1.156230E+25
Mrp:           -3.845026E+25
Mtp:            9.522572E+24
