 PDE 2000 06 14 02 15 25.80  -25.5200  178.0500 604.6 5.9 0.0 SOUTH OF FIJI ISLANDS
event name:         C061400C
time shift:           5.1234
half duration:        4.1000
latitude:           -25.4532
longitude:          178.3791
depth:              613.3230
Mrr:           -2.620658E+25
Mtt:           -4.993534E+24
Mpp:            3.120012E+25
Mrt:           -8.276591E+24
Mrp:           -4.275979E+25
Mtp:           -2.699317E+25
