 PDE 1996 06 10 01 04 46.90  -13.4800  167.1300 200.0 5.8 5.9 VANUATU ISLANDS
event name:         C061096A
time shift:           7.1164
half duration:        5.2000
latitude:           -13.5414
longitude:          166.9872
depth:              191.9728
Mrr:            1.428663E+26
Mtt:           -6.748233E+24
Mpp:           -1.361179E+26
Mrt:            1.708990E+25
Mrp:           -2.179174E+25
Mtp:            2.446359E+25
