 PDE 2002  6 13  1 27 19.50 -47.8000   99.7500  10.0 6.5 6.6 SOUTHEAST INDIAN RIDGE
event name:     061302A
time shift:      9.7554
half duration:   4.6000
latitude:      -47.5497
longitude:      99.5984
depth:           7.0653
Mrr:      -3.888503e+24
Mtt:       8.725754e+25
Mpp:      -8.336904e+25
Mrt:       7.561417e+24
Mrp:      -1.244667e+24
Mtp:       3.603296e+25
