 PDE 2004 06 10 15 19 57.80   55.6800  160.0000 188.6 6.1 0.0 KAMCHATKA PENINSULA, RUSSIA
event name:         C061004H
time shift:           4.3564
half duration:        6.5000
latitude:            55.7747
longitude:          160.3387
depth:              185.0592
Mrr:           -1.117105E+26
Mtt:            3.741732E+25
Mpp:            7.429316E+25
Mrt:           -1.406147E+26
Mrp:           -2.240518E+26
Mtp:           -1.465418E+25
