 PDE 1999 06 15 20 42 05.90   18.3900  -97.4400  70.0 6.4 6.5 CENTRAL MEXICO
event name:         C061599F
time shift:           8.5203
half duration:        7.5000
latitude:            18.4463
longitude:          -97.3823
depth:               55.6091
Mrr:           -3.155558E+26
Mtt:            2.064481E+26
Mpp:            1.091078E+26
Mrt:           -5.967767E+25
Mrp:            1.099452E+25
Mtp:           -1.292954E+26
