 PDE 2003 06 10 08 40 30.80   23.5200  121.6300  44.5 5.8 5.7 TAIWAN
event name:         C061003A
time shift:           4.9929
half duration:        2.3000
latitude:            23.6138
longitude:          121.7450
depth:               48.2705
Mrr:            7.746096E+24
Mtt:           -7.824455E+23
Mpp:           -6.963651E+24
Mrt:           -1.409917E+23
Mrp:            6.620597E+24
Mtp:           -3.474696E+24
