 PDE 2003  6 15 19 24 33.20  51.5500  176.9200  20.0 6.5 6.4 RAT ISLANDS, ALEUTIAN ISLANDS
event name:     061503B
time shift:      8.3007
half duration:   4.3000
latitude:       51.5641
longitude:     176.7162
depth:          23.2265
Mrr:       3.509451e+25
Mtt:      -4.744578e+25
Mpp:       1.235128e+25
Mrt:       4.392514e+25
Mrp:       3.025372e+25
Mtp:      -6.167299e+24
