 PDE 2000 06 16 07 55 35.40  -33.8800  -70.0900 120.2 6.2 0.0 CHILE-ARGENTINA BORDER REGION
event name:         C061600B
time shift:           4.5640
half duration:        3.8000
latitude:           -33.9483
longitude:          -69.9410
depth:              108.1790
Mrr:           -5.406919E+25
Mtt:            5.782964E+24
Mpp:            4.828623E+25
Mrt:            6.286314E+23
Mrp:           -3.377609E+25
Mtp:            2.398666E+25
