 PDE 2003 06 12 08 59 20.20   -5.9900  154.7600 186.3 5.9 0.0 SOLOMON ISLANDS
event name:         C061203B
time shift:           4.2592
half duration:        3.2000
latitude:            -5.9762
longitude:          154.9485
depth:              182.1712
Mrr:           -1.136341E+25
Mtt:            4.338429E+24
Mpp:            7.024964E+24
Mrt:           -1.864704E+25
Mrp:           -2.499571E+25
Mtp:           -1.340491E+25
