 PDE 2000 06 14 17 00 48.40    4.5400  127.7200  89.5 6.1 5.6 TALAUD ISLANDS, INDONESIA
event name:         C061400I
time shift:           7.7934
half duration:        3.6000
latitude:             4.7458
longitude:          127.6075
depth:              104.9700
Mrr:            3.586660E+25
Mtt:            5.852632E+23
Mpp:           -3.645186E+25
Mrt:           -8.037843E+24
Mrp:           -1.827993E+25
Mtp:            4.972520E+24
