 PDE 1995 06 29 12 24 03.90  -19.4600  169.2400 144.0 6.2 0.0 VANUATU ISLANDS
event name:         C062995D
time shift:           3.6906
half duration:        4.9000
latitude:           -19.4275
longitude:          168.9485
depth:              139.2100
Mrr:            2.255234E+25
Mtt:           -9.021083E+24
Mpp:           -1.353129E+25
Mrt:            1.320184E+25
Mrp:           -9.494124E+25
Mtp:            2.614044E+25
