 PDE 1996 06 26 03 22 03.10   27.7300  139.7500 469.0 5.5 0.0 BONIN ISLANDS, JAPAN REGION
event name:         C062696B
time shift:           6.3675
half duration:        3.1000
latitude:            27.8188
longitude:          139.8428
depth:              478.4034
Mrr:           -1.847915E+25
Mtt:            1.157491E+25
Mpp:            6.904247E+24
Mrt:            4.661364E+24
Mrp:           -2.426289E+25
Mtp:           -1.231880E+25
