 PDE 2003  6 23 12 12 34.50  51.4400  176.7800  20.0 6.9 7.0 RAT ISLANDS, ALEUTIAN ISLANDS
event name:     062303A
time shift:      9.9288
half duration:   6.7000
latitude:       51.5652
longitude:     176.5343
depth:          26.8677
Mrr:       1.134325e+26
Mtt:      -1.626389e+26
Mpp:       4.920632e+25
Mrt:       1.695156e+26
Mrp:       1.090417e+26
Mtp:      -4.845323e+24
