 PDE 2003  6 20 13 30 41.60 -30.6100  -71.6400  33.0 6.8 6.8 NEAR COAST OF CENTRAL CHILE
event name:     062003G
time shift:      8.3153
half duration:   5.8000
latitude:      -30.8687
longitude:     -71.9957
depth:          32.8920
Mrr:       1.505366e+26
Mtt:       1.487196e+24
Mpp:      -1.520237e+26
Mrt:       1.248024e+25
Mrp:      -1.060246e+26
Mtp:       1.282930e+24
