 PDE 2002  6 22  2 58 21.30  35.6300   49.0500  10.0 6.5 6.4 WESTERN IRAN
event name:     062202B
time shift:      5.4193
half duration:   4.6000
latitude:       35.8239
longitude:      48.9759
depth:           9.8711
Mrr:       5.520568e+25
Mtt:      -4.969568e+25
Mpp:      -5.510008e+24
Mrt:       3.758467e+25
Mrp:      -6.016255e+24
Mtp:       1.704940e+25
