 PDE 1999 06 29 23 18 05.60   36.6200   71.3500 189.3 5.9 0.0 AFGHANISTAN-TAJIKISTAN BORD REG.
event name:         C062999F
time shift:          -1.5452
half duration:        1.6000
latitude:            36.4822
longitude:           70.9517
depth:              184.5649
Mrr:            4.794576E+24
Mtt:           -3.158647E+24
Mpp:           -1.635927E+24
Mrt:           -8.205823E+22
Mrp:            1.099123E+24
Mtp:           -5.697599E+23
