 PDE 2001  6 23  6 52 43.00  35.5500   28.1600  50.1 5.4 5.0 EASTERN MEDITERRANEAN SE - INV
event name:     C062301A
time shift:      5.1000
half duration:   1.8000
latitude:       35.3772
longitude:      28.0633
depth:          50.4490
Mrr:      -0.407747E+24
Mtt:      -0.157828E+25
Mpp:       0.198603E+25
Mrt:       0.867562E+24
Mrp:       0.830230E+24
Mtp:       0.391053E+25
