 PDE 2000  6 21  0 51 46.90  63.9800  -20.7600  10.0 6.1 6.6 ICELAND - INV
event name:     C062100A
time shift:      6.6000
half duration:   4.2000
latitude:       63.9851
longitude:     -20.8374
depth:           9.2558
Mrr:      -0.137106E+25
Mtt:       0.356634E+25
Mpp:      -0.219530E+25
Mrt:       0.300892E+25
Mrp:      -0.126798E+26
Mtp:       0.620350E+26
