 PDE 2002 06 29 02 39 00.70  -12.4000  166.5200  33.0 5.9 5.9 SANTA CRUZ ISLANDS
event name:         C062902A
time shift:           7.1213
half duration:        2.9000
latitude:           -12.4840
longitude:          166.3191
depth:               52.5156
Mrr:            2.035679E+25
Mtt:           -7.363762E+23
Mpp:           -1.962040E+25
Mrt:            3.542291E+23
Mrp:            6.854274E+24
Mtp:            3.755305E+24
