 PDE 2004 06 22 09 04 43.90  -10.9000  166.2600 152.8 5.8 0.0 SANTA CRUZ ISLANDS
event name:         C062204E
time shift:           2.0074
half duration:        2.0000
latitude:           -10.9382
longitude:          166.2473
depth:              151.4742
Mrr:            6.086570E+24
Mtt:           -2.632002E+24
Mpp:           -3.454569E+24
Mrt:           -1.192262E+24
Mrp:           -3.927517E+24
Mtp:            3.239304E+24
