 PDE 2003 06 20 06 19 38.90   -7.6100  -71.7200 558.1 6.4 0.0 WESTERN BRAZIL
event name:         C062003D
time shift:           9.4603
half duration:        7.9000
latitude:            -7.3696
longitude:          -71.8898
depth:              553.5436
Mrr:           -4.544499E+26
Mtt:            4.317405E+25
Mpp:            4.112756E+26
Mrt:           -1.376358E+26
Mrp:           -5.892623E+25
Mtp:           -2.072203E+26
