 PDE 2001  6 26  4 18 31.40 -17.7500  -71.6500  24.0 6.7 6.7 NEAR COAST OF PERU
event name:     062601D
time shift:      8.5880
half duration:   5.8000
latitude:      -17.8568
longitude:     -72.0160
depth:          23.6263
Mrr:       9.383764e+25
Mtt:      -3.327227e+25
Mpp:      -6.056537e+25
Mrt:       5.851779e+25
Mrp:      -1.143234e+26
Mtp:       4.806632e+25
