 PDE 2001  6 25 13 28 46.50  37.2400   36.2100   5.0 5.2 4.9 TURKEY - INV
event name:     C062501H
time shift:      7.1000
half duration:   1.1000
latitude:       37.1670
longitude:      35.7429
depth:           8.5739
Mrr:      -0.833256E+24
Mtt:       0.118377E+24
Mpp:       0.714877E+24
Mrt:       0.128031E+23
Mrp:      -0.110837E+25
Mtp:       0.151539E+24
