 PDE 2001 06 29 18 35 52.00  -19.5200  -66.2500 273.9 5.7 0.0 SOUTHERN BOLIVIA
event name:         C062901E
time shift:           1.5713
half duration:        2.6000
latitude:           -19.6877
longitude:          -66.3923
depth:              278.8045
Mrr:           -9.527702E+24
Mtt:           -2.378557E+24
Mpp:            1.190626E+25
Mrt:            6.012629E+24
Mrp:           -1.352040E+25
Mtp:           -3.017879E+23
