 PDE 1999 06 26 22 05 28.90  -17.9600 -178.1900 590.4 5.3 0.0 FIJI ISLANDS REGION
event name:         C062699D
time shift:           4.5335
half duration:        2.6000
latitude:           -17.7624
longitude:         -178.1635
depth:              622.0052
Mrr:           -1.018139E+25
Mtt:            1.256873E+24
Mpp:            8.924516E+24
Mrt:            8.178538E+23
Mrp:           -7.559135E+24
Mtp:            5.518248E+24
