 PDE 2004 06 25 02 35 07.80   -6.7100  130.3800  70.5 6.0 0.0 BANDA SEA
event name:         C062504A
time shift:           5.6444
half duration:        2.7000
latitude:            -6.6300
longitude:          130.5880
depth:               76.4904
Mrr:            1.655721E+25
Mtt:           -1.620604E+25
Mpp:           -3.511797E+23
Mrt:           -2.028180E+24
Mrp:            3.931056E+24
Mtp:            7.594891E+24
