 PDE 1995 06 24 06 58 06.50   -3.9800  153.9500 386.0 6.2 0.0 NEW IRELAND REGION, P.N.G.
event name:         C062495A
time shift:           7.4546
half duration:        6.0000
latitude:            -3.8276
longitude:          153.9186
depth:              384.5968
Mrr:           -1.937760E+26
Mtt:            2.377417E+25
Mpp:            1.700021E+26
Mrt:            4.117595E+25
Mrp:            7.984869E+25
Mtp:           -5.586691E+25
