 PDE 1997  6 27  4 39 52.70  38.3300  -26.6800  10.0 5.6 5.4 AZORES ISLANDS
event name:     C062797A
time shift:      6.2000
half duration:   2.2000
latitude:       38.4000
longitude:     -26.5200
depth:          15.0000
Mrr:      -0.721954E+25
Mtt:       0.385448E+25
Mpp:       0.336506E+25
Mrt:      -0.114913E+25
Mrp:       0.336844E+25
Mtp:      -0.430895E+25
