 PDE 2002 06 30 21 29 36.30  -22.2000  179.2500 620.4 5.5 0.0 SOUTH OF FIJI ISLANDS
event name:         C063002F
time shift:           5.5764
half duration:        4.0000
latitude:           -22.1309
longitude:          179.4240
depth:              628.8414
Mrr:           -2.639031E+25
Mtt:            1.750755E+25
Mpp:            8.882755E+24
Mrt:           -3.444576E+24
Mrp:           -3.598209E+25
Mtp:           -3.533856E+25
