 PDE 1994 06 30 09 23 21.60   36.2500   71.0800 233.0 6.1 0.0 AFGHANISTAN-TAJIKISTAN BORD REG.
event name:         C063094C
time shift:           3.9547
half duration:        3.2000
latitude:            36.3399
longitude:           71.0057
depth:              242.9602
Mrr:            4.317764E+25
Mtt:           -1.656727E+25
Mpp:           -2.661035E+25
Mrt:            1.058442E+24
Mrp:            8.749225E+24
Mtp:           -1.191587E+25
