 PDE 2004 06 30 23 37 25.50    0.8000  124.7300  90.8 6.0 0.0 MINAHASSA PENINSULA, SULAWESI
event name:         C063004F
time shift:           3.0009
half duration:        3.1000
latitude:             0.7879
longitude:          124.9539
depth:               97.6780
Mrr:            3.964256E+24
Mtt:           -2.703591E+25
Mpp:            2.307166E+25
Mrt:           -6.302699E+24
Mrp:            5.380863E+24
Mtp:            2.236162E+23
