 PDE 2001 07 03 13 10 42.60   21.6400  142.9800 290.0 6.0 0.0 MARIANA ISLANDS REGION
event name:         C070301F
time shift:           7.9600
half duration:        4.0000
latitude:            21.6550
longitude:          142.9993
depth:              305.8452
Mrr:            6.482544E+25
Mtt:           -2.779432E+25
Mpp:           -3.703109E+25
Mrt:           -2.122133E+24
Mrp:            2.212545E+25
Mtp:           -2.512998E+25
