 PDE 2003  7  4  7 16 44.70  76.3700   23.2800  10.0 5.7 5.1 SVALBARD REGION - INV
event name:     C070403D
time shift:      2.6100
half duration:   1.3000
latitude:       76.5642
longitude:      23.7414
depth:          11.7198
Mrr:      -0.135202E+25
Mtt:       0.127622E+25
Mpp:       0.758096E+23
Mrt:      -0.490826E+24
Mrp:       0.270707E+24
Mtp:      -0.336570E+24
