 PDE 1998  7  9 14 19 18.40  38.7200   48.5100  26.0 5.9 0.0 N.W. IRAN-USSR BORDER RE - INV
event name:     C070998C
time shift:      3.2000
half duration:   2.4000
latitude:       38.7964
longitude:      49.1779
depth:          21.9063
Mrr:       0.163058E+25
Mtt:      -0.121767E+24
Mpp:      -0.150881E+25
Mrt:      -0.175784E+25
Mrp:       0.652491E+25
Mtp:       0.300910E+24
