 PDE 2004  7  1  9 20 44.10  54.1300  -35.2600  10.0 5.4 5.5 REYKJANES RIDGE - INV
event name:     C070104G
time shift:      2.8500
half duration:   1.5000
latitude:       54.2001
longitude:     -35.2205
depth:           4.5940
Mrr:      -0.324447E+25
Mtt:       0.130283E+24
Mpp:       0.311418E+25
Mrt:       0.495219E+24
Mrp:       0.105781E+25
Mtp:       0.682415E+24
