 PDE 1998 07 09 14 45 40.00  -30.4900 -178.9900 129.5 6.2 6.2 KERMADEC ISLANDS, NEW ZEALAND
event name:         C070998D
time shift:           8.1662
half duration:        6.8000
latitude:           -30.5143
longitude:         -178.7097
depth:              150.6794
Mrr:           -1.498448E+26
Mtt:            4.324435E+25
Mpp:            1.066005E+26
Mrt:           -5.234360E+25
Mrp:           -2.413945E+26
Mtp:            6.050853E+25
