 PDE 1998 07 09 19 39 44.00   60.5300 -153.2200 144.8 5.3 0.0 SOUTHERN ALASKA
event name:         C070998F
time shift:           4.4566
half duration:        3.0000
latitude:            60.3978
longitude:         -152.7584
depth:              145.1411
Mrr:            5.287817E+24
Mtt:           -2.159881E+25
Mpp:            1.631100E+25
Mrt:           -4.722298E+23
Mrp:            1.113475E+25
Mtp:            1.336573E+24
