 PDE 2003  7  6 19 10 28.20  40.4400   26.0200  17.1 5.2 5.6 TURKEY - INV
event name:     C070603F
time shift:      4.4600
half duration:   1.7000
latitude:       40.2017
longitude:      26.0361
depth:          15.8051
Mrr:      -0.982646E+23
Mtt:       0.180486E+25
Mpp:      -0.170660E+25
Mrt:       0.145066E+25
Mrp:      -0.632431E+24
Mtp:      -0.401629E+25
