 PDE 1998  7  9  5 19  7.30  38.6500  -28.6300  10.0 5.7 6.0 AZORES ISLANDS - INV
event name:     C070998A
time shift:      6.0000
half duration:   2.9000
latitude:       38.7463
longitude:     -28.5229
depth:           9.3931
Mrr:      -0.230010E+25
Mtt:       0.160353E+26
Mpp:      -0.137352E+26
Mrt:      -0.417730E+25
Mrp:       0.401622E+25
Mtp:      -0.101347E+26
