 PDE 1997  7  6  9 54  0.80 -30.0600  -71.8700  19.0 6.8 6.5 NEAR COAST OF CENTRAL CHILE
event name:     070697A
time shift:      8.7848
half duration:   5.0000
latitude:      -30.2248
longitude:     -72.2368
depth:          15.7150
Mrr:       1.227095e+26
Mtt:      -6.122540e+24
Mpp:      -1.165870e+26
Mrt:       3.342234e+24
Mrp:      -1.424839e+26
Mtp:      -2.976477e+24
