 PDE 2001 07 04 07 06 31.60  -21.7300 -176.7100 184.6 5.9 5.8 FIJI ISLANDS REGION
event name:         C070401B
time shift:           4.4163
half duration:        4.4000
latitude:           -21.8093
longitude:         -176.3001
depth:              182.9694
Mrr:           -1.469401E+25
Mtt:            1.610290E+25
Mpp:           -1.408899E+24
Mrt:           -2.631045E+25
Mrp:           -6.092043E+25
Mtp:            2.655474E+25
