 PDE 2001 07 05 13 53 48.40  -16.0900  -73.9900  62.0 6.2 0.0 NEAR COAST OF PERU
event name:         C070501K
time shift:           5.6363
half duration:        4.6000
latitude:           -16.0728
longitude:          -73.5978
depth:               68.0739
Mrr:           -6.215108E+25
Mtt:            5.028321E+25
Mpp:            1.186788E+25
Mrt:            5.835390E+25
Mrp:           -2.815585E+25
Mtp:           -2.920687E+25
