 PDE 2003 07 01 05 52 25.90    4.5300  122.5100 635.4 5.8 0.0 CELEBES SEA
event name:         C070103B
time shift:           0.6770
half duration:        2.3000
latitude:             4.6865
longitude:          122.6648
depth:              599.8031
Mrr:           -1.004245E+24
Mtt:            1.490007E+22
Mpp:            9.893440E+23
Mrt:           -7.356093E+23
Mrp:           -1.283486E+25
Mtp:            1.599237E+24
