 PDE 1999 07 03 05 30 10.10   26.3200  140.4800 430.6 6.0 0.0 BONIN ISLANDS, JAPAN REGION
event name:         C070399C
time shift:           4.7014
half duration:        2.6000
latitude:            26.2851
longitude:          140.5487
depth:              435.3497
Mrr:           -1.089833E+25
Mtt:           -1.925970E+24
Mpp:            1.282429E+25
Mrt:           -1.009623E+25
Mrp:            2.238060E+24
Mtp:           -3.050729E+24
