 PDE 2000 07 17 22 53 47.30   36.2800   70.9200 141.4 6.0 0.0 HINDU KUSH REGION, AFGHANISTAN
event name:         C071700F
time shift:           2.9704
half duration:        3.4000
latitude:            36.2545
longitude:           70.8210
depth:              140.6472
Mrr:            1.470502E+25
Mtt:           -2.728779E+25
Mpp:            1.258276E+25
Mrt:            3.733932E+25
Mrp:            1.919187E+25
Mtp:            4.621310E+24
