 PDE 1998 07 16 11 56 36.40  -11.0400  166.1600 110.2 6.4 6.7 SANTA CRUZ ISLANDS
event name:         C071698C
time shift:           5.1704
half duration:        8.1000
latitude:           -10.9106
longitude:          166.0877
depth:               99.0105
Mrr:            4.933638E+26
Mtt:           -1.350883E+26
Mpp:           -3.582756E+26
Mrt:            2.618670E+25
Mrp:           -1.582141E+26
Mtp:           -1.649397E+26
