 PDE 2004  7 12 13  4  7.20  46.3000   13.6400   7.7 5.0 4.9 AUSTRIA - INV
event name:     C071204A
time shift:      2.0300
half duration:   0.9000
latitude:       46.3085
longitude:      13.6033
depth:           9.1286
Mrr:       0.314297E+24
Mtt:      -0.650327E+24
Mpp:       0.336028E+24
Mrt:       0.278198E+24
Mrp:      -0.225660E+24
Mtp:       0.294583E+22
