 PDE 2000 07 10 09 58 19.00   46.8300  145.4200 359.6 6.1 0.0 SEA OF OKHOTSK
event name:         C071000B
time shift:           1.7299
half duration:        1.9000
latitude:            46.8239
longitude:          145.5779
depth:              358.1684
Mrr:           -2.452320E+24
Mtt:            5.132931E+24
Mpp:           -2.680611E+24
Mrt:           -3.242046E+24
Mrp:           -4.812077E+24
Mtp:            1.733776E+24
