 PDE 1998 07 19 15 58 38.90  -21.8400 -175.7900  72.1 5.9 0.0 TONGA ISLANDS
event name:         C071998B
time shift:           2.6015
half duration:        2.5000
latitude:           -21.9262
longitude:         -175.2993
depth:               64.1310
Mrr:            8.141898E+24
Mtt:            1.395663E+24
Mpp:           -9.537558E+24
Mrt:           -1.008069E+24
Mrp:           -1.046010E+25
Mtp:           -7.980970E+23
