 PDE 2003  7 19 13 13 48.30  61.9700  -26.7500  10.0 5.0 4.9 ICELAND REGION - INV
event name:     C071903A
time shift:      3.5500
half duration:   0.9000
latitude:       61.9400
longitude:     -26.2900
depth:          15.0000
Mrr:      -0.935791E+24
Mtt:       0.244332E+24
Mpp:       0.691458E+24
Mrt:       0.854406E+22
Mrp:      -0.338940E+23
Mtp:       0.179085E+24
