 PDE 2003  7 13  1 48 22.00  38.2900   38.9600  10.0 5.4 5.3 TURKEY - INV
event name:     C071303A
time shift:      3.0900
half duration:   1.4000
latitude:       38.1467
longitude:      38.8803
depth:          15.3983
Mrr:      -0.204994E+24
Mtt:      -0.118979E+25
Mpp:       0.139479E+25
Mrt:       0.102870E+24
Mrp:       0.401870E+23
Mtp:       0.201633E+25
