 PDE 1996 07 15 16 51 22.00   18.7300  145.6300 177.0 5.9 0.0 MARIANA ISLANDS
event name:         C071596C
time shift:           6.1023
half duration:        3.3000
latitude:            18.7629
longitude:          145.8163
depth:              185.9698
Mrr:            8.954232E+24
Mtt:            9.301765E+24
Mpp:           -1.825601E+25
Mrt:           -1.767173E+25
Mrp:            2.349380E+25
Mtp:           -5.751731E+23
