 PDE 2000 07 11 01 32 28.50   57.3700 -154.2100  43.6 6.3 6.2 KODIAK ISLAND REGION, ALASKA
event name:         C071100A
time shift:           3.9128
half duration:        4.3000
latitude:            57.5306
longitude:         -154.1892
depth:               49.6902
Mrr:           -2.350013E+25
Mtt:           -5.590292E+24
Mpp:            2.909043E+25
Mrt:            4.584915E+25
Mrp:            9.222581E+24
Mtp:            5.033868E+25
