 PDE 1994 07 13 11 45 25.90   -7.5000  127.9200 185.0 6.4 0.0 BANDA SEA
event name:         C071394G
time shift:           4.8111
half duration:        4.4000
latitude:            -7.6283
longitude:          127.8997
depth:              174.2470
Mrr:            5.761350E+25
Mtt:           -5.895800E+25
Mpp:            1.344507E+24
Mrt:            2.984224E+25
Mrp:            2.641776E+25
Mtp:            2.540349E+25
