 PDE 2004 07 15 04 27 14.70  -17.6600 -178.7600 565.5 6.4 0.0 FIJI ISLANDS REGION
event name:         C071504C
time shift:           4.7095
half duration:        8.2000
latitude:           -17.6785
longitude:         -178.5283
depth:              575.4556
Mrr:            3.923798E+26
Mtt:           -1.654386E+26
Mpp:           -2.269417E+26
Mrt:            2.871870E+26
Mrp:            5.710062E+25
Mtp:            3.539765E+26
