 PDE 2000  7 17  8 18 48.00  70.9000  -13.3200  10.0 5.1 4.5 JAN MAYEN ISLAND REGION - INV
event name:     C071700C
time shift:      2.5000
half duration:   1.0000
latitude:       70.7700
longitude:     -12.9600
depth:           8.4035
Mrr:       0.210479E+23
Mtt:       0.342440E+24
Mpp:      -0.363487E+24
Mrt:      -0.100426E+24
Mrp:      -0.265531E+24
Mtp:       0.554401E+24
