 PDE 2001 07 28 07 32 43.00   59.0300 -155.1200 131.3 5.7 5.7 SOUTHERN ALASKA
event name:         C072801A
time shift:           6.5162
half duration:        5.1000
latitude:            58.8292
longitude:         -154.9866
depth:              142.0413
Mrr:            3.940369E+25
Mtt:           -1.070836E+26
Mpp:            6.767981E+25
Mrt:            7.316747E+24
Mrp:            5.256852E+25
Mtp:            4.159598E+25
