 PDE 2001  7 26  0 21 36.90  39.0600   24.2400  10.0 6.0 6.6 AEGEAN SEA - INV
event name:     C072601A
time shift:      8.3000
half duration:   4.0000
latitude:       38.9600
longitude:      24.2900
depth:          10.9919
Mrr:      -0.863909E+25
Mtt:       0.575787E+26
Mpp:      -0.489397E+26
Mrt:       0.163385E+26
Mrp:       0.768723E+25
Mtp:      -0.246129E+26
