 PDE 1995 07 26 23 42 02.60    2.5600  127.6900  66.0 5.9 0.0 NORTHERN MOLUCCA SEA
event name:         C072695C
time shift:           6.6994
half duration:        3.5000
latitude:             2.7755
longitude:          127.4695
depth:               51.2975
Mrr:            5.961622E+24
Mtt:            9.512386E+24
Mpp:           -1.547401E+25
Mrt:           -5.695757E+24
Mrp:           -3.355587E+25
Mtp:           -3.505327E+24
