 PDE 2003  7 29  5 31 26.70  35.6900  -10.5600  10.0 5.1 4.8 AZORES-CAPE ST. VINCENT - INV
event name:     C072903A
time shift:      9.8300
half duration:   1.1000
latitude:       35.9618
longitude:     -10.6337
depth:          37.6503
Mrr:       0.370087E+24
Mtt:      -0.965669E+24
Mpp:       0.595581E+24
Mrt:      -0.455111E+24
Mrp:      -0.671506E+24
Mtp:       0.327152E+24
