 PDE 2003 07 27 02 04 11.50  -21.0800 -176.5900 212.9 5.9 0.0 FIJI ISLANDS REGION
event name:         C072703A
time shift:           4.5297
half duration:        4.7000
latitude:           -21.0871
longitude:         -176.1143
depth:              213.9250
Mrr:           -7.177112E+24
Mtt:            3.503883E+25
Mpp:           -2.786174E+25
Mrt:           -4.267419E+25
Mrp:           -9.321321E+25
Mtp:            1.898412E+25
