 PDE 1999 07 26 01 33 20.20   -5.1500  151.9400  69.4 5.8 0.0 NEW BRITAIN REGION, P.N.G.
event name:         C072699A
time shift:           2.8203
half duration:        3.2000
latitude:            -5.2087
longitude:          152.3026
depth:               46.5082
Mrr:            2.070056E+25
Mtt:           -1.338231E+25
Mpp:           -7.318261E+24
Mrt:            7.503398E+24
Mrp:            7.305500E+24
Mtp:           -1.129352E+25
