 PDE 1998 07 25 02 39 23.30  -13.6100  166.8700  43.5 5.9 6.0 VANUATU ISLANDS
event name:         C072598A
time shift:           7.4673
half duration:        3.3000
latitude:           -13.4955
longitude:          166.4828
depth:               47.9625
Mrr:            2.970965E+25
Mtt:            1.204632E+24
Mpp:           -3.091428E+25
Mrt:           -4.294554E+24
Mrp:           -7.876369E+24
Mtp:           -6.263112E+24
