 PDE 1995 07 28 14 29 12.20  -21.1000 -175.4900 102.0 6.1 0.0 TONGA ISLANDS
event name:         C072895B
time shift:           3.4080
half duration:        4.1000
latitude:           -21.1746
longitude:         -174.8979
depth:              114.2186
Mrr:            6.434824E+24
Mtt:            5.826691E+23
Mpp:           -7.017492E+24
Mrt:            1.256791E+25
Mrp:            5.383385E+25
Mtp:            1.756731E+25
