 PDE 1996  7 20  0  0 41.80  36.1500   27.1000  33.0 5.7 6.2 DODECANESE ISLANDS - INV
event name:     C072096A
time shift:      4.3000
half duration:   3.0000
latitude:       36.0825
longitude:      26.9244
depth:          14.3100
Mrr:      -0.229236E+26
Mtt:       0.418076E+25
Mpp:       0.187428E+26
Mrt:      -0.448202E+25
Mrp:      -0.509174E+25
Mtp:       0.804746E+25
