 PDE 1997 07 20 10 14 22.80  -22.9800  -66.3000 256.1 5.7 0.0 JUJUY PROVINCE, ARGENTINA
event name:         C072097C
time shift:           4.1792
half duration:        2.6000
latitude:           -22.8273
longitude:          -66.1335
depth:              262.8744
Mrr:           -8.319378E+24
Mtt:            1.081055E+25
Mpp:           -2.491164E+24
Mrt:           -1.187185E+25
Mrp:           -9.479792E+24
Mtp:            1.529921E+24
