 PDE 2003 07 27 06 25 32.00   47.1500  139.2500 470.3 6.3 0.0 PRIMOR'YE, RUSSIA
event name:         C072703C
time shift:           3.9972
half duration:        5.5000
latitude:            46.9963
longitude:          139.2197
depth:              473.9588
Mrr:            6.649026E+25
Mtt:            5.472195E+25
Mpp:           -1.212122E+26
Mrt:            3.432503E+25
Mrp:           -9.560965E+25
Mtp:           -8.402507E+25
