 PDE 2003 07 27 11 41 27.00  -20.1300  -65.1800 345.3 5.9 0.0 SOUTHERN BOLIVIA
event name:         C072703D
time shift:           2.8753
half duration:        2.3000
latitude:           -20.0444
longitude:          -65.1912
depth:              346.2058
Mrr:           -4.735478E+24
Mtt:            1.467661E+24
Mpp:            3.267817E+24
Mrt:            5.283887E+24
Mrp:           -1.207730E+25
Mtp:           -1.961381E+24
