 PDE 1999 07 21 13 46 29.80    4.5700   97.2100 175.0 5.9 0.0 NORTHERN SUMATRA, INDONESIA
event name:         C072199D
time shift:           1.1934
half duration:        1.8000
latitude:             4.5476
longitude:           97.2497
depth:              163.1600
Mrr:            1.576538E+24
Mtt:           -1.362238E+24
Mpp:           -2.142980E+23
Mrt:            2.711492E+24
Mrp:            3.071927E+23
Mtp:            2.685727E+22
