 PDE 2003  7 26  8 36 49.20  38.0200   28.9300  10.0 5.0 5.2 TURKEY - INV
event name:     C072603F
time shift:      4.3400
half duration:   1.2000
latitude:       38.0322
longitude:      29.0351
depth:          10.4338
Mrr:      -0.798981E+24
Mtt:       0.153237E+25
Mpp:      -0.733397E+24
Mrt:       0.846224E+23
Mrp:      -0.281210E+24
Mtp:      -0.222647E+24
