 PDE 2003 07 21 13 53 58.50   -5.4800  148.8500 189.6 6.2 0.0 NEW BRITAIN REGION, P.N.G.
event name:         C072103C
time shift:           5.1555
half duration:        3.5000
latitude:            -5.6141
longitude:          148.9980
depth:              187.3495
Mrr:           -4.930981E+25
Mtt:            2.133865E+25
Mpp:            2.797116E+25
Mrt:           -8.939061E+24
Mrp:            1.314198E+25
Mtp:            1.470551E+25
