 PDE 1998 07 29 07 14 24.10  -32.3100  -71.2900  51.1 6.3 0.0 NEAR COAST OF CENTRAL CHILE
event name:         C072998A
time shift:           5.0656
half duration:        4.0000
latitude:           -32.3032
longitude:          -71.6995
depth:               52.1419
Mrr:            6.945175E+25
Mtt:           -4.975013E+24
Mpp:           -6.447676E+25
Mrt:           -2.331907E+25
Mrp:            1.345380E+25
Mtp:            1.426773E+25
