 PDE 1997 07 31 21 54 21.50   -6.6400  130.9200  58.6 5.9 5.3 BANDA SEA
event name:         C073197B
time shift:           6.5671
half duration:        2.5000
latitude:            -6.5432
longitude:          131.0939
depth:               72.8527
Mrr:            9.885525E+24
Mtt:           -1.169098E+25
Mpp:            1.805460E+24
Mrt:           -2.643937E+24
Mrp:            3.766825E+24
Mtp:            6.069677E+24
