 PDE 2000  8  8 17 57 41.90  62.4300  -25.8700  10.0 5.1 4.9 ICELAND REGION - INV
event name:     C080800C
time shift:      4.0000
half duration:   1.1000
latitude:       62.1400
longitude:     -25.7200
depth:           7.1126
Mrr:      -0.630937E+24
Mtt:       0.532308E+24
Mpp:       0.986265E+23
Mrt:       0.192003E+24
Mrp:      -0.441796E+24
Mtp:       0.131175E+25
