 PDE 2002 08 02 23 11 39.10   29.2800  138.9700 426.1 5.5 0.0 SOUTHEAST OF HONSHU, JAPAN
event name:         C080202D
time shift:           4.7483
half duration:        3.2000
latitude:            29.3523
longitude:          139.2396
depth:              438.9755
Mrr:           -4.687934E+24
Mtt:            1.241014E+25
Mpp:           -7.722216E+24
Mrt:            9.968675E+24
Mrp:           -2.640968E+25
Mtp:           -6.459470E+24
