 PDE 1996 08 05 02 08 58.20  -15.2700 -173.1300  41.0 6.0 6.7 TONGA ISLANDS
event name:         C080596B
time shift:           9.0739
half duration:        5.3000
latitude:           -15.2681
longitude:         -172.7724
depth:               52.9551
Mrr:           -9.420571E+25
Mtt:            9.796722E+25
Mpp:           -3.761509E+24
Mrt:           -4.931662E+25
Mrp:            5.202706E+25
Mtp:           -3.177345E+25
