 PDE 2002 08 09 13 31 05.30  -16.3100 -176.1700 364.1 5.5 0.0 FIJI ISLANDS REGION
event name:         C080902B
time shift:           3.8765
half duration:        2.7000
latitude:           -16.2507
longitude:         -175.8582
depth:              377.8256
Mrr:           -6.433454E+24
Mtt:            7.313233E+24
Mpp:           -8.797777E+23
Mrt:            3.736231E+24
Mrp:           -7.302592E+24
Mtp:            1.369553E+25
