 PDE 2000 08 07 14 33 55.90   -7.0200  123.3600 648.5 6.5 0.0 BANDA SEA
event name:         C080700E
time shift:           3.9086
half duration:        4.2000
latitude:            -6.9580
longitude:          123.5272
depth:              647.9290
Mrr:           -5.432815E+25
Mtt:            5.889331E+25
Mpp:           -4.565174E+24
Mrt:           -4.025372E+25
Mrp:            1.425068E+25
Mtp:            7.312628E+24
