 PDE 2001  8  6  3 52 59.50 -55.5400 -123.4200  10.0 6.7 6.5 SOUTHERN EAST PACIFIC RISE
event name:     080601B
time shift:     12.7519
half duration:   5.5000
latitude:      -55.6648
longitude:    -123.1030
depth:           9.9461
Mrr:      -1.483631e+26
Mtt:       1.689917e+26
Mpp:      -2.062853e+25
Mrt:       5.325009e+24
Mrp:       1.356235e+25
Mtp:      -3.142522e+25
