 PDE 2004  8  4  3  1  7.60  36.8300   27.8200  10.0 5.1 5.2 DODECANESE ISLANDS, GREE - INV
event name:     C080404A
time shift:      1.9400
half duration:   1.4000
latitude:       36.7954
longitude:      27.8787
depth:          10.3525
Mrr:      -0.222153E+25
Mtt:       0.204046E+25
Mpp:       0.181077E+24
Mrt:       0.436152E+24
Mrp:      -0.521656E+23
Mtp:       0.464046E+24
