 PDE 2003  8  4  3  8 35.00  65.9900    5.4800  10.0 4.9 0.0 NORWEGIAN SEA - INV
event name:     C080403A
time shift:     -1.3600
half duration:   0.9000
latitude:       66.3965
longitude:       6.2919
depth:          15.8849
Mrr:       0.393074E+24
Mtt:      -0.166546E+24
Mpp:      -0.226527E+24
Mrt:       0.150289E+24
Mrp:      -0.494339E+23
Mtp:      -0.157722E+24
