 PDE 2000 08 03 01 09 39.00  -12.0400  166.4500  33.0 5.7 6.5 SANTA CRUZ ISLANDS
event name:         C080300A
time shift:           8.9194
half duration:        4.9000
latitude:           -11.9442
longitude:          166.1622
depth:               47.6406
Mrr:            1.065396E+26
Mtt:           -4.929380E+24
Mpp:           -1.016103E+26
Mrt:           -1.323136E+24
Mrp:            1.727637E+25
Mtp:            1.950887E+25
