 PDE 1996  8 14  1 55  2.50  40.7500   35.3400  10.0 5.3 5.6 TURKEY - INV
event name:     C081496A
time shift:      4.9000
half duration:   1.8000
latitude:       40.5200
longitude:      35.0200
depth:          10.4007
Mrr:      -0.283655E+24
Mtt:      -0.288944E+25
Mpp:       0.317309E+25
Mrt:      -0.179114E+24
Mrp:      -0.195621E+25
Mtp:      -0.203275E+25
