 PDE 1999 08 14 00 16 52.30   -5.8900  104.7100 101.4 6.0 5.7 SOUTHERN SUMATRA, INDONESIA
event name:         C081499A
time shift:           5.0741
half duration:        4.0000
latitude:            -5.8697
longitude:          104.4518
depth:               98.5166
Mrr:            2.480649E+25
Mtt:            2.379465E+25
Mpp:           -4.860114E+25
Mrt:            5.776593E+24
Mrp:           -3.147363E+25
Mtp:           -3.558309E+25
