 PDE 2004 08 10 01 47 32.80   36.4400   70.8000 207.0 5.3 0.0 HINDU KUSH REGION, AFGHANISTAN
event name:         C081004A
time shift:           2.1727
half duration:        2.4000
latitude:            36.5104
longitude:           70.5817
depth:              203.8147
Mrr:            9.808708E+24
Mtt:           -8.637188E+24
Mpp:           -1.171517E+24
Mrt:            1.000860E+25
Mrp:           -4.729401E+24
Mtp:            2.010275E+24
