 PDE 2004 08 18 09 03 10.10   16.4300  -94.9400  62.9 5.7 0.0 OAXACA, MEXICO
event name:         C081804B
time shift:           1.3185
half duration:        1.9000
latitude:            16.4092
longitude:          -95.1387
depth:               72.7732
Mrr:           -2.478630E+24
Mtt:           -3.211706E+24
Mpp:            5.690336E+24
Mrt:            2.850306E+24
Mrp:            3.063631E+23
Mtp:           -1.299063E+24
