 PDE 2000 08 15 04 30 08.80  -31.5100  179.7300 357.7 6.0 0.0 KERMADEC ISLANDS REGION
event name:         C081500C
time shift:           6.1166
half duration:        4.7000
latitude:           -31.4183
longitude:         -179.9468
depth:              365.5501
Mrr:           -4.733416E+25
Mtt:           -2.967926E+25
Mpp:            7.701341E+25
Mrt:           -4.180061E+25
Mrp:           -6.791662E+25
Mtp:           -2.102424E+25
