 PDE 2000  8 18 18 15  6.50  36.2000    4.9700  10.0 5.1 4.8 ALGERIA - INV
event name:     C081800E
time shift:      4.7000
half duration:   1.0000
latitude:       36.1113
longitude:       4.9823
depth:          12.2581
Mrr:      -0.715406E+23
Mtt:      -0.124337E+24
Mpp:       0.195878E+24
Mrt:      -0.112969E+24
Mrp:      -0.237179E+24
Mtp:      -0.604938E+24
