 PDE 1995 08 19 21 43 32.40    5.1000  -75.6900 125.0 6.1 0.0 COLOMBIA
event name:         C081995C
time shift:           4.2309
half duration:        4.5000
latitude:             5.2181
longitude:          -75.6812
depth:              122.5030
Mrr:           -8.276265E+25
Mtt:            2.706775E+25
Mpp:            5.569493E+25
Mrt:           -2.899340E+25
Mrp:           -3.118117E+25
Mtp:            1.197293E+25
