 PDE 2003 08 11 21 22 30.40   12.1200   93.5300 100.2 5.5 0.0 ANDAMAN ISLANDS, INDIA REGION
event name:         C081103I
time shift:           3.4681
half duration:        2.4000
latitude:            12.1525
longitude:           93.3572
depth:               80.4110
Mrr:            3.823182E+24
Mtt:           -4.711570E+24
Mpp:            8.883878E+23
Mrt:           -2.087931E+24
Mrp:           -8.701207E+24
Mtp:            9.802796E+24
