 PDE 1995 08 14 04 37 17.30   -4.8300  151.5100 126.0 6.3 6.3 NEW BRITAIN REGION, P.N.G.
event name:         C081495A
time shift:           6.7439
half duration:        5.7000
latitude:            -4.8994
longitude:          151.7838
depth:              137.6221
Mrr:            9.494955E+25
Mtt:           -6.192126E+25
Mpp:           -3.302827E+25
Mrt:            4.962614E+25
Mrp:            1.259707E+26
Mtp:           -3.435789E+25
