 PDE 2004 08 12 15 59 41.90  -11.9100  166.7200 205.7 5.5 0.0 SANTA CRUZ ISLANDS
event name:         C081204D
time shift:           1.8550
half duration:        1.7000
latitude:           -11.9364
longitude:          166.6447
depth:              203.5391
Mrr:            3.031616E+24
Mtt:            1.016076E+24
Mpp:           -4.047690E+24
Mrt:            2.892748E+24
Mrp:           -1.503297E+24
Mtp:           -9.442122E+23
