 PDE 2003  8 14  5 14 54.80  39.1600   20.6000  10.0 5.6 6.2 GREECE-ALBANIA BORDER RE - INV
event name:     C081403B
time shift:     10.9100
half duration:   3.2000
latitude:       38.6931
longitude:      20.6675
depth:          12.4459
Mrr:      -0.183614E+25
Mtt:       0.116409E+26
Mpp:      -0.980480E+25
Mrt:       0.121110E+26
Mrp:      -0.457516E+25
Mtp:       0.180941E+26
