 PDE 2002  8 14 13 57 52.10  14.1000  146.2000  30.0 6.5 6.4 MARIANA ISLANDS
event name:     081402E
time shift:      8.2935
half duration:   4.1000
latitude:       13.9968
longitude:     146.4299
depth:          33.5810
Mrr:       1.334291e+25
Mtt:      -2.916663e+25
Mpp:       1.582372e+25
Mrt:       5.006166e+25
Mrp:       3.148937e+25
Mtp:       2.206587e+25
