 PDE 1994 08 19 10 02 51.80  -26.6500  -63.3800 565.0 6.4 0.0 SANTIAGO DEL ESTERO PROV., ARG.
event name:         C081994B
time shift:           3.3265
half duration:        4.1000
latitude:           -26.7245
longitude:          -63.4178
depth:              562.8900
Mrr:           -3.938886E+25
Mtt:           -7.988442E+24
Mpp:            4.737729E+25
Mrt:           -2.166949E+25
Mrp:            4.492466E+25
Mtp:            2.968128E+24
