 PDE 1996  8 20  0 11  0.30  77.8600    7.5600  10.0 5.3 5.0 SVALBARD REGION - INV
event name:     C082096A
time shift:      1.1000
half duration:   1.0000
latitude:       78.0700
longitude:       6.9500
depth:          15.0000
Mrr:      -0.123495E+25
Mtt:       0.579490E+23
Mpp:       0.117701E+25
Mrt:       0.267231E+24
Mrp:      -0.155537E+24
Mtp:       0.405860E+24
