 PDE 1997  8 28 11 10  7.40  57.0800  -33.8500  10.0 5.3 5.2 NORTH ATLANTIC OCEAN - INV
event name:     C082897A
time shift:      4.8000
half duration:   1.2000
latitude:       57.1700
longitude:     -33.4800
depth:          15.0000
Mrr:      -0.196145E+25
Mtt:       0.398050E+24
Mpp:       0.156340E+25
Mrt:       0.161545E+24
Mrp:       0.465933E+24
Mtp:       0.791471E+24
