 PDE 1995 08 25 16 51 46.50  -18.5900 -175.5400 224.0 5.2 0.0 TONGA ISLANDS
event name:         C082595D
time shift:           6.1212
half duration:        2.5000
latitude:           -18.5676
longitude:         -175.1449
depth:              230.9673
Mrr:           -4.554864E+24
Mtt:            4.393786E+24
Mpp:            1.610805E+23
Mrt:           -3.238234E+24
Mrp:           -1.121102E+25
Mtp:            4.910641E+24
