 PDE 1998 08 20 06 40 55.80   28.9300  139.3300 440.5 6.1 0.0 BONIN ISLANDS, JAPAN REGION
event name:         C082098B
time shift:          16.1806
half duration:        4.7000
latitude:            28.9905
longitude:          139.4736
depth:              426.9595
Mrr:           -1.511770E+26
Mtt:            1.994647E+26
Mpp:           -4.828771E+25
Mrt:            8.901919E+25
Mrp:           -4.212255E+26
Mtp:           -1.659247E+26
