 PDE 1995 08 23 07 06 02.60   18.8600  145.1900 596.0 6.3 0.0 MARIANA ISLANDS
event name:         C082395A
time shift:           7.7673
half duration:        8.1000
latitude:            18.8737
longitude:          145.2905
depth:              600.7822
Mrr:           -4.529004E+26
Mtt:            6.537247E+25
Mpp:            3.875279E+26
Mrt:           -1.045080E+26
Mrp:           -1.401003E+26
Mtp:           -2.019477E+26
