 PDE 1999 08 28 12 40 06.20   -1.2900  -77.5500 196.4 5.9 0.0 ECUADOR
event name:         C082899C
time shift:           4.1103
half duration:        3.5000
latitude:            -1.3541
longitude:          -77.7372
depth:              194.4749
Mrr:           -1.912635E+25
Mtt:            8.626573E+24
Mpp:            1.049977E+25
Mrt:            1.865995E+25
Mrp:           -2.418743E+25
Mtp:           -1.612627E+25
