 PDE 1995 08 24 01 55 34.60   18.9200  144.9500 589.0 5.9 0.0 MARIANA ISLANDS
event name:         C082495A
time shift:           4.9757
half duration:        3.1000
latitude:            18.9267
longitude:          145.1881
depth:              596.9817
Mrr:           -2.387116E+25
Mtt:            1.204381E+25
Mpp:            1.182736E+25
Mrt:           -4.070428E+24
Mrp:           -7.052927E+24
Mtp:           -1.398388E+25
