 PDE 2003  8 27 14 40 42.20  43.7400  -28.9200  10.0 5.1 5.0 NORTHERN MID-ATLANTIC RI - INV
event name:     C082703E
time shift:      5.1000
half duration:   1.2000
latitude:       43.8454
longitude:     -28.9115
depth:           6.0219
Mrr:      -0.158036E+25
Mtt:       0.725987E+24
Mpp:       0.854377E+24
Mrt:       0.233568E+24
Mrp:      -0.619401E+24
Mtp:       0.662463E+24
