 PDE 2003 08 30 00 05 39.20  -14.8000  167.2400 137.0 5.2 0.0 VANUATU ISLANDS
event name:         C083003A
time shift:           3.5102
half duration:        2.3000
latitude:           -14.8346
longitude:          167.1528
depth:              134.0857
Mrr:            4.762123E+24
Mtt:            4.071998E+24
Mpp:           -8.834118E+24
Mrt:           -4.702326E+24
Mrp:           -5.187231E+24
Mtp:            5.975491E+24
