 PDE 2003 08 31 23 08 00.30   43.3900  132.2700 481.1 5.5 0.0 PRIMOR'YE, RUSSIA
event name:         C083103C
time shift:           3.3265
half duration:        2.7000
latitude:            43.3839
longitude:          132.3692
depth:              490.1113
Mrr:            2.866824E+23
Mtt:            7.013265E+24
Mpp:           -7.299946E+24
Mrt:            1.575534E+24
Mrp:           -1.382115E+25
Mtp:           -1.310492E+25
