 PDE 1997 09 02 12 13 22.90    3.8500  -75.7500 198.7 6.5 0.0 COLOMBIA
event name:         C090297B
time shift:           9.1906
half duration:        5.5000
latitude:             4.0021
longitude:          -75.5733
depth:              206.6009
Mrr:            1.460194E+26
Mtt:           -2.460987E+26
Mpp:            1.000793E+26
Mrt:            2.790658E+24
Mrp:           -1.452083E+25
Mtp:            3.121378E+25
