  PDE 1996  9  4  4 14  3.20  36.9800    2.8800  10.0 5.3 5.3 ALGERIA - INV
event name:     C090496B
time shift:      4.3000
half duration:   1.3000
latitude:       37.0405
longitude:       3.0366
depth:          13.9840
Mrr:       0.568886E+24
Mtt:      -0.106069E+25
Mpp:       0.491800E+24
Mrt:      -0.366592E+24
Mrp:      -0.384085E+23
Mtp:      -0.155001E+25
