 PDE 1997 09 04 04 23 37.00  -26.5700  178.3400 624.7 6.3 0.0 SOUTH OF FIJI ISLANDS
event name:         C090497A
time shift:           4.8912
half duration:        6.3000
latitude:           -26.4470
longitude:          178.5204
depth:              616.8246
Mrr:           -1.083675E+26
Mtt:            6.585552E+25
Mpp:            4.251191E+25
Mrt:           -8.946066E+25
Mrp:           -1.924537E+26
Mtp:            1.820344E+25
