 PDE 2002  9  6  1 21 28.60  38.3800   13.7000   5.0 5.8 5.5 SICILY - INV
event name:     C090602A
time shift:      5.1000
half duration:   2.3000
latitude:       38.4102
longitude:      13.5683
depth:          16.8157
Mrr:       0.731841E+25
Mtt:      -0.495926E+25
Mpp:      -0.235916E+25
Mrt:      -0.281231E+25
Mrp:       0.167491E+25
Mtp:      -0.471359E+25
