 PDE 2001 09 18 02 19 30.80   -7.5100  127.7400 131.8 5.6 5.1 BANDA SEA
event name:         C091801B
time shift:           6.2257
half duration:        2.5000
latitude:            -7.4865
longitude:          127.9626
depth:              134.4381
Mrr:            8.300909E+24
Mtt:           -9.171130E+24
Mpp:            8.702198E+23
Mrt:           -8.229853E+24
Mrp:            7.413278E+24
Mtp:            1.498899E+24
