 PDE 2001  9 16  2  0 47.40  37.2400   21.8700  10.0 5.0 5.3 SOUTHERN GREECE - INV
event name:     C091601A
time shift:      4.3000
half duration:   1.5000
latitude:       37.2104
longitude:      21.8616
depth:          10.6789
Mrr:      -0.207461E+25
Mtt:       0.957467E+24
Mpp:       0.111714E+25
Mrt:       0.367265E+24
Mrp:      -0.222057E+24
Mtp:      -0.973664E+24
