 PDE 1995 09 16 01 03 38.10   -6.3100  155.2500 160.0 5.8 0.0 SOLOMON ISLANDS
event name:         C091695A
time shift:           4.1366
half duration:        1.0000
latitude:            -6.1788
longitude:          155.4831
depth:              151.9393
Mrr:           -1.366590E+25
Mtt:            8.402704E+24
Mpp:            5.263190E+24
Mrt:           -9.102693E+24
Mrp:           -8.720352E+24
Mtp:           -3.136322E+24
