 PDE 2000 09 11 17 17 53.40  -15.8800 -173.6900 115.4 6.0 0.0 TONGA ISLANDS
event name:         C091100D
time shift:           5.5667
half duration:        3.6000
latitude:           -15.7357
longitude:         -173.3329
depth:              124.1343
Mrr:           -6.638636E+24
Mtt:           -6.163396E+24
Mpp:            1.280203E+25
Mrt:            5.343407E+24
Mrp:            3.114427E+25
Mtp:            5.332377E+23
