 PDE 2003  9 14 21 42 51.90  44.3300   11.4500  10.0 5.1 5.2 NORTHERN ITALY - INV
event name:     C091403E
time shift:      5.1000
half duration:   1.0000
latitude:       44.2600
longitude:      11.2200
depth:          18.0000
Mrr:       0.616377E+24
Mtt:      -0.678563E+24
Mpp:       0.621853E+23
Mrt:       0.311587E+24
Mrp:       0.183702E+24
Mtp:      -0.176772E+24
