 PDE 1999 09 15 03 01 24.30  -20.9300  -67.2800 218.0 6.0 0.0 SOUTHERN BOLIVIA
event name:         C091599A
time shift:           4.0308
half duration:        3.9000
latitude:           -20.7187
longitude:          -67.3772
depth:              211.3281
Mrr:           -1.630728E+25
Mtt:            1.020819E+25
Mpp:            6.099089E+24
Mrt:            1.136376E+24
Mrp:           -5.624912E+25
Mtp:           -2.008880E+25
