 PDE 2002 09 15 08 39 32.70   44.8300  129.9200 586.3 5.8 0.0 NORTHEASTERN CHINA
event name:         C091502B
time shift:           3.1395
half duration:        3.7000
latitude:            44.7719
longitude:          130.0380
depth:              586.5710
Mrr:            8.989281E+24
Mtt:           -1.294632E+25
Mpp:            3.957047E+24
Mrt:           -1.666476E+25
Mrp:           -4.247829E+25
Mtp:           -1.281518E+25
