 PDE 2004 09 15 19 10 50.60   14.2200  120.4100 115.4 6.0 0.0 LUZON, PHILIPPINES
event name:         C091504D
time shift:           1.5377
half duration:        2.3000
latitude:            14.3848
longitude:          120.3014
depth:               99.7881
Mrr:            3.992435E+24
Mtt:           -9.892558E+23
Mpp:           -3.003180E+24
Mrt:            3.069457E+24
Mrp:           -9.618533E+24
Mtp:            2.092807E+24
