 PDE 1999 09 17 14 54 48.70  -13.7900  167.2400 196.8 5.9 5.5 VANUATU ISLANDS
event name:         C091799A
time shift:           5.1877
half duration:        2.0000
latitude:           -13.7844
longitude:          167.0392
depth:              194.8809
Mrr:            3.788627E+25
Mtt:           -4.903378E+24
Mpp:           -3.298290E+25
Mrt:           -6.663743E+24
Mrp:           -3.450044E+24
Mtp:            1.179353E+25
