 PDE 1997 09 15 13 05 42.70    8.1000  126.6400  50.7 5.8 5.7 MINDANAO, PHILIPPINES
event name:         C091597B
time shift:           5.1217
half duration:        2.6000
latitude:             8.0167
longitude:          126.9184
depth:               46.4444
Mrr:            1.723309E+25
Mtt:            8.352154E+23
Mpp:           -1.806830E+25
Mrt:            3.379493E+24
Mrp:            2.593466E+24
Mtp:           -9.674199E+23
