 PDE 2004  9 18 12 52 16.50  42.8800   -1.5200   1.0 4.8 0.0 PYRENEES - INV
event name:     C091804B
time shift:      0.8600
half duration:   0.5000
latitude:       42.9600
longitude:      -1.6900
depth:          11.7615
Mrr:      -0.789994E+23
Mtt:       0.606715E+23
Mpp:       0.183278E+23
Mrt:       0.490865E+23
Mrp:       0.872001E+23
Mtp:      -0.231737E+23
