 PDE 2001 09 12 08 48 37.30  -20.9900 -179.1100 608.1 5.7 0.0 FIJI ISLANDS REGION
event name:         C091201A
time shift:           6.2705
half duration:        4.2000
latitude:           -20.8386
longitude:         -178.8988
depth:              631.9968
Mrr:           -2.602007E+25
Mtt:            2.703194E+24
Mpp:            2.331686E+25
Mrt:           -3.679862E+25
Mrp:           -4.286800E+25
Mtp:            1.120629E+25
