 PDE 2002  9 16 18 48 26.70  66.9400  -18.4600  10.0 5.5 5.7 ICELAND REGION - INV
event name:     C091602G
time shift:      4.9000
half duration:   2.0000
latitude:       66.9000
longitude:     -18.6700
depth:          12.3617
Mrr:      -0.116155E+25
Mtt:      -0.496068E+25
Mpp:       0.612222E+25
Mrt:       0.257351E+25
Mrp:       0.763120E+24
Mtp:      -0.390638E+25
