 PDE 2003 09 12 06 55 55.80   -5.2700  151.5000  50.4 5.8 5.6 NEW BRITAIN REGION, P.N.G.
event name:         C091203A
time shift:           4.4312
half duration:        2.4000
latitude:            -5.5930
longitude:          151.5993
depth:               51.1770
Mrr:            1.067349E+25
Mtt:           -1.260051E+25
Mpp:            1.927036E+24
Mrt:            4.026586E+24
Mrp:           -2.981125E+24
Mtp:           -1.693641E+24
