 PDE 1996 09 14 13 10 53.90  -10.8800  165.9900  73.0 6.0 6.0 SANTA CRUZ ISLANDS
event name:         C091496G
time shift:           4.9480
half duration:        4.1000
latitude:           -10.8485
longitude:          165.9397
depth:               63.8398
Mrr:            3.280382E+25
Mtt:           -1.673511E+23
Mpp:           -3.263647E+25
Mrt:            2.700723E+25
Mrp:           -1.550480E+25
Mtp:           -3.072589E+25
