 PDE 2001 09 22 03 23 38.20    3.8700  -75.9700 178.6 6.0 0.0 COLOMBIA
event name:         C092201A
time shift:           2.9546
half duration:        2.3000
latitude:             4.0308
longitude:          -76.1759
depth:              176.5067
Mrr:            5.710036E+24
Mtt:           -1.014823E+25
Mpp:            4.438210E+24
Mrt:            5.281544E+23
Mrp:           -6.087559E+24
Mtp:            2.911045E+24
