 PDE 1998 09 21 06 52 41.20    0.2600  122.4700 147.4 6.1 0.0 MINAHASSA PENINSULA, SULAWESI
event name:         C092198A
time shift:           5.4054
half duration:        2.2000
latitude:             0.4446
longitude:          122.5450
depth:              139.0983
Mrr:            8.953750E+24
Mtt:           -7.884296E+24
Mpp:           -1.069454E+24
Mrt:           -4.290748E+24
Mrp:            8.965074E+23
Mtp:            2.358995E+24
