 PDE 2004  9 21 13 32 30.80  54.8400   19.9100  10.0 4.9 0.0 POLAND - INV
event name:     C092104D
time shift:      1.1400
half duration:   0.6000
latitude:       54.7737
longitude:      20.1137
depth:          18.3261
Mrr:       0.720412E+21
Mtt:      -0.856438E+23
Mpp:       0.849233E+23
Mrt:      -0.166725E+23
Mrp:      -0.604919E+22
Mtp:      -0.712550E+23
