 PDE 1996 09 28 14 10 42.40   10.0400  125.3700 235.0 5.6 0.0 LEYTE, PHILIPPINES
event name:         C092896G
time shift:           4.5535
half duration:        3.5000
latitude:            10.1885
longitude:          125.3247
depth:              232.8240
Mrr:           -2.333067E+24
Mtt:            3.085847E+25
Mpp:           -2.852539E+25
Mrt:           -2.312841E+24
Mrp:           -7.061864E+24
Mtp:            3.118580E+25
