 PDE 1998 09 28 13 34 30.50   -8.1900  112.4100 151.6 6.4 0.0 JAVA, INDONESIA
event name:         C092898D
time shift:           4.7042
half duration:        4.8000
latitude:            -8.3536
longitude:          112.3928
depth:              148.5743
Mrr:            2.882124E+24
Mtt:            7.757120E+24
Mpp:           -1.063925E+25
Mrt:            8.743503E+25
Mrp:            1.335463E+25
Mtp:            2.388484E+25
