 PDE 1995 09 23 22 31 58.30  -10.5300  -78.7000  73.0 5.9 0.0 NEAR COAST OF PERU
event name:         C092395E
time shift:           3.2904
half duration:        4.0000
latitude:           -10.6081
longitude:          -78.4657
depth:               69.1423
Mrr:           -4.444539E+25
Mtt:            1.740417E+24
Mpp:            4.270498E+25
Mrt:            1.183642E+24
Mrp:           -4.846048E+25
Mtp:            6.807596E+23
