 PDE 1997  9 26  9 40 26.30  43.0800   12.8100  10.0 5.7 6.0 CENTRAL ITALY - INV
event name:     C092697C
time shift:      5.8000
half duration:   2.7000
latitude:       43.0747
longitude:      12.7748
depth:           9.9884
Mrr:      -0.114357E+26
Mtt:       0.551758E+25
Mpp:       0.591807E+25
Mrt:       0.329865E+25
Mrp:      -0.276288E+25
Mtp:      -0.620812E+25
