 PDE 1997 09 26 15 48 34.30   -5.3900  128.9900 253.8 5.8 0.0 BANDA SEA
event name:         C092697G
time shift:           4.3440
half duration:        2.6000
latitude:            -5.2894
longitude:          129.1277
depth:              262.2290
Mrr:            1.195875E+25
Mtt:           -1.473385E+25
Mpp:            2.775099E+24
Mrt:           -2.268347E+24
Mrp:           -7.432310E+24
Mtp:           -4.859583E+24
