 PDE 2003  9 21 18 16 13.40  19.9200   95.6700  10.0 6.5 6.9 MYANMAR
event name:     092103B
time shift:      8.3948
half duration:   4.7000
latitude:       19.8600
longitude:      95.6906
depth:          10.4853
Mrr:       1.843806e+25
Mtt:       1.548207e+25
Mpp:      -3.392014e+25
Mrt:       2.798714e+25
Mrp:      -3.612231e+23
Mtp:       8.047110e+25
