 PDE 2000 09 26 06 17 52.40  -17.1800 -173.9300  56.0 6.1 6.1 TONGA ISLANDS
event name:         C092600A
time shift:           6.2544
half duration:        3.9000
latitude:           -17.2431
longitude:         -173.2794
depth:               67.0206
Mrr:            4.106801E+25
Mtt:            3.836272E+24
Mpp:           -4.490428E+25
Mrt:           -1.784288E+24
Mrp:           -1.732744E+25
Mtp:           -1.227552E+24
