 PDE 1996  9 29 10 48 18.90  64.7800  -17.5700  10.0 5.3 5.4 ICELAND - INV
event name:     C092996D
time shift:      5.1000
half duration:   1.7000
latitude:       64.6600
longitude:     -17.2700
depth:           6.0727
Mrr:       0.312889E+25
Mtt:      -0.214453E+25
Mpp:      -0.984342E+24
Mrt:       0.168699E+25
Mrp:       0.239116E+25
Mtp:       0.107148E+24
