 PDE 2002 09 24 03 57 22.30  -31.5200  -69.2000 119.6 6.2 0.0 SAN JUAN PROVINCE, ARGENTINA
event name:         C092402B
time shift:           4.5513
half duration:        3.4000
latitude:           -31.4753
longitude:          -69.1264
depth:              112.1284
Mrr:           -3.988225E+25
Mtt:            9.385167E+24
Mpp:            3.049711E+25
Mrt:            5.541632E+24
Mrp:            6.650828E+24
Mtp:            1.982512E+25
