 PDE 1995 10 06 11 39 36.00  -20.0200 -175.9200 209.0 5.7 0.0 TONGA ISLANDS
event name:         C100695C
time shift:           5.8187
half duration:        3.7000
latitude:           -19.7937
longitude:         -175.5107
depth:              213.5767
Mrr:           -9.318146E+24
Mtt:           -3.875668E+24
Mpp:            1.319382E+25
Mrt:           -2.179653E+24
Mrp:           -3.927047E+25
Mtp:            2.926437E+25
