 PDE 2004 10  9 21 26 53.70  11.4200  -86.6700  35.0 6.9 7.0 NEAR COAST OF NICARAGUA
event name:     100904E
time shift:      7.6419
half duration:   6.9000
latitude:       11.2569
longitude:     -87.0682
depth:          38.9664
Mrr:       2.238020e+26
Mtt:      -1.448260e+26
Mpp:      -7.897597e+25
Mrt:       1.491470e+26
Mrp:      -9.296252e+25
Mtp:       1.146853e+26
