 PDE 2004 10 08 14 36 06.10   13.9300  120.5300 105.0 6.3 0.0 MINDORO, PHILIPPINES
event name:         C100804C
time shift:           5.0151
half duration:        4.0000
latitude:            13.9082
longitude:          120.5005
depth:              106.4750
Mrr:            3.252931E+25
Mtt:            3.366100E+23
Mpp:           -3.286594E+25
Mrt:            3.469387E+25
Mrp:            1.054114E+25
Mtp:            3.255731E+25
