 PDE 1997 10 06 12 30 05.80    9.7900  125.7800 105.6 5.9 0.0 MINDANAO, PHILIPPINES
event name:         C100697C
time shift:           5.3559
half duration:        4.2000
latitude:             9.7865
longitude:          125.9484
depth:              113.0436
Mrr:            1.961041E+25
Mtt:            1.227207E+25
Mpp:           -3.188246E+25
Mrt:            4.379812E+24
Mrp:            4.270366E+25
Mtp:            3.466045E+25
