 PDE 2001 10 02 00 48 18.80  -16.1800 -173.8200 106.9 5.8 0.0 TONGA ISLANDS
event name:         C100201B
time shift:           3.8626
half duration:        2.8000
latitude:           -16.2101
longitude:         -173.3716
depth:              106.5265
Mrr:           -1.820745E+25
Mtt:            4.797763E+23
Mpp:            1.772767E+25
Mrt:           -1.990085E+24
Mrp:            8.774811E+24
Mtp:           -4.414108E+24
