 PDE 1996 10  9 13 10 52.10  34.5600   32.1300  33.0 6.4 6.8 CYPRUS - INV
event name:     C100996B
time shift:      8.0000
half duration:   6.9000
latitude:       34.4795
longitude:      32.0996
depth:          18.4413
Mrr:      -0.881005E+26
Mtt:       0.211841E+27
Mpp:      -0.123741E+27
Mrt:       0.959082E+26
Mrp:      -0.112254E+26
Mtp:      -0.242855E+26
