 PDE 1997 10 05 18 04 30.00  -59.7400  -29.2000 273.9 6.0 0.0 SOUTH SANDWICH ISLANDS REGION
event name:         C100597E
time shift:           7.1988
half duration:        3.4000
latitude:           -59.9002
longitude:          -28.9241
depth:              280.6060
Mrr:           -4.608147E+25
Mtt:            1.319574E+25
Mpp:            3.288571E+25
Mrt:           -1.603975E+25
Mrp:            1.063148E+25
Mtp:           -3.285860E+24
