 PDE 2004 10  7  1  5 12.90  36.4300   26.8000 128.9 5.7 0.0 DODECANESE ISLANDS, GREE - INV
event name:     C100704A
time shift:      2.3500
half duration:   1.3000
latitude:       36.2920
longitude:      26.7141
depth:         128.7819
Mrr:       0.144048E+24
Mtt:      -0.576152E+24
Mpp:       0.432104E+24
Mrt:       0.149943E+25
Mrp:       0.987617E+24
Mtp:       0.105768E+25
