 PDE 2000 10  6  4 30 19.10  35.4600  133.1300  10.0 6.7 6.8 WESTERN HONSHU, JAPAN
event name:     100600A
time shift:      6.8219
half duration:   5.8000
latitude:       35.3239
longitude:     133.1685
depth:          10.8086
Mrr:      -4.789645e+24
Mtt:       9.376620e+25
Mpp:      -8.897656e+25
Mrt:      -1.539433e+25
Mrp:      -4.745606e+24
Mtp:      -5.560503e+25
