 PDE 2002 10  6  1 18 35.80  58.4700  -31.8100  10.0 5.2 5.4 REYKJANES RIDGE - INV
event name:     C100602A
time shift:      4.2000
half duration:   1.4000
latitude:       58.5000
longitude:     -31.5500
depth:           6.3711
Mrr:      -0.265173E+25
Mtt:       0.293787E+24
Mpp:       0.235793E+25
Mrt:       0.788994E+24
Mrp:       0.192919E+25
Mtp:       0.835989E+24
