 PDE 2002 10 04 19 05 48.80  -20.9900 -179.0200 621.1 6.1 0.0 FIJI ISLANDS REGION
event name:         C100402E
time shift:           5.8161
half duration:        3.6000
latitude:           -20.8569
longitude:         -178.7400
depth:              647.3052
Mrr:           -2.445164E+25
Mtt:            6.067046E+24
Mpp:            1.838460E+25
Mrt:           -2.175983E+25
Mrp:           -1.767065E+25
Mtp:            1.246142E+25
