 PDE 2003 10  8  9  6 55.30  42.6500  144.5700  32.0 6.7 6.6 HOKKAIDO, JAPAN REGION
event name:     100803A
time shift:      5.9052
half duration:   5.1000
latitude:       42.4643
longitude:     144.7868
depth:          35.7988
Mrr:       6.077045e+25
Mtt:      -3.689122e+25
Mpp:      -2.387924e+25
Mrt:       3.963798e+25
Mrp:       7.838612e+25
Mtp:      -4.061226e+25
