 PDE 1998 10 08 04 51 42.90  -16.1200  -71.4000 136.2 6.1 0.0 SOUTHERN PERU
event name:         C100898A
time shift:           3.0741
half duration:        3.0000
latitude:           -16.0326
longitude:          -71.5909
depth:              134.2455
Mrr:           -1.498307E+25
Mtt:           -1.873550E+24
Mpp:            1.685663E+25
Mrt:            1.431365E+25
Mrp:           -1.141782E+25
Mtp:           -7.707412E+24
