 PDE 1995 10 09 13 43 42.80  -21.4900  170.1300 119.0 5.6 5.5 SOUTHEAST OF LOYALTY ISLANDS
event name:         C100995B
time shift:           5.0552
half duration:        3.5000
latitude:           -21.3496
longitude:          170.1136
depth:              114.5225
Mrr:           -4.631959E+24
Mtt:            7.396173E+24
Mpp:           -2.764213E+24
Mrt:            2.120958E+25
Mrp:            9.154593E+24
Mtp:            2.481098E+25
