 PDE 2004 10  8  8 27 53.50 -10.9500  162.1600  36.0 6.7 6.9 SOLOMON ISLANDS
event name:     100804B
time shift:      4.5788
half duration:   5.7000
latitude:      -10.8767
longitude:     162.2326
depth:          36.8741
Mrr:       5.734551e+25
Mtt:       4.170026e+24
Mpp:      -6.151553e+25
Mrt:       6.698779e+25
Mrp:       9.687660e+25
Mtp:       1.058454e+26
