 PDE 2003 10  1  1  3 25.20  50.2100   87.7200  10.0 6.6 7.1 SOUTHWESTERN SIBERIA, RUSSIA
event name:     100103B
time shift:      2.9437
half duration:   5.1000
latitude:       50.2301
longitude:      87.5343
depth:          11.8720
Mrr:       2.492346e+25
Mtt:      -1.243812e+26
Mpp:       9.945771e+25
Mrt:       3.642127e+25
Mrp:      -2.669891e+25
Mtp:      -1.852358e+25
