 PDE 1998 10 03 11 15 42.70   28.5000  127.6100 226.6 5.6 0.0 NORTHWEST OF RYUKYU ISLANDS
event name:         C100398E
time shift:           2.1451
half duration:        2.9000
latitude:            28.4018
longitude:          127.6705
depth:              214.2281
Mrr:            1.044486E+25
Mtt:           -2.441358E+24
Mpp:           -8.003509E+24
Mrt:            1.200680E+25
Mrp:            1.117576E+25
Mtp:           -4.293314E+24
