 PDE 2003 10  7  2 36 54.40  79.1400    2.3300  10.0 5.1 4.6 GREENLAND SEA - INV
event name:     C100703A
time shift:      3.5800
half duration:   0.9000
latitude:       79.1400
longitude:       2.3300
depth:          14.2895
Mrr:       0.661984E+23
Mtt:      -0.340114E+24
Mpp:       0.273916E+24
Mrt:      -0.305197E+24
Mrp:       0.304298E+23
Mtp:       0.298676E+24
