 PDE 2002 10 16 10 12 21.40   51.9500  157.3200 102.4 6.1 0.0 NEAR EAST COAST OF KAMCHATKA
event name:         C101602D
time shift:           5.1159
half duration:        3.2000
latitude:            51.8376
longitude:          157.5791
depth:              104.6448
Mrr:            3.136861E+24
Mtt:           -5.270389E+24
Mpp:            2.133529E+24
Mrt:           -1.126997E+25
Mrp:           -2.125775E+25
Mtp:           -7.919958E+24
