 PDE 2002 10 17 04 23 55.90  -19.8400 -178.4000 627.6 5.5 0.0 FIJI ISLANDS REGION
event name:         C101702C
time shift:           1.9199
half duration:        2.9000
latitude:           -19.7901
longitude:         -178.2295
depth:              618.5395
Mrr:            9.306497E+23
Mtt:            3.811356E+24
Mpp:           -4.742004E+24
Mrt:           -1.141135E+25
Mrp:           -1.861942E+25
Mtp:           -8.699814E+23
