 PDE 2004 10 15 04 08 50.20   24.5300  122.6900  94.0 6.4 0.0 TAIWAN REGION
event name:         C101504A
time shift:           4.3707
half duration:        4.7000
latitude:            24.4756
longitude:          122.7389
depth:               98.4916
Mrr:            6.689682E+24
Mtt:           -1.957859E+25
Mpp:            1.288890E+25
Mrt:            8.787413E+25
Mrp:           -2.115219E+25
Mtp:           -2.150364E+25
