 PDE 2002 10 12 20 09 11.50   -8.3000  -71.7400 534.3 6.5 0.0 WESTERN BRAZIL
event name:         C101202H
time shift:           5.9514
half duration:        6.6000
latitude:            -8.3019
longitude:          -71.6638
depth:              534.7339
Mrr:           -3.041030E+26
Mtt:            5.796460E+25
Mpp:            2.461380E+26
Mrt:           -7.987564E+25
Mrp:            3.065159E+25
Mtp:           -6.169733E+25
