 PDE 1997 10 15 01 03 33.50  -30.9300  -71.2200  58.0 6.8 6.8 NEAR COAST OF CENTRAL CHILE
event name:         C101597A
time shift:           9.2182
half duration:        9.0000
latitude:           -31.0592
longitude:          -71.4204
depth:               69.7434
Mrr:           -2.217289E+26
Mtt:            2.481920E+25
Mpp:            1.969096E+26
Mrt:           -5.772783E+25
Mrp:            6.081041E+26
Mtp:           -1.070609E+26
