 PDE 2004 10 13 20 35 41.00   -6.0700  130.5300  89.9 5.9 0.0 BANDA SEA
event name:         C101304C
time shift:           1.3177
half duration:        2.0000
latitude:            -6.0543
longitude:          130.6695
depth:               80.0104
Mrr:            4.870605E+24
Mtt:           -8.358891E+24
Mpp:            3.488286E+24
Mrt:            5.587976E+23
Mrp:            1.477563E+24
Mtp:           -5.767878E+23
