 PDE 2003 10 17 10 19 06.80   -5.4700  154.1500 133.0 6.2 0.0 SOLOMON ISLANDS
event name:         C101703B
time shift:           5.5064
half duration:        3.7000
latitude:            -5.5488
longitude:          154.0719
depth:              133.2187
Mrr:            4.996356E+25
Mtt:           -2.427239E+25
Mpp:           -2.569117E+25
Mrt:            1.760005E+25
Mrp:           -1.228339E+25
Mtp:            2.120787E+25
