 PDE 1997 10 17 15 02 00.50  -20.8900 -178.8400 578.9 5.3 0.0 FIJI ISLANDS REGION
event name:         C101797C
time shift:           3.9309
half duration:        2.4000
latitude:           -20.9302
longitude:         -178.5885
depth:              585.9850
Mrr:           -1.866546E+24
Mtt:            1.986662E+24
Mpp:           -1.201151E+23
Mrt:           -8.553092E+24
Mrp:           -9.866993E+24
Mtp:           -3.981417E+23
