 PDE 1998 10 14  1 36 19.90  60.7100  -44.0500  10.0 5.1 4.4 WESTERN GREENLAND - INV
event name:     C101498A
time shift:      5.2000
half duration:   1.0000
latitude:       60.6700
longitude:     -43.8300
depth:          15.0000
Mrr:      -0.441658E+24
Mtt:       0.314410E+24
Mpp:       0.127247E+24
Mrt:       0.356220E+22
Mrp:       0.206529E+24
Mtp:       0.187882E+24
