 PDE 1996 10 19 14 53 48.70  -20.4100 -178.5100 591.0 6.1 0.0 FIJI ISLANDS REGION
event name:         C101996E
time shift:           5.2642
half duration:        6.9000
latitude:           -20.4644
longitude:         -178.2429
depth:              604.6802
Mrr:           -2.179241E+26
Mtt:            1.254643E+25
Mpp:            2.053777E+26
Mrt:           -7.571382E+25
Mrp:           -1.798882E+26
Mtp:           -1.398164E+25
