 PDE 1995 10 14 08 00 41.80  -25.5700 -177.5100  70.0 5.9 0.0 SOUTH OF FIJI ISLANDS
event name:         C101495B
time shift:          13.4251
half duration:        2.5000
latitude:           -25.5393
longitude:         -177.1762
depth:              167.3899
Mrr:            1.840250E+25
Mtt:           -2.205483E+24
Mpp:           -1.619704E+25
Mrt:           -1.080707E+25
Mrp:            8.720461E+24
Mtp:           -1.136430E+25
