 PDE 2000 10 25  9 32 24.00  -6.5500  105.6300  38.0 6.8 6.6 SUNDA STRAIT, INDONESIA
event name:     102500D
time shift:      6.7936
half duration:   6.7000
latitude:       -7.2260
longitude:     105.3924
depth:          40.6475
Mrr:       1.392567e+26
Mtt:      -1.167631e+26
Mpp:      -2.249363e+25
Mrt:       1.055127e+26
Mrp:      -2.045565e+25
Mtp:       5.111010e+25
