 PDE 1999 10 25 20 31 42.30  -38.7000  175.8000 158.7 5.5 0.0 NORTH ISLAND, NEW ZEALAND
event name:         C102599F
time shift:           5.3424
half duration:        2.4000
latitude:           -38.4792
longitude:          175.7867
depth:              152.8988
Mrr:            6.035851E+24
Mtt:            4.309552E+24
Mpp:           -1.034540E+25
Mrt:            1.065763E+25
Mrp:           -1.121292E+24
Mtp:           -2.465484E+24
