 PDE 1998 10 27 21 16 21.00    2.9200  128.6200  60.7 5.9 0.0 HALMAHERA, INDONESIA
event name:         C102798F
time shift:           3.6438
half duration:        1.9000
latitude:             3.1950
longitude:          128.5164
depth:               53.1030
Mrr:            6.320631E+24
Mtt:           -1.194911E+24
Mpp:           -5.125722E+24
Mrt:           -2.876768E+24
Mrp:           -3.987561E+24
Mtp:           -2.517382E+24
