 PDE 2002 10 22 11 39 04.20  -20.6300 -178.3900 549.0 5.5 0.0 FIJI ISLANDS REGION
event name:         C102202C
time shift:           4.4587
half duration:        2.9000
latitude:           -20.4978
longitude:         -178.3009
depth:              559.0008
Mrr:           -8.105615E+24
Mtt:            6.270312E+24
Mpp:            1.835302E+24
Mrt:           -1.696596E+25
Mrp:           -1.011633E+25
Mtp:            5.682371E+22
