 PDE 2000 10 29 08 37 08.80   -4.7700  153.9500  50.0 6.1 6.3 NEW IRELAND REGION, P.N.G.
event name:         C102900C
time shift:          10.9004
half duration:        7.7000
latitude:            -5.2177
longitude:          153.9532
depth:               89.1081
Mrr:            2.448147E+26
Mtt:           -9.102394E+25
Mpp:           -1.537907E+26
Mrt:           -1.080244E+26
Mrp:            1.376123E+26
Mtp:            1.186667E+26
