 PDE 2002 10 23 11 27 19.40  63.5100 -147.9100   4.2 6.6 6.7 CENTRAL ALASKA
event name:     102302E
time shift:      4.6463
half duration:   5.7000
latitude:       63.5774
longitude:    -148.1800
depth:          16.8946
Mrr:      -1.847791e+24
Mtt:       3.272085e+25
Mpp:      -3.087306e+25
Mrt:      -1.729334e+24
Mrp:       2.680755e+24
Mtp:      -1.171537e+26
