 PDE 2004 10 27 20 34 36.80   45.7900   26.6200  95.8 5.8 0.0 ROMANIA
event name:         C102704D
time shift:           1.6101
half duration:        1.9000
latitude:            45.7413
longitude:           26.6734
depth:               90.5173
Mrr:            2.366990E+24
Mtt:            5.115946E+23
Mpp:           -2.878585E+24
Mrt:           -4.264208E+24
Mrp:           -4.233700E+24
Mtp:            8.808130E+22
