 PDE 2003 10 28 02 33 51.50   -5.3800  151.5100  65.0 5.8 0.0 NEW BRITAIN REGION, P.N.G.
event name:         C102803A
time shift:           2.9220
half duration:        2.4000
latitude:            -5.6374
longitude:          151.6526
depth:               47.5501
Mrr:            1.081024E+25
Mtt:           -1.120560E+25
Mpp:            3.953525E+23
Mrt:            4.653989E+24
Mrp:           -6.809940E+23
Mtp:           -3.258460E+24
