 PDE 1997 10 23 14  7 28.80  46.4500  -27.5000  10.0 5.0 5.2 NORTH ATLANTIC RIDGE - INV
event name:     C102397C
time shift:      1.6000
half duration:   1.4000
latitude:       46.2597
longitude:     -27.6832
depth:           7.1809
Mrr:      -0.171050E+25
Mtt:       0.199974E+24
Mpp:       0.151052E+25
Mrt:       0.202430E+25
Mrp:      -0.181124E+25
Mtp:       0.258153E+24
