 PDE 2001 10 21  0 29 21.50 -37.1400  178.9800  18.0 6.6 6.8 OFF E. COAST OF N. ISLAND, N.Z.
event name:     102101A
time shift:      5.4663
half duration:   5.1000
latitude:      -37.0352
longitude:     179.8074
depth:          14.1489
Mrr:      -2.567980e+25
Mtt:      -1.533154e+25
Mpp:       4.101133e+25
Mrt:      -1.972659e+25
Mrp:       5.734275e+25
Mtp:       1.041722e+26
