 PDE 2003 10 22 11 45 30.80   -6.0600  147.7300  53.5 6.2 6.3 EASTERN NEW GUINEA REG., P.N.G.
event name:         C102203C
time shift:           5.1653
half duration:        3.3000
latitude:            -6.2976
longitude:          147.9216
depth:               49.0082
Mrr:            3.554559E+25
Mtt:           -3.298674E+25
Mpp:           -2.558850E+24
Mrt:            1.038928E+25
Mrp:           -4.598469E+24
Mtp:            1.303349E+25
