 PDE 2000 10 21 05 25 14.90  -17.2900 -175.1800 291.8 5.1 0.0 TONGA ISLANDS
event name:         C102100B
time shift:           4.5038
half duration:        3.3000
latitude:           -17.4052
longitude:         -174.7949
depth:              296.0669
Mrr:           -1.519401E+25
Mtt:            3.156603E+24
Mpp:            1.203743E+25
Mrt:            8.312122E+24
Mrp:            2.373132E+25
Mtp:            6.428963E+24
