 PDE 2004 10 23  8 56  0.90  37.2300  138.7800  16.0 6.6 6.3 NEAR WEST COAST OF HONSHU, JAPAN
event name:     102304D
time shift:      5.2942
half duration:   4.8000
latitude:       37.3002
longitude:     138.8013
depth:           4.8258
Mrr:       8.482331e+25
Mtt:      -1.767206e+25
Mpp:      -6.715125e+25
Mrt:      -2.477505e+25
Mrp:      -2.801608e+25
Mtp:      -3.798950e+25
