 PDE 1995 10 20 19 21 28.60   18.7700  145.3900 225.0 5.3 0.0 MARIANA ISLANDS
event name:         C102095C
time shift:           8.1932
half duration:        2.7000
latitude:            19.1773
longitude:          145.5677
depth:              208.1449
Mrr:            8.821967E+24
Mtt:            2.873811E+24
Mpp:           -1.169578E+25
Mrt:           -1.060987E+25
Mrp:           -4.639396E+23
Mtp:            9.803832E+24
