 PDE 2000 10 27 04 21 51.60   26.2700  140.4600 388.0 6.1 0.0 BONIN ISLANDS, JAPAN REGION
event name:         C102700B
time shift:           5.3997
half duration:        2.8000
latitude:            26.3085
longitude:          140.6880
depth:              387.3900
Mrr:            8.715173E+24
Mtt:           -3.395619E+24
Mpp:           -5.319553E+24
Mrt:           -1.330948E+25
Mrp:           -6.892409E+24
Mtp:            4.701996E+24
