 PDE 2002 10 31 10 32 58.80  41.7900   14.8700  10.0 5.3 5.6 SOUTHERN ITALY - INV
event name:     C103102B
time shift:      6.1000
half duration:   1.9000
latitude:       41.6742
longitude:      14.8971
depth:          13.3934
Mrr:       0.144655E+25
Mtt:      -0.814586E+24
Mpp:      -0.631959E+24
Mrt:       0.139607E+24
Mrp:      -0.779141E+24
Mtp:      -0.423863E+25
