 PDE 1998 11 08 07 25 48.50   -9.1400  121.4200  33.0 6.0 5.9 SAVU SEA
event name:         C110898D
time shift:           9.6828
half duration:        3.7000
latitude:            -9.1915
longitude:          121.7228
depth:               62.8161
Mrr:           -1.028433E+25
Mtt:            1.253078E+25
Mpp:           -2.246464E+24
Mrt:            4.186238E+25
Mrp:            6.484334E+24
Mtp:           -8.312933E+24
