 PDE 1997 11 09 22 56 42.80   13.8500  -88.8100 176.4 5.6 0.0 EL SALVADOR
event name:         C110997C
time shift:           6.5399
half duration:        3.8000
latitude:            13.8718
longitude:          -89.3020
depth:              176.3881
Mrr:            2.441796E+25
Mtt:           -1.275695E+25
Mpp:           -1.166100E+25
Mrt:            2.670220E+25
Mrp:           -2.621596E+25
Mtp:            6.603126E+24
