 PDE 2004 11 05 05 18 35.00   -4.3600  143.9300 125.7 5.7 0.0 NEW GUINEA, PAPUA NEW GUINEA
event name:         C110504A
time shift:           1.9904
half duration:        2.3000
latitude:            -4.3744
longitude:          143.9465
depth:              123.5490
Mrr:            8.764741E+24
Mtt:           -6.339916E+24
Mpp:           -2.424826E+24
Mrt:            7.393370E+24
Mrp:           -3.057565E+23
Mtp:            6.331838E+23
