 PDE 2000 11 01 04 27 45.50   -7.9500  -74.4200 150.9 5.9 0.0 PERU-BRAZIL BORDER REGION
event name:         C110100A
time shift:           3.0004
half duration:        2.2000
latitude:            -7.9907
longitude:          -74.3563
depth:              151.0483
Mrr:            7.797583E+23
Mtt:           -3.370674E+23
Mpp:           -4.426911E+23
Mrt:            2.624291E+24
Mrp:           -8.587416E+24
Mtp:           -1.822171E+24
