 PDE 1996 11 05 09 41 34.70  -31.1600  180.0000 369.0 5.9 0.0 KERMADEC ISLANDS REGION
event name:         C110596B
time shift:           5.1768
half duration:        5.8000
latitude:           -30.9548
longitude:         -179.7400
depth:              362.3658
Mrr:           -1.348446E+26
Mtt:           -2.569364E+25
Mpp:            1.605382E+26
Mrt:           -7.343337E+25
Mrp:            4.329264E+25
Mtp:            4.164595E+25
