 PDE 1999 11 08 16 45 43.00   36.5200   71.2400 228.4 6.2 0.0 AFGHANISTAN-TAJIKISTAN BORD REG.
event name:         C110899D
time shift:           3.8929
half duration:        4.1000
latitude:            36.4846
longitude:           70.8405
depth:              229.5702
Mrr:            6.993047E+25
Mtt:           -9.984480E+24
Mpp:           -5.994600E+25
Mrt:            1.285256E+25
Mrp:            4.769336E+25
Mtp:           -1.835263E+25
