 PDE 2000 11 07 07 50 09.70   -5.4300  154.0200  90.5 5.4 0.0 SOLOMON ISLANDS
event name:         C110700E
time shift:           5.0001
half duration:        3.2000
latitude:            -5.3872
longitude:          154.1685
depth:               84.7925
Mrr:            2.276030E+25
Mtt:           -8.168221E+24
Mpp:           -1.459207E+25
Mrt:           -1.253556E+25
Mrp:            1.169512E+25
Mtp:            1.023695E+25
