 PDE 2004 11  2 10  2 12.80  49.2800 -128.7700  10.0 6.6 6.4 VANCOUVER ISLAND, CANADA REGION
event name:     110204F
time shift:      3.1037
half duration:   4.7000
latitude:       49.1865
longitude:    -129.1644
depth:          19.9742
Mrr:      -5.381255e+24
Mtt:      -8.285235e+25
Mpp:       8.823362e+25
Mrt:       1.225823e+25
Mrp:       4.587816e+24
Mtp:      -8.530254e+24
