 PDE 2004 11 05 17 31 32.90  -18.5800  168.9700 186.7 5.3 0.0 VANUATU ISLANDS
event name:         C110504C
time shift:           4.2745
half duration:        1.7000
latitude:           -18.6806
longitude:          168.8411
depth:              203.7966
Mrr:           -1.813910E+24
Mtt:            3.800726E+24
Mpp:           -1.986817E+24
Mrt:            2.498535E+24
Mrp:            2.484039E+24
Mtp:           -1.355503E+24
