 PDE 1997 11 03 19 17 58.90   -6.7400  129.0200 215.6 5.7 0.0 BANDA SEA
event name:         C110397H
time shift:           4.5291
half duration:        2.5000
latitude:            -6.7135
longitude:          129.1114
depth:              218.6655
Mrr:            1.261742E+25
Mtt:           -1.630235E+25
Mpp:            3.684937E+24
Mrt:           -6.260034E+24
Mrp:            6.038598E+24
Mtp:            4.746694E+24
