 PDE 2001 11 05 23 07 11.70  -17.2900 -179.2500 564.1 5.4 0.0 FIJI ISLANDS REGION
event name:         C110501D
time shift:           4.8809
half duration:        3.3000
latitude:           -17.1198
longitude:         -178.9746
depth:              576.5090
Mrr:           -1.773713E+25
Mtt:            2.879912E+25
Mpp:           -1.106199E+25
Mrt:            1.020880E+25
Mrp:           -4.239562E+24
Mtp:            1.633594E+25
