 PDE 2003 11 06 10 38 04.30  -19.2600  168.8900 113.7 6.0 0.0 VANUATU ISLANDS
event name:         C110603C
time shift:           4.5912
half duration:        4.6000
latitude:           -19.4138
longitude:          168.8156
depth:              110.4979
Mrr:            4.671007E+25
Mtt:            1.659265E+25
Mpp:           -6.330273E+25
Mrt:            1.370419E+25
Mrp:           -7.435376E+25
Mtp:            4.506507E+25
