 PDE 2000 11  7  0 18  4.90 -55.6300  -29.8800  10.0 6.7 6.7 SOUTH SANDWICH ISLANDS REGION
event name:     110700A
time shift:     11.1084
half duration:   6.2000
latitude:      -55.3467
longitude:     -29.2501
depth:          15.0770
Mrr:       1.579996e+26
Mtt:      -1.567163e+26
Mpp:      -1.283284e+24
Mrt:      -1.537744e+26
Mrp:       1.797972e+25
Mtp:       4.315061e+25
