 PDE 2002 11  7 15 14  6.80  51.2000  179.3300  33.0 6.6 6.4 RAT ISLANDS, ALEUTIAN ISLANDS
event name:     110702B
time shift:      8.3201
half duration:   5.2000
latitude:       51.2144
longitude:     179.2422
depth:          26.4376
Mrr:       6.081831e+25
Mtt:      -6.481620e+25
Mpp:       3.997889e+24
Mrt:       6.489725e+25
Mrp:       3.411546e+25
Mtp:      -1.711514e+25
