 PDE 2004 11  9 23 58 23.60 -11.1500  163.7100  13.0 6.9 6.7 SOLOMON ISLANDS
event name:     110904F
time shift:      9.5976
half duration:   6.9000
latitude:      -11.3783
longitude:     163.6655
depth:          12.9204
Mrr:      -1.599663e+26
Mtt:       7.891397e+25
Mpp:       8.105240e+25
Mrt:      -1.258429e+26
Mrp:       1.307511e+25
Mtp:       2.124082e+26
