 PDE 2002 11  1 15  9  0.80  41.7300   14.8800  10.0 5.5 5.6 SOUTHERN ITALY - INV
event name:     C110102F
time shift:      7.7000
half duration:   1.9000
latitude:       41.8002
longitude:      14.8860
depth:          12.4150
Mrr:      -0.134703E+24
Mtt:       0.100933E+25
Mpp:      -0.874624E+24
Mrt:       0.134640E+25
Mrp:       0.763505E+24
Mtp:      -0.335449E+25
