 PDE 1996 11 11 09 22 27.70   19.3300   95.0100  80.0 5.6 5.4 MYANMAR
event name:         C111196E
time shift:           3.2915
half duration:        2.4000
latitude:            19.2653
longitude:           95.0265
depth:               79.2270
Mrr:            2.669622E+24
Mtt:           -4.105812E+24
Mpp:            1.436188E+24
Mrt:            4.721375E+24
Mrp:           -4.420699E+24
Mtp:           -1.045910E+25
