 PDE 1997 11 15 07 05 16.60   43.8100  145.0200 161.0 5.8 0.0 HOKKAIDO, JAPAN REGION
event name:         C111597B
time shift:           2.9411
half duration:        2.7000
latitude:            43.8299
longitude:          145.0568
depth:              155.4789
Mrr:            7.467355E+23
Mtt:            1.480678E+24
Mpp:           -2.227414E+24
Mrt:            1.661595E+25
Mrp:            5.875556E+24
Mtp:           -9.392315E+23
