 PDE 2002 11 12 01 46 48.90  -56.5500  -27.5400 120.0 6.0 0.0 SOUTH SANDWICH ISLANDS REGION
event name:         C111202B
time shift:           5.0004
half duration:        3.2000
latitude:           -56.4825
longitude:          -26.8891
depth:              113.4221
Mrr:            3.065585E+25
Mtt:           -1.143637E+25
Mpp:           -1.921946E+25
Mrt:           -1.394989E+25
Mrp:            9.533265E+24
Mtp:            1.159256E+25
