 PDE 2004 11 12 06 36 16.80  -26.7000  -63.3200 568.7 5.8 0.0 SANTIAGO DEL ESTERO PROV., ARG.
event name:         C111204H
time shift:           1.8090
half duration:        2.6000
latitude:           -26.8526
longitude:          -63.1880
depth:              581.4603
Mrr:           -1.392312E+25
Mtt:           -2.144837E+24
Mpp:            1.606797E+25
Mrt:           -2.445587E+24
Mrp:            6.283473E+24
Mtp:            3.287548E+24
