  PDE 1997 11 14 21 38 51.60  38.8600   25.8000  17.9 5.6 5.8 AEGEAN SEA - INV
event name:     C111497G
time shift:      3.8000
half duration:   2.1000
latitude:       38.7387
longitude:      25.7614
depth:          12.8233
Mrr:      -0.190470E+25
Mtt:       0.687948E+25
Mpp:      -0.497480E+25
Mrt:       0.233128E+25
Mrp:       0.168534E+25
Mtp:      -0.271862E+25
