 PDE 1999 11 11 18 05 43.50    1.2800  100.3200 211.0 6.0 0.0 NORTHERN SUMATRA, INDONESIA
event name:         C111199C
time shift:           2.7468
half duration:        3.0000
latitude:             1.1695
longitude:          100.0258
depth:              215.2344
Mrr:            4.276338E+24
Mtt:           -5.975661E+24
Mpp:            1.699321E+24
Mrt:            1.103277E+24
Mrp:           -1.511507E+25
Mtp:           -1.533379E+25
