 PDE 1994 11 15 20 18 11.20   -5.6100  110.2000 559.0 6.2 0.0 JAVA SEA
event name:         C111594D
time shift:           4.7445
half duration:        4.4000
latitude:            -5.6134
longitude:          110.2802
depth:              565.3473
Mrr:           -6.725816E+25
Mtt:            6.129446E+25
Mpp:            5.963707E+24
Mrt:           -1.217996E+25
Mrp:           -2.348055E+25
Mtp:           -2.936567E+25
