 PDE 2004 11 11 17 34 52.00 -11.1300  162.2100  10.0 6.6 6.6 SOLOMON ISLANDS
event name:     111104I
time shift:      6.8197
half duration:   4.8000
latitude:      -11.1961
longitude:     162.1472
depth:          13.4078
Mrr:       4.638310e+25
Mtt:      -3.781241e+25
Mpp:      -8.570695e+24
Mrt:       3.503207e+25
Mrp:      -6.638862e+25
Mtp:       5.455591e+25
