 PDE 2004 11 17 21 09 13.10  -20.0700 -178.7100 622.6 5.9 0.0 FIJI ISLANDS REGION
event name:         C111704G
time shift:           4.2106
half duration:        4.3000
latitude:           -19.8755
longitude:         -178.4029
depth:              626.2939
Mrr:            1.771012E+25
Mtt:           -1.603513E+25
Mpp:           -1.674985E+24
Mrt:           -6.106053E+25
Mrp:           -5.086922E+25
Mtp:           -6.952509E+24
