 PDE 2000 11 18 06 54 58.30   -5.2300  151.7700  33.0 6.2 6.6 NEW BRITAIN REGION, P.N.G.
event name:         C111800H
time shift:           9.7786
half duration:        6.1000
latitude:            -5.4328
longitude:          151.8595
depth:               47.6624
Mrr:            1.639428E+26
Mtt:           -1.567679E+26
Mpp:           -7.174941E+24
Mrt:            5.005842E+25
Mrp:           -1.263022E+25
Mtp:           -5.102446E+25
