 PDE 1998 11 15 02 44 12.40  -21.5900 -176.5000 149.1 5.9 0.0 FIJI ISLANDS REGION
event name:         C111598B
time shift:           6.3329
half duration:        3.3000
latitude:           -21.5552
longitude:         -175.8838
depth:              167.0871
Mrr:           -2.059695E+25
Mtt:            3.965617E+24
Mpp:            1.663135E+25
Mrt:           -4.200910E+24
Mrp:           -2.286422E+25
Mtp:            1.166133E+25
