 PDE 1997 11 15 18 59 24.30  -15.1500  167.3800 123.1 6.4 0.0 VANUATU ISLANDS
event name:         C111597D
time shift:           8.1871
half duration:        7.7000
latitude:           -14.9275
longitude:          167.2029
depth:              118.4368
Mrr:            4.990919E+26
Mtt:            6.119856E+24
Mpp:           -5.052117E+26
Mrt:           -9.578382E+25
Mrp:           -4.512555E+25
Mtp:           -5.599887E+25
