 PDE 1997 11 10 23 06 44.30   31.1900  140.4900  86.0 5.8 0.0 SOUTHEAST OF HONSHU, JAPAN
event name:         C111097E
time shift:           2.7215
half duration:        2.9000
latitude:            31.2771
longitude:          140.6259
depth:               65.3578
Mrr:            3.574088E+24
Mtt:           -1.645248E+23
Mpp:           -3.409566E+24
Mrt:           -7.976754E+23
Mrp:           -1.952813E+25
Mtp:           -4.630736E+24
