 PDE 2003 11 11 18 48 23.80   22.3200  143.2500 101.0 5.9 0.0 VOLCANO ISLANDS, JAPAN REGION
event name:         C111103C
time shift:           3.8947
half duration:        2.2000
latitude:            22.3852
longitude:          143.4798
depth:              102.5987
Mrr:            4.708547E+24
Mtt:           -1.750859E+23
Mpp:           -4.533461E+24
Mrt:           -4.902930E+24
Mrp:           -6.208115E+24
Mtp:           -2.996983E+24
