 PDE 2000 11 10 20 10 53.40  36.6000    4.7700  10.0 5.8 5.5 ALGERIA - INV
event name:     C111000E
time shift:      4.0000
half duration:   1.8000
latitude:       36.4362
longitude:       4.9635
depth:          12.0129
Mrr:       0.352077E+25
Mtt:      -0.288813E+25
Mpp:      -0.632647E+24
Mrt:      -0.655788E+24
Mrp:      -0.978718E+24
Mtp:      -0.188929E+25
