 PDE 1996 11 14 13 47 38.10  -21.2400 -176.6200 192.0 5.9 0.0 FIJI ISLANDS REGION
event name:         C111496H
time shift:           4.3266
half duration:        2.9000
latitude:           -21.2934
longitude:         -176.1093
depth:              198.2595
Mrr:           -1.702956E+25
Mtt:            3.838167E+24
Mpp:            1.319139E+25
Mrt:           -9.943208E+23
Mrp:           -1.341167E+25
Mtp:            9.700842E+24
