 PDE 2003 11 12 08 26 43.70   33.1700  137.0700 384.9 6.1 0.0 NEAR S. COAST OF HONSHU, JAPAN
event name:         C111203E
time shift:           4.2078
half duration:        3.6000
latitude:            33.3141
longitude:          137.0810
depth:              378.4677
Mrr:            1.691568E+25
Mtt:            1.367317E+25
Mpp:           -3.058884E+25
Mrt:            1.643869E+25
Mrp:           -3.096322E+25
Mtp:           -1.283437E+25
