 PDE 2004 11 28  2 35 13.40 -26.5200 -113.8300  10.0 6.6 6.1 EASTER ISLAND REGION
event name:     112804B
time shift:     10.6494
half duration:   4.6000
latitude:      -26.8273
longitude:    -114.0124
depth:           8.9617
Mrr:      -2.183934e+25
Mtt:      -3.459401e+25
Mpp:       5.643335e+25
Mrt:      -6.862282e+23
Mrp:      -3.145067e+25
Mtp:      -7.662147e+25
