 PDE 2004 11 21 11 07 13.60  -15.4000 -174.9100 256.1 5.7 0.0 TONGA ISLANDS
event name:         C112104A
time shift:           4.6350
half duration:        2.2000
latitude:           -15.2210
longitude:         -174.5947
depth:              268.7931
Mrr:           -5.375204E+24
Mtt:            2.934648E+23
Mpp:            5.081740E+24
Mrt:           -4.533924E+23
Mrp:           -7.738640E+24
Mtp:            1.154872E+24
