 PDE 2001 11 23 20 43 03.50   36.3900   71.5100 106.5 5.9 0.0 AFGHANISTAN-TAJIKISTAN BORD REG.
event name:         C112301A
time shift:           1.8873
half duration:        2.7000
latitude:            36.4303
longitude:           71.5350
depth:               93.5154
Mrr:            1.173670E+25
Mtt:           -6.627077E+24
Mpp:           -5.109632E+24
Mrt:            2.295299E+23
Mrp:            5.344455E+24
Mtp:           -1.206864E+25
