 PDE 2004 11 23  2 26 16.40  40.3200   20.6300  15.4 5.3 5.2 GREECE-ALBANIA BORDER RE - INV
event name:     C112304A
time shift:      0.9200
half duration:   1.3000
latitude:       40.2400
longitude:      20.5800
depth:          11.5882
Mrr:      -0.888304E+24
Mtt:      -0.483115E+24
Mpp:       0.137141E+25
Mrt:      -0.600779E+24
Mrp:      -0.342410E+24
Mtp:       0.114521E+24
