 PDE 1997 11 27 17 34 30.30  41.8500   45.3300  37.5 5.3 5.2 EASTERN CAUCASUS - INV
event name:     C112797D
time shift:      6.8000
half duration:   1.1000
latitude:       42.3200
longitude:      45.1900
depth:          41.8000
Mrr:       0.543954E+24
Mtt:      -0.828297E+24
Mpp:       0.284344E+24
Mrt:      -0.345847E+24
Mrp:      -0.237226E+24
Mtp:      -0.547101E+23
