 PDE 2003 11 25 20 19 46.30  -5.5800  150.8800  35.0 6.5 6.4 NEW BRITAIN REGION, P.N.G.
event name:     112503E
time shift:      8.2404
half duration:   4.5000
latitude:       -5.8906
longitude:     151.0018
depth:          40.0514
Mrr:       6.566820e+25
Mtt:      -6.729700e+25
Mpp:       1.628807e+24
Mrt:       3.608159e+25
Mrp:       8.559546e+23
Mtp:      -1.860170e+25
