 PDE 1999 11 21 03 51 14.40  -21.7500  -68.7800 101.2 5.9 0.0 CHILE-BOLIVIA BORDER REGION
event name:         C112199A
time shift:           3.2169
half duration:        2.1000
latitude:           -21.4409
longitude:          -68.8923
depth:              101.1424
Mrr:           -6.124242E+24
Mtt:            4.495688E+23
Mpp:            5.674672E+24
Mrt:            4.016701E+24
Mrp:           -5.246740E+24
Mtp:           -2.088441E+24
