 PDE 2004 11 27  6 38 29.30  76.1700    7.5300  10.0 5.0 4.5 SVALBARD REGION - INV
event name:     C112704B
time shift:      1.2500
half duration:   0.8000
latitude:       76.1800
longitude:       7.1600
depth:           5.4060
Mrr:      -0.361454E+24
Mtt:       0.864758E+22
Mpp:       0.352806E+24
Mrt:      -0.531362E+23
Mrp:      -0.221572E+24
Mtp:       0.571068E+23
