 PDE 2004 11 25  6 21 19.80  43.1700   15.3600  21.9 5.2 4.9 ADRIATIC SEA - INV
event name:     C112504A
time shift:      2.0600
half duration:   1.1000
latitude:       43.1379
longitude:      15.2370
depth:           4.8091
Mrr:       0.734298E+24
Mtt:      -0.637363E+24
Mpp:      -0.969353E+23
Mrt:       0.334229E+24
Mrp:      -0.244832E+24
Mtp:       0.187916E+24
