 PDE 1998 11 24 23 54 46.10  -16.5100 -174.7500 223.2 5.4 0.0 TONGA ISLANDS
event name:         C112498F
time shift:           4.7816
half duration:        2.5000
latitude:           -16.4133
longitude:         -174.4663
depth:              232.3975
Mrr:           -1.079783E+25
Mtt:            2.619397E+24
Mpp:            8.178442E+24
Mrt:           -1.637862E+24
Mrp:           -7.240992E+24
Mtp:            4.832152E+24
