 PDE 2004 11 24 22 59 40.00  45.6300   10.5600  17.2 5.3 4.6 NORTHERN ITALY - INV
event name:     C112404C
time shift:      0.0700
half duration:   0.8000
latitude:       45.4986
longitude:      10.5972
depth:          11.6311
Mrr:       0.300146E+24
Mtt:      -0.216654E+24
Mpp:      -0.834928E+23
Mrt:       0.225002E+24
Mrp:       0.468198E+23
Mtp:      -0.151947E+24
