 PDE 1997 11 28 22 53 41.50  -13.7400  -68.7900 586.0 6.4 0.0 PERU-BOLIVIA BORDER REGION
event name:         C112897C
time shift:           5.1638
half duration:        5.0000
latitude:           -13.7055
longitude:          -68.9006
depth:              598.4446
Mrr:           -1.275627E+25
Mtt:            2.246432E+25
Mpp:           -9.708052E+24
Mrt:           -1.046202E+26
Mrp:            5.815315E+25
Mtp:            1.015955E+25
