 PDE 2001 11 28 14 32 32.70   15.5700  -93.1100  84.9 5.7 0.0 NEAR COAST OF CHIAPAS, MEXICO
event name:         C112801C
time shift:           6.0910
half duration:        4.0000
latitude:            15.7755
longitude:          -93.4031
depth:               64.2518
Mrr:           -2.324089E+25
Mtt:            1.595085E+25
Mpp:            7.290035E+24
Mrt:            3.359244E+25
Mrp:           -2.075862E+25
Mtp:           -1.385899E+25
