 PDE 2000 11 29 10 25 13.30  -24.8700  -70.8900  58.2 5.8 5.9 NEAR COAST OF NORTHERN CHILE
event name:         C112900B
time shift:           5.3058
half duration:        3.3000
latitude:           -24.6209
longitude:          -70.9019
depth:               50.0101
Mrr:           -1.527452E+25
Mtt:            3.944706E+24
Mpp:            1.132982E+25
Mrt:            4.795247E+24
Mrp:           -3.522932E+25
Mtp:            1.716511E+24
