 PDE 1999 11 30 04 01 53.20  -18.9000  -69.1700 128.1 6.2 0.0 NORTHERN CHILE
event name:         C113099A
time shift:           4.9447
half duration:        4.6000
latitude:           -19.0084
longitude:          -69.3772
depth:              133.5078
Mrr:           -2.555548E+25
Mtt:           -1.943125E+25
Mpp:            4.498675E+25
Mrt:            8.675394E+24
Mrp:           -9.486241E+25
Mtp:            2.488704E+25
