 PDE 1999 12 07 21 29 42.40  -15.8700 -174.1400 120.3 5.4 0.0 TONGA ISLANDS
event name:         C120799F
time shift:          10.0441
half duration:        3.9000
latitude:           -15.7559
longitude:         -173.6260
depth:              146.0070
Mrr:            1.781416E+25
Mtt:           -1.800359E+25
Mpp:            1.894205E+23
Mrt:           -2.667028E+25
Mrp:            3.111247E+25
Mtp:            5.716225E+24
