 PDE 1996 12 01 23 09 40.50  -30.5200 -179.6800 356.0 5.3 0.0 KERMADEC ISLANDS REGION
event name:         C120196B
time shift:           5.4699
half duration:        2.8000
latitude:           -30.4583
longitude:         -179.4010
depth:              365.9396
Mrr:           -9.988130E+24
Mtt:           -8.736638E+24
Mpp:            1.872478E+25
Mrt:           -1.193573E+25
Mrp:           -8.038732E+24
Mtp:           -2.823969E+24
