 PDE 2003 12  5 21 26  9.50  55.5400  165.7800  10.0 6.6 6.5 KOMANDORSKIYE OSTROVA REGION
event name:     120503F
time shift:      9.6358
half duration:   5.1000
latitude:       55.7038
longitude:     165.4611
depth:          16.2346
Mrr:       7.704667e+25
Mtt:      -9.378472e+25
Mpp:       1.673805e+25
Mrt:      -1.381385e+24
Mrp:      -4.511175e+25
Mtp:      -1.000555e+26
