 PDE 2001 12 09 18 15 02.60    0.0000  122.8700 156.3 5.7 0.0 MINAHASSA PENINSULA, SULAWESI
event name:         C120901C
time shift:           3.2494
half duration:        2.7000
latitude:            -0.0329
longitude:          122.9667
depth:              149.2634
Mrr:            1.179907E+25
Mtt:           -9.896170E+24
Mpp:           -1.902918E+24
Mrt:           -1.055202E+25
Mrp:           -3.759663E+24
Mtp:           -6.040480E+24
