 PDE 2001 12 02 02 47 56.30  -12.7400  166.6600 100.5 5.8 0.0 SANTA CRUZ ISLANDS
event name:         C120201A
time shift:           5.0455
half duration:        2.3000
latitude:           -12.6892
longitude:          166.4279
depth:              106.2910
Mrr:            9.375187E+24
Mtt:           -9.145122E+23
Mpp:           -8.460674E+24
Mrt:           -1.166184E+24
Mrp:           -6.986914E+24
Mtp:            2.331580E+24
