 PDE 1999 12 06 23 12 33.90   57.4100 -154.4900  66.0 6.8 0.0 KODIAK ISLAND REGION, ALASKA
event name:         C120699B
time shift:           5.2348
half duration:        7.8000
latitude:            57.3473
longitude:         -154.3327
depth:               53.1017
Mrr:           -2.822597E+25
Mtt:           -1.398367E+25
Mpp:            4.220963E+25
Mrt:            1.902485E+26
Mrp:            4.945811E+25
Mtp:            3.653341E+26
