 PDE 2001 12 02 13 01 53.70   39.4000  141.0900 123.8 6.1 0.0 EASTERN HONSHU, JAPAN
event name:         C120201B
time shift:           4.2376
half duration:        4.3000
latitude:            39.4826
longitude:          141.0867
depth:              121.8764
Mrr:           -1.426348E+25
Mtt:           -3.416848E+24
Mpp:            1.768033E+25
Mrt:           -4.181319E+24
Mrp:            6.418705E+25
Mtp:           -1.725737E+24
