 PDE 2004 12 03 14 59 14.30  -34.4400  179.3200 157.4 5.3 0.0 SOUTH OF KERMADEC ISLANDS
event name:         C120304C
time shift:           1.3968
half duration:        1.8000
latitude:           -34.3558
longitude:          179.7196
depth:              152.0244
Mrr:            1.424393E+24
Mtt:           -7.337606E+23
Mpp:           -6.906334E+23
Mrt:            1.282353E+24
Mrp:            4.804739E+24
Mtp:           -7.199336E+23
