 PDE 2004 12  4 10 30  0.50  35.0400   -3.1400  10.0 5.0 4.9 STRAIT OF GIBRALTAR - INV
event name:     C120404B
time shift:      0.6800
half duration:   0.9000
latitude:       34.9438
longitude:      -2.8848
depth:           5.3537
Mrr:      -0.128190E+24
Mtt:      -0.915723E+22
Mpp:       0.137347E+24
Mrt:      -0.190160E+23
Mrp:      -0.345956E+24
Mtp:      -0.436610E+24
