 PDE 2000 12  6 22 57 40.00  -4.2200  152.7300  31.0 6.5 6.6 NEW BRITAIN REGION, P.N.G.
event name:     120600E
time shift:      4.2054
half duration:   4.3000
latitude:       -4.3619
longitude:     152.8600
depth:          25.8055
Mrr:       5.253341e+25
Mtt:       2.215253e+25
Mpp:      -7.468595e+25
Mrt:       3.861006e+25
Mrp:       4.064585e+24
Mtp:       1.968280e+25
