 PDE 1998 12  6  0 47 13.40   1.2500  126.2000  33.0 6.5 6.2 NORTHERN MOLUCCA SEA
event name:     120698A
time shift:      8.6517
half duration:   4.7000
latitude:        1.5058
longitude:     126.4877
depth:          30.4582
Mrr:       7.903398e+25
Mtt:      -1.689084e+25
Mpp:      -6.214314e+25
Mrt:       2.137188e+25
Mrp:       1.727663e+25
Mtp:      -3.491170e+25
