 PDE 2002 12  2  4 58 55.20  37.7500   21.0900  10.0 5.2 5.4 SOUTHERN GREECE - INV
event name:     C120202C
time shift:      5.0000
half duration:   1.6000
latitude:       37.6992
longitude:      21.3995
depth:          15.2248
Mrr:      -0.624334E+24
Mtt:       0.211900E+25
Mpp:      -0.149466E+25
Mrt:       0.795527E+24
Mrp:      -0.135284E+25
Mtp:       0.104347E+25
