 PDE 2004 12  6 14 15 11.90  42.9000  145.2300  35.0 6.7 6.5 HOKKAIDO, JAPAN REGION
event name:     120604A
time shift:      2.8177
half duration:   5.5000
latitude:       42.8269
longitude:     145.3937
depth:          36.0016
Mrr:       1.001769e+26
Mtt:      -5.377212e+25
Mpp:      -4.640480e+25
Mrt:       4.352648e+25
Mrp:       1.107200e+26
Mtp:      -6.394727e+25
