 PDE 2000 12 15 16 44 47.70  38.4600   31.3500  10.0 5.1 5.8 TURKEY - INV
event name:     C121500F
time shift:      4.5000
half duration:   2.7000
latitude:       38.4000
longitude:      31.3500
depth:          10.4787
Mrr:      -0.107622E+26
Mtt:       0.939562E+25
Mpp:       0.136656E+25
Mrt:      -0.261403E+24
Mrp:       0.398346E+24
Mtp:      -0.375506E+25
