 PDE 2000 12 18 01 19 21.60  -21.1800 -179.1200 628.2 6.4 0.0 FIJI ISLANDS REGION
event name:         C121800A
time shift:           6.0710
half duration:        4.7000
latitude:           -21.1064
longitude:         -178.9821
depth:              655.8788
Mrr:           -2.984883E+25
Mtt:           -3.322377E+24
Mpp:            3.317122E+25
Mrt:           -5.697230E+25
Mrp:           -4.873742E+25
Mtp:            1.697131E+25
