 PDE 1998 12 14 19 35 26.80  -15.0600  167.3100 139.9 5.5 0.0 VANUATU ISLANDS
event name:         C121498E
time shift:           2.0091
half duration:        2.4000
latitude:           -14.9639
longitude:          167.2626
depth:              122.9174
Mrr:            1.812491E+24
Mtt:            1.345034E+24
Mpp:           -3.157525E+24
Mrt:           -2.663084E+24
Mrp:           -1.022347E+25
Mtp:            4.004163E+24
