 PDE 1999 12 19 00 48 37.00   12.8700  144.5700  50.9 6.0 5.6 SOUTH OF MARIANA ISLANDS
event name:         C121999A
time shift:           6.4435
half duration:        2.6000
latitude:            12.8764
longitude:          144.8120
depth:               52.1051
Mrr:            3.704609E+24
Mtt:           -2.502760E+24
Mpp:           -1.201851E+24
Mrt:            8.347729E+24
Mrp:            7.775442E+24
Mtp:           -1.437296E+24
