 PDE 2001 12 12 12 53 18.40  -17.1900  167.7200  33.0 6.0 6.0 VANUATU ISLANDS
event name:         C121201B
time shift:           7.1432
half duration:        2.9000
latitude:           -17.2332
longitude:          167.3955
depth:               51.6064
Mrr:            2.072866E+25
Mtt:            1.539415E+24
Mpp:           -2.226808E+25
Mrt:           -3.163811E+24
Mrp:           -6.148239E+23
Mtp:           -8.124311E+23
