 PDE 1997 12 11 07 56 28.90    3.9300  -75.7900 177.5 6.0 0.0 COLOMBIA
event name:         C121197C
time shift:           5.4416
half duration:        3.7000
latitude:             4.1073
longitude:          -75.8325
depth:              187.2785
Mrr:            2.365331E+25
Mtt:           -4.269355E+25
Mpp:            1.904024E+25
Mrt:            3.085650E+24
Mrp:           -2.427267E+25
Mtp:            1.750272E+25
