  PDE 1997 12 13  7  2  3.60  71.2500   -8.3300  10.0 5.3 4.9 JAN MAYEN ISLAND REGION - INV
event name:     C121397D
time shift:      3.4000
half duration:   1.6000
latitude:       71.2511
longitude:      -9.3193
depth:          14.1049
Mrr:      -0.846036E+23
Mtt:       0.217397E+25
Mpp:      -0.208937E+25
Mrt:      -0.282497E+24
Mrp:       0.202530E+25
Mtp:       0.324466E+25
