 PDE 2004 12 14 23 20 13.40  18.9600  -81.4100  10.0 6.8 6.7 NORTH OF HONDURAS
event name:     121404B
time shift:      5.1558
half duration:   6.0000
latitude:       19.0478
longitude:     -81.5429
depth:          13.3335
Mrr:      -1.991274e+25
Mtt:      -7.163843e+25
Mpp:       9.155118e+25
Mrt:       4.716796e+24
Mrp:      -1.824432e+25
Mtp:       1.921364e+26
