 PDE 1997 12 18 15 02 00.30   13.8400  -88.7400 182.1 5.3 0.0 EL SALVADOR
event name:         C121897C
time shift:           4.6591
half duration:        2.6000
latitude:            13.9328
longitude:          -89.1757
depth:              174.4729
Mrr:            7.604236E+24
Mtt:           -3.028228E+24
Mpp:           -4.576007E+24
Mrt:            8.310592E+24
Mrp:           -8.381829E+24
Mtp:            2.288362E+24
