 PDE 2002 12 10 04 27 54.60  -24.1400  179.2400 530.6 5.5 0.0 SOUTH OF FIJI ISLANDS
event name:         C121002C
time shift:           3.9289
half duration:        2.4000
latitude:           -24.0279
longitude:          179.2870
depth:              535.3650
Mrr:           -1.185994E+25
Mtt:            4.724409E+24
Mpp:            7.135518E+24
Mrt:            1.305806E+24
Mrp:           -4.861550E+24
Mtp:           -5.679127E+24
