 PDE 2004 12 13 15 23 41.00   13.3900  -89.3700  62.3 5.4 0.0 EL SALVADOR
event name:         C121304C
time shift:           4.3186
half duration:        2.3000
latitude:            13.3034
longitude:          -89.8062
depth:               53.0598
Mrr:            1.784830E+24
Mtt:           -1.336997E+24
Mpp:           -4.478330E+23
Mrt:            9.313560E+24
Mrp:           -5.223833E+24
Mtp:            1.383284E+24
