 PDE 2003 12 10  4 38 11.60  23.0400  121.3600  10.0 6.8 6.7 TAIWAN
event name:     121003B
time shift:     11.1491
half duration:   6.2000
latitude:       22.9204
longitude:     121.3757
depth:          23.9132
Mrr:       1.896159e+26
Mtt:      -1.545847e+25
Mpp:      -1.741574e+26
Mrt:      -3.522563e+25
Mrp:       4.007202e+25
Mtp:      -1.022863e+26
