 PDE 1995 12 19 23 28 12.80   -3.6900  140.2700  71.0 6.2 0.0 IRIAN JAYA, INDONESIA
event name:         C121995C
time shift:           6.6285
half duration:        4.2000
latitude:            -3.4271
longitude:          140.2536
depth:               61.5987
Mrr:           -7.001788E+25
Mtt:            1.910950E+25
Mpp:            5.090840E+25
Mrt:           -4.536638E+24
Mrp:            2.793824E+25
Mtp:            1.609268E+25
