 PDE 2004 12 13 14 16  8.60  36.2600  -10.0000  10.0 4.8 4.3 AZORES-CAPE ST. VINCENT - INV
event name:     C121304B
time shift:      6.3800
half duration:   0.8000
latitude:       36.3100
longitude:      -9.7900
depth:          28.7185
Mrr:       0.133565E+24
Mtt:      -0.402442E+23
Mpp:      -0.933217E+23
Mrt:      -0.261376E+24
Mrp:      -0.709995E+21
Mtp:      -0.225526E+24
