 PDE 1998 12 14 16 25 25.00  -38.2100  -71.0300 138.4 5.4 4.8 S. CHILE-ARGENTINA BORDER REGION
event name:         C121498D
time shift:           3.3317
half duration:        2.4000
latitude:           -38.2929
longitude:          -71.2368
depth:              142.7043
Mrr:           -2.914868E+23
Mtt:           -1.737462E+24
Mpp:            2.028950E+24
Mrt:            2.960348E+24
Mrp:           -1.163909E+25
Mtp:            1.144732E+24
