 PDE 1996 12 23  5 51 26.20  34.3100  -37.2800  10.0 5.1 5.3 NORTH ATLANTIC RIDGE - INV
event name:     C122396B
time shift:      3.4000
half duration:   1.2000
latitude:       34.4200
longitude:     -36.9100
depth:           5.3929
Mrr:       0.131887E+25
Mtt:      -0.247219E+24
Mpp:      -0.107166E+25
Mrt:      -0.269583E+24
Mrp:      -0.117433E+25
Mtp:      -0.560027E+24
