 PDE 2000 12 22 10 13 01.10   44.7900  147.2000 140.4 6.0 0.0 KURIL ISLANDS
event name:         C122200D
time shift:           3.7039
half duration:        3.0000
latitude:            44.7609
longitude:          147.1461
depth:              140.5425
Mrr:           -4.350021E+24
Mtt:            2.950705E+24
Mpp:            1.399319E+24
Mrt:            2.237082E+25
Mrp:            7.324232E+24
Mtp:            5.183101E+24
