  PDE 1996 12 24 22 16 26.10  34.2900   38.7100  29.0 5.1 5.0 JORDAN - SYRIA REGION - INV
event name:     C122496C
time shift:      7.2000
half duration:   1.3000
latitude:       34.2940
longitude:      38.3118
depth:          28.9505
Mrr:       0.139674E+24
Mtt:      -0.154186E+25
Mpp:       0.140219E+25
Mrt:      -0.112533E+23
Mrp:      -0.551863E+24
Mtp:       0.114022E+25
