 PDE 1999 12 21 14 14 57.60   -6.8400  105.5600  56.0 6.2 6.3 SUNDA STRAIT, INDONESIA
event name:         C122199C
time shift:           4.3347
half duration:        5.4000
latitude:            -7.0623
longitude:          105.5304
depth:               52.5691
Mrr:            1.413730E+24
Mtt:           -2.160144E+25
Mpp:            2.018770E+25
Mrt:            5.730693E+25
Mrp:           -1.603017E+25
Mtp:           -3.301320E+25
