 PDE 1996 12 22 14 53 27.60   43.2100  138.9200 227.0 6.0 0.0 EASTERN SEA OF JAPAN
event name:         C122296B
time shift:           5.5945
half duration:        4.3000
latitude:            43.2995
longitude:          138.7869
depth:              239.8696
Mrr:           -4.358550E+25
Mtt:            5.500452E+25
Mpp:           -1.141902E+25
Mrt:            6.071042E+25
Mrp:            2.505022E+25
Mtp:           -1.687909E+25
