 PDE 2004 12 20 23  2 12.40  37.0400   28.2100   5.0 5.2 4.7 TURKEY - INV
event name:     C122004F
time shift:      3.5100
half duration:   1.1000
latitude:       36.8707
longitude:      28.3426
depth:          11.8124
Mrr:      -0.111545E+25
Mtt:       0.105746E+25
Mpp:       0.580009E+23
Mrt:       0.112312E+23
Mrp:       0.394218E+24
Mtp:      -0.681909E+23
