 PDE 2000 12 21 01 01 27.80   -5.7100  151.1200  33.0 6.4 6.5 NEW BRITAIN REGION, P.N.G.
event name:         C122100A
time shift:           5.8506
half duration:        4.1000
latitude:            -5.9113
longitude:          151.6096
depth:               47.5552
Mrr:            3.240673E+25
Mtt:           -8.564100E+24
Mpp:           -2.384263E+25
Mrt:            8.898548E+24
Mrp:            2.847103E+25
Mtp:           -8.894912E+24
