 PDE 1999 12 29 05 19 46.90   18.2400 -101.4300  69.9 6.1 5.4 GUERRERO, MEXICO
event name:         C122999A
time shift:          -0.1045
half duration:        2.2000
latitude:            18.0077
longitude:         -101.6253
depth:               49.1318
Mrr:           -3.350930E+24
Mtt:            4.325700E+24
Mpp:           -9.747713E+23
Mrt:           -5.243754E+24
Mrp:            3.488536E+24
Mtp:           -1.565027E+24
