 PDE 2004 12 28 21 07 36.20   53.2200 -173.7900 252.7 5.3 0.0 ANDREANOF ISLANDS, ALEUTIAN IS.
event name:         C122804Q
time shift:           2.9032
half duration:        2.0000
latitude:            53.1840
longitude:         -173.7915
depth:              257.6899
Mrr:            1.775388E+23
Mtt:           -3.517853E+24
Mpp:            3.340313E+24
Mrt:            4.781537E+24
Mrp:           -2.110725E+24
Mtp:           -3.196262E+24
