 PDE 2003 12 26 21 26  4.10 -22.2700  169.3100  10.0 6.7 6.8 SOUTHEAST OF LOYALTY ISLANDS
event name:     122603I
time shift:     12.5103
half duration:   5.7000
latitude:      -22.3335
longitude:     169.3535
depth:           9.7589
Mrr:      -1.834905e+26
Mtt:       9.397298e+25
Mpp:       8.951752e+25
Mrt:       1.083549e+25
Mrp:      -2.538524e+25
Mtp:      -8.767585e+25
