 PDE 1994 12 27 17 32 52.50  -32.0000  179.8700 228.0 6.0 0.0 SOUTH OF KERMADEC ISLANDS
event name:         C122794C
time shift:           5.0430
half duration:        3.6000
latitude:           -31.8445
longitude:          179.8209
depth:              221.8693
Mrr:           -3.731324E+25
Mtt:           -3.667821E+24
Mpp:            4.098107E+25
Mrt:           -1.808301E+25
Mrp:           -9.977981E+24
Mtp:           -9.108829E+23
