 PDE 1998 12 27 00 38 26.80  -21.6300 -176.3800 144.3 6.1 0.0 FIJI ISLANDS REGION
event name:         C122798A
time shift:           6.2952
half duration:        6.4000
latitude:           -21.6864
longitude:         -175.8610
depth:              156.0506
Mrr:           -5.085647E+25
Mtt:            6.099090E+25
Mpp:           -1.013441E+25
Mrt:           -7.191088E+25
Mrp:           -2.109210E+26
Mtp:            7.347493E+25
