 PDE 2001 12 27 10 54 51.80  -14.6500  167.2600 153.2 5.7 0.0 VANUATU ISLANDS
event name:         C122701A
time shift:           4.6389
half duration:        3.0000
latitude:           -14.6620
longitude:          167.1267
depth:              156.3559
Mrr:            1.608890E+25
Mtt:            2.648030E+24
Mpp:           -1.873695E+25
Mrt:           -8.898264E+24
Mrp:           -1.972688E+24
Mtp:            8.972197E+24
