 PDE 2003 12 23 14  2  4.10  40.1300  -29.6900  10.0 5.3 5.4 AZORES ISLANDS REGION - INV
event name:     C122303G
time shift:      5.1900
half duration:   1.4000
latitude:       40.1700
longitude:     -29.5000
depth:           9.9212
Mrr:      -0.226314E+25
Mtt:      -0.147884E+24
Mpp:       0.241102E+25
Mrt:      -0.579639E+24
Mrp:       0.177617E+25
Mtp:       0.501676E+24
