 PDE 2004 12 20 07 39 28.60  -15.8700 -174.6300 227.8 5.0 0.0 TONGA ISLANDS
event name:         C122004B
time shift:           4.5835
half duration:        1.9000
latitude:           -15.8095
longitude:         -174.2211
depth:              253.6571
Mrr:            9.510574E+23
Mtt:           -1.386436E+24
Mpp:            4.353796E+23
Mrt:            3.945388E+22
Mrp:            5.612393E+24
Mtp:           -1.609907E+24
