 PDE 2000 12 20 16 49 43.30  -9.2300  154.3500  33.0 6.6 6.3 D'ENTRECASTEAUX ISLANDS REGION
event name:     122000H
time shift:      5.1175
half duration:   5.2000
latitude:       -9.2899
longitude:     154.6741
depth:          11.5354
Mrr:      -8.531905e+24
Mtt:       2.773608e+25
Mpp:      -1.920417e+25
Mrt:      -2.595815e+24
Mrp:       6.098091e+24
Mtp:       9.737228e+25
