 PDE 1997 12 22 02 05 50.10   -5.4900  147.8700 179.3 6.3 6.7 EASTERN NEW GUINEA REG., P.N.G.
event name:         C122297A
time shift:          11.5319
half duration:        8.7000
latitude:            -5.5833
longitude:          148.0512
depth:              192.0548
Mrr:           -2.872821E+25
Mtt:           -6.201985E+26
Mpp:            6.489264E+26
Mrt:            3.911730E+26
Mrp:            6.829669E+25
Mtp:           -3.645960E+25
