 PDE 2000 12 23 07 13 24.30   -7.8700  135.8200  61.7 5.8 5.4 ARU ISLANDS REGION, INDONESIA
event name:         C122300A
time shift:           3.6705
half duration:        2.6000
latitude:            -7.8516
longitude:          135.7462
depth:               66.5904
Mrr:            4.073082E+23
Mtt:           -1.245713E+25
Mpp:            1.204982E+25
Mrt:           -4.888928E+23
Mrp:            2.352926E+24
Mtp:            7.389802E+24
