 PDE 2003 12 27 22 38  1.90 -21.6700  169.8400  10.0 6.7 6.7 SOUTHEAST OF LOYALTY ISLANDS
event name:     122703K
time shift:      9.1003
half duration:   5.5000
latitude:      -21.7131
longitude:     169.7206
depth:          24.5439
Mrr:       1.315345e+26
Mtt:      -4.022981e+25
Mpp:      -9.130466e+25
Mrt:       2.865420e+25
Mrp:      -6.778832e+25
Mtp:       6.646105e+25
