 PDE 1995 12 25 04 43 24.90   -6.9400  129.1800 150.0 6.2 0.0 BANDA SEA
event name:         C122595E
time shift:          11.6298
half duration:        8.3000
latitude:            -6.9243
longitude:          129.6405
depth:              155.7815
Mrr:            3.595451E+26
Mtt:           -4.274606E+26
Mpp:            6.791530E+25
Mrt:           -3.521442E+25
Mrp:            4.052329E+26
Mtp:           -2.392586E+26
