 PDE 2003 12 26  1 56 52.40  29.0000   58.3100  10.0 6.6 6.8 SOUTHERN IRAN
event name:     122603B
time shift:      5.4004
half duration:   4.8000
latitude:       29.0907
longitude:      58.2210
depth:          10.6943
Mrr:       1.041257e+25
Mtt:      -1.423636e+25
Mpp:       3.823786e+24
Mrt:      -4.598333e+25
Mrp:      -2.469474e+25
Mtp:       7.101303e+25
