 PDE 1996 12 31 12 41 42.20   15.8300  -92.9700 100.0 5.4 0.0 MEXICO-GUATEMALA BORDER REGION
event name:         C123196C
time shift:           4.7282
half duration:        3.8000
latitude:            15.8263
longitude:          -93.1816
depth:               81.5048
Mrr:           -2.784935E+25
Mtt:            1.290655E+25
Mpp:            1.494279E+25
Mrt:            2.413636E+25
Mrp:           -2.253425E+25
Mtp:           -1.918062E+25
