 PDE 2006 10 15 17  7 49.20  19.8800 -155.9300  38.9 6.7 6.7 HAWAII
event name:     C200610151707A
time shift:      4.1119
half duration:   5.5000
latitude:       19.8125
longitude:    -155.9507
depth:          43.0646
Mrr:      -7.782194e+25
Mtt:       8.076484e+25
Mpp:      -2.942897e+24
Mrt:       6.998154e+24
Mrp:      -7.624145e+25
Mtp:      -7.863396e+25
