 PDE 2009  5 16 18 22 25.30  56.4400 -152.4300   9.7 5.9 5.9 KODIAK ISLAND REGION, ALASKA
event name:     C200905161822A
time shift:      7.5765
half duration:   2.2000
latitude:       56.1207
longitude:    -152.0242
depth:          11.4591
Mrr:       3.972594e+24
Mtt:      -2.836575e+24
Mpp:      -1.136019e+24
Mrt:       7.523425e+24
Mrp:       4.088286e+24
Mtp:      -1.973176e+24
