 PDE 2007  5 16  8 56 16.50  20.5000  100.7500  23.8 6.3 6.4 LAOS
event name:     C200705160856A
time shift:     -0.5567
half duration:   3.4000
latitude:       20.5181
longitude:     100.8917
depth:          12.6053
Mrr:      -1.785985e+24
Mtt:      -2.464008e+25
Mpp:       2.642607e+25
Mrt:       2.871912e+24
Mrp:       3.129641e+24
Mtp:       8.260396e+24
