 PDE 2007  1  8 17 21 50.30  39.8000   70.3100  18.4 6.0 6.0 TAJIKISTAN
event name:     C200701081721A
time shift:      2.0722
half duration:   2.5000
latitude:       39.8493
longitude:      70.1714
depth:          19.8446
Mrr:       1.945780e+24
Mtt:      -2.005331e+24
Mpp:       5.955117e+22
Mrt:       4.339780e+24
Mrp:      -2.054224e+24
Mtp:      -8.310918e+24
