 PDE 2006  5  6 18 26 50.50 -38.6200   78.5700  10.0 5.9 6.0 MID-INDIAN RIDGE
event name:     C200605061826B
time shift:      3.2421
half duration:   2.2000
latitude:      -38.5051
longitude:      78.4027
depth:          10.5455
Mrr:      -1.458123e+24
Mtt:      -8.897427e+24
Mpp:       1.035555e+25
Mrt:       3.334032e+24
Mrp:       3.130846e+23
Mtp:      -1.298037e+24
