 PDE 2009 12 29 11  8 54.70  32.5700   15.0600  10.0 4.7 0.0 NEAR COAST OF LIBYA - INV
event name:     C200912291108A
time shift:      1.7400
half duration:   0.8000
latitude:       32.5968
longitude:      14.9709
depth:           7.9374
Mrr:      -0.195369E+24
Mtt:       0.198235E+24
Mpp:      -0.286449E+22
Mrt:       0.576688E+23
Mrp:      -0.155220E+24
Mtp:      -0.115207E+24
