 PDE 2008 10  9 17 49 58.60 -21.0300 -174.4200  10.0 5.9 5.9 TONGA ISLANDS
event name:     C200810091750A
time shift:      5.1289
half duration:   2.1000
latitude:      -21.2062
longitude:    -173.8177
depth:          16.0964
Mrr:       6.864850e+24
Mtt:      -2.805316e+23
Mpp:      -6.584318e+24
Mrt:       2.363875e+24
Mrp:       5.013425e+24
Mtp:      -2.123410e+24
