 PDE 2008  2 23 11  3 55.00  40.6800  -29.4000  10.0 5.2 5.0 AZORES ISLANDS REGION - INV
event name:     C200802231103A
time shift:      0.0400
half duration:   1.1000
latitude:       40.7344
longitude:     -29.2719
depth:           5.1023
Mrr:      -0.120638E+25
Mtt:       0.209179E+24
Mpp:       0.997202E+24
Mrt:       0.388718E+24
Mrp:      -0.254691E+24
Mtp:       0.912610E+23
