 PDE 2008 12 25  8 11 58.80  49.1300 -128.6200  10.0 5.8 5.8 VANCOUVER ISLAND, CANADA REGION
event name:     C200812250811A
time shift:     -0.2815
half duration:   2.0000
latitude:       48.7781
longitude:    -129.0547
depth:          10.8671
Mrr:      -6.946083e+23
Mtt:      -5.208585e+24
Mpp:       5.903193e+24
Mrt:      -3.020206e+23
Mrp:       1.664259e+23
Mtp:      -5.530415e+23
