 PDE 2007 07 12 05 23 49.30   -7.9300  -74.3800 152.1 5.9 6.1 PERU-BRAZIL BORDER REGION
event name:   C200707120523A
time shift:           2.3155
half duration:        2.6000
latitude:            -7.9963
longitude:          -74.4194
depth:              154.4741
Mrr:           -7.969124E+24
Mtt:           -7.007737E+24
Mpp:            1.497686E+25
Mrt:            6.939123E+24
Mrp:           -8.897155E+24
Mtp:            3.017819E+22
