 PDE 2006 11 19 18 57 33.60  -4.5200 -104.8300  10.0 6.1 6.0 CENTRAL EAST PACIFIC RISE
event name:     C200611191857A
time shift:      2.6452
half duration:   2.6000
latitude:       -4.5367
longitude:    -104.8418
depth:          10.7345
Mrr:      -1.784829e+24
Mtt:       4.603057e+24
Mpp:      -2.818227e+24
Mrt:       1.937110e+24
Mrp:       5.127857e+23
Mtp:       1.420627e+25
