 PDE 2007  9 22  6 35 27.20  42.8800  -31.8700  10.0 5.3 5.2 AZORES ISLANDS REGION - INV
event name:     C200709220635A
time shift:      4.2700
half duration:   1.0000
latitude:       42.9435
longitude:     -31.9488
depth:          24.2458
Mrr:      -0.824626E+24
Mtt:       0.878655E+24
Mpp:      -0.540291E+23
Mrt:      -0.217984E+24
Mrp:      -0.233267E+24
Mtp:      -0.167470E+24
