 PDE 2007  1 30  4 54 50.60 -54.7400  146.3000  11.0 6.8 6.9 WEST OF MACQUARIE ISLAND
event name:     C200701300454A
time shift:      3.5649
half duration:   6.5000
latitude:      -55.1208
longitude:     146.2641
depth:          12.1502
Mrr:      -1.835636e+25
Mtt:       7.632821e+25
Mpp:      -5.797185e+25
Mrt:       5.278170e+25
Mrp:       1.051897e+25
Mtp:      -2.206352e+26
