 PDE 2007 11 15 15  5 58.30 -22.9200  -70.2400  26.0 6.8 6.8 NEAR COAST OF NORTHERN CHILE
event name:     200711151506A
time shift:      8.9787
half duration:   6.2000
latitude:      -22.9783
longitude:     -70.9861
depth:          21.4080
Mrr:       8.873193e+25
Mtt:       1.832464e+24
Mpp:      -9.056440e+25
Mrt:       2.264771e+25
Mrp:      -1.461491e+26
Mtp:       6.543328e+24
