 PDE 2005  8  9  5 26 17.50 -20.9400  173.8200  23.6 6.1 6.0 VANUATU ISLANDS REGION
event name:     C200508090526A
time shift:      1.4893
half duration:   2.8000
latitude:      -20.9591
longitude:     173.9422
depth:           9.1991
Mrr:      -8.512936e+23
Mtt:      -1.050801e+25
Mpp:       1.135930e+25
Mrt:       2.642516e+24
Mrp:       3.974961e+24
Mtp:      -1.483852e+25
