 PDE 2005 02 22 11 20 25.30   33.1800  137.1500 369.5 5.3 0.0 NEAR S. COAST OF HONSHU, JAPAN
event name:   C200502221120A
time shift:           0.4408
half duration:        1.6000
latitude:            33.1595
longitude:          137.1616
depth:              368.5092
Mrr:            1.657027E+24
Mtt:            2.411184E+22
Mpp:           -1.681140E+24
Mrt:            2.854617E+23
Mrp:           -2.783038E+24
Mtp:           -1.201641E+24
