 PDE 2009 07 13 18 05 01.40   24.0600  122.2000  17.0 6.1 6.3 TAIWAN REGION
event name:    200907131805A
time shift:           5.1581
half duration:        3.5000
latitude:            23.9534
longitude:          122.0063
depth:               26.3286
Mrr:            1.628861E+25
Mtt:           -2.071444E+25
Mpp:            4.425913E+24
Mrt:            2.931080E+25
Mrp:            1.272365E+25
Mtp:            2.771770E+24
