 PDE 2006  2  4  9 17  4.10   1.0900  -90.4600  10.0 5.9 5.4 GALAPAGOS ISLANDS REGION
event name:     C200602040917A
time shift:      1.7129
half duration:   2.2000
latitude:        1.0723
longitude:     -90.7124
depth:           9.9683
Mrr:      -1.049211e+24
Mtt:       3.919300e+24
Mpp:      -2.870089e+24
Mrt:      -1.353828e+24
Mrp:      -7.782847e+23
Mtp:      -8.289318e+24
