 PDE 2006 10 26 14 28 37.50   38.6700   15.4000 216.6 5.8 5.8 SICILY, ITALY
event name:   C200610261428A
time shift:           1.0985
half duration:        1.9000
latitude:            38.6495
longitude:           15.4135
depth:              213.9869
Mrr:           -3.146739E+24
Mtt:            2.196503E+24
Mpp:            9.502356E+23
Mrt:           -6.118372E+24
Mrp:           -1.114255E+24
Mtp:            4.645524E+23
