 PDE 2007  6 29 18  9 11.20  39.2700   20.2600  10.0 5.4 5.4 GREECE-ALBANIA BORDER RE - INV
event name:     C200706291809A
time shift:      2.7200
half duration:   1.3000
latitude:       39.2003
longitude:      20.1049
depth:          12.9533
Mrr:       0.122189E+25
Mtt:      -0.149398E+24
Mpp:      -0.107248E+25
Mrt:       0.515907E+24
Mrp:      -0.274201E+24
Mtp:       0.529546E+24
