 PDE 2005  6 13 19 59 52.70   2.7400   94.1700  18.6 5.8 5.4 OFF W COAST OF NORTHERN SUMATRA
event name:     C200506131959A
time shift:      8.1744
half duration:   2.1000
latitude:        2.7377
longitude:      94.0625
depth:           5.9739
Mrr:       7.674813e+24
Mtt:      -3.581835e+24
Mpp:      -4.092977e+24
Mrt:      -1.978314e+24
Mrp:       7.780528e+23
Mtp:       3.780369e+24
