 PDE 2009 01 26 11 54 39.60  -17.8000 -178.5900 579.5 5.5 5.8 FIJI ISLANDS REGION
event name:   C200901261154A
time shift:           3.9930
half duration:        2.0000
latitude:           -17.8296
longitude:         -178.5532
depth:              613.3549
Mrr:           -1.918391E+24
Mtt:            4.800287E+24
Mpp:           -2.881894E+24
Mrt:            3.168580E+24
Mrp:           -3.723545E+24
Mtp:            2.517259E+24
