 PDE 2008 03 03 14 11 14.60   13.3500  125.6300  24.0 6.4 6.9 PHILIPPINE ISLANDS REGION
event name:    200803031411A
time shift:           8.2672
half duration:        6.7000
latitude:            13.5217
longitude:          125.6032
depth:               15.3346
Mrr:           -2.125311E+26
Mtt:            1.519028E+26
Mpp:            6.062865E+25
Mrt:           -1.413705E+25
Mrp:            7.080920E+25
Mtp:           -1.836298E+26
