 PDE 2006 08 24 21 50 36.70   51.1500  157.5200  43.0 5.9 6.5 NEAR EAST COAST OF KAMCHATKA
event name:   C200608242150A
time shift:           4.3329
half duration:        4.1000
latitude:            50.9462
longitude:          158.1318
depth:               47.4639
Mrr:            6.408852E+25
Mtt:           -1.639626E+25
Mpp:           -4.769226E+25
Mrt:            8.305064E+24
Mrp:            2.213838E+25
Mtp:           -2.675415E+25
