 PDE 2006  9 30 17 50 23.00  46.3500  153.1700  11.0 6.6 6.6 KURIL ISLANDS
event name:     200609301750A
time shift:      6.5664
half duration:   4.7000
latitude:       46.2903
longitude:     153.3963
depth:          11.7002
Mrr:       6.770556e+25
Mtt:      -2.922401e+25
Mpp:      -3.848155e+25
Mrt:       2.565732e+25
Mrp:       4.908332e+25
Mtp:      -4.168742e+25
