 PDE 2008 05 07 16 45 20.30   36.1600  141.5200  39.1 6.1 6.8 NEAR EAST COAST OF HONSHU, JAPAN
event name:    200805071645A
time shift:           5.1231
half duration:        6.5000
latitude:            36.1839
longitude:          141.6016
depth:               25.2097
Mrr:            1.036772E+26
Mtt:           -1.891434E+25
Mpp:           -8.476301E+25
Mrt:            8.251424E+25
Mrp:            1.916898E+26
Mtp:           -4.017745E+25
