 PDE 2006 12 01 03 58 21.80    3.4000   99.0900 205.5 6.0 6.3 NORTHERN SUMATRA, INDONESIA
event name:   C200612010358A
time shift:           2.5688
half duration:        3.5000
latitude:             3.4697
longitude:           99.0479
depth:              205.1482
Mrr:            5.958640E+24
Mtt:           -3.577202E+24
Mpp:           -2.381437E+24
Mrt:           -7.835179E+24
Mrp:           -4.022878E+25
Mtp:           -7.086376E+24
