 PDE 2006  9 29 13  8 26.20  10.8800  -61.7600  53.1 6.1 6.1 TRINIDAD
event name:     C200609291308A
time shift:      1.3677
half duration:   2.6000
latitude:       10.7398
longitude:     -61.3958
depth:          30.4681
Mrr:      -4.573152e+24
Mtt:       3.915944e+24
Mpp:       6.572076e+23
Mrt:       1.139643e+25
Mrp:       1.354653e+24
Mtp:       7.058902e+24
