 PDE 2005 02 08 14 48 22.00  -14.2500  167.2600 206.3 6.1 0.0 VANUATU ISLANDS
event name:   C200502081448A
time shift:           5.6029
half duration:        5.3000
latitude:           -14.1863
longitude:          167.1259
depth:              193.2098
Mrr:            1.454675E+26
Mtt:           -5.033414E+24
Mpp:           -1.404342E+26
Mrt:           -4.091666E+25
Mrp:            9.721729E+24
Mtp:            3.228273E+25
