 PDE 2007 12 20  7 55 15.80 -39.0100  178.2900  20.0 6.6 6.6 OFF E. COAST OF N. ISLAND, N.Z.
event name:     C200712200755A
time shift:      7.4690
half duration:   4.7000
latitude:      -38.9102
longitude:     178.3944
depth:          28.4705
Mrr:      -8.044360e+25
Mtt:       6.122157e+25
Mpp:       1.922203e+25
Mrt:      -6.969217e+24
Mrp:       2.481201e+25
Mtp:       5.797752e+25
