 PDE 2009 04 18 19 17 58.90   46.0100  151.4300  35.0 6.3 6.6 KURIL ISLANDS
event name:   C200904181917A
time shift:           6.6285
half duration:        4.9000
latitude:            45.9726
longitude:          151.7251
depth:               48.1014
Mrr:            9.621095E+25
Mtt:           -3.932064E+25
Mpp:           -5.689033E+25
Mrt:            1.542862E+25
Mrp:            4.970912E+25
Mtp:           -5.195570E+25
