 PDE 2007  7 17  9 39 27.80 -26.2100 -177.7400  10.0 6.1 6.1 SOUTH OF FIJI ISLANDS
event name:     C200707170939A
time shift:      4.8738
half duration:   2.7000
latitude:      -26.1592
longitude:    -177.6278
depth:          11.0006
Mrr:      -2.374837e+24
Mtt:       1.622684e+24
Mpp:       7.521533e+23
Mrt:       1.987071e+24
Mrp:       4.663330e+23
Mtp:       1.564015e+25
