 PDE 2009 11 24 12 47 15.70  -20.7100 -174.0400  18.0 6.4 6.8 TONGA ISLANDS
event name:    200911241247A
time shift:           4.6962
half duration:        5.8000
latitude:           -20.8609
longitude:         -173.5466
depth:               21.2775
Mrr:           -1.025016E+25
Mtt:            5.388308E+25
Mpp:           -4.363304E+25
Mrt:            2.508261E+25
Mrp:            1.473427E+26
Mtp:            1.284192E+26
