 PDE 2009  8  5  0 17 58.80  24.2300  125.1000  25.0 6.1 6.2 SOUTHWESTERN RYUKYU ISL., JAPAN
event name:     C200908050018A
time shift:      3.0495
half duration:   2.8000
latitude:       24.1797
longitude:     125.2439
depth:          27.3609
Mrr:       8.590294e+24
Mtt:      -5.151601e+24
Mpp:      -3.438693e+24
Mrt:       7.009981e+24
Mrp:       1.094821e+25
Mtp:      -5.598123e+24
