 PDE 2005 04 07 19 43 14.90    2.9700  126.4800  59.7 5.6 0.0 NORTHERN MOLUCCA SEA
event name:   C200504071943A
time shift:           2.7445
half duration:        2.2000
latitude:             3.0422
longitude:          126.7047
depth:               46.6005
Mrr:            7.664940E+24
Mtt:            4.413734E+23
Mpp:           -8.106315E+24
Mrt:           -2.317196E+22
Mrp:            5.763084E+24
Mtp:           -1.851990E+24
