 PDE 2005  7 10 13 10 12.20  42.3900   19.8100   4.4 5.4 4.9 NORTHWESTERN BALKAN REGI - INV
event name:     C200507101310A
time shift:      2.5400
half duration:   0.9000
latitude:       42.3751
longitude:      19.6780
depth:           8.2526
Mrr:      -0.634485E+24
Mtt:       0.103586E+24
Mpp:       0.530898E+24
Mrt:      -0.375500E+23
Mrp:      -0.104760E+24
Mtp:      -0.148242E+24
