 PDE 2008  8  4 19 38 25.30  34.1000   26.5800  30.5 5.3 5.2 CRETE, GREECE - INV
event name:     C200808041938A
time shift:      3.2200
half duration:   1.1000
latitude:       33.9665
longitude:      26.6575
depth:          20.7412
Mrr:      -0.236569E+24
Mtt:       0.866072E+24
Mpp:      -0.629503E+24
Mrt:      -0.478259E+19
Mrp:       0.744746E+24
Mtp:       0.339948E+24
