 PDE 2005  3 31  1 46 17.80 -18.4500  175.9900  10.0 6.0 5.7 FIJI ISLANDS REGION
event name:     C200503310146A
time shift:      4.7009
half duration:   2.5000
latitude:      -18.4607
longitude:     176.1340
depth:           7.2306
Mrr:      -1.200910e+25
Mtt:       1.857414e+24
Mpp:       1.015169e+25
Mrt:      -3.402644e+24
Mrp:      -8.731910e+23
Mtp:       4.517334e+24
