 PDE 2009 08 12 22 48 51.40   32.8200  140.4000  53.0 6.2 6.6 SOUTHEAST OF HONSHU, JAPAN
event name:   C200908122248A
time shift:           4.6633
half duration:        4.8000
latitude:            32.7287
longitude:          140.6901
depth:               47.0706
Mrr:            4.297427E+25
Mtt:           -6.034332E+24
Mpp:           -3.693993E+25
Mrt:           -1.977845E+25
Mrp:           -8.670174E+25
Mtp:           -2.957128E+25
