 PDE 2009 01 22 13 40 26.00   -5.9100  148.5100  44.0 5.6 6.1 NEW BRITAIN REGION, P.N.G.
event name:   C200901221340A
time shift:           3.9873
half duration:        2.4000
latitude:            -6.3211
longitude:          148.5971
depth:               48.6917
Mrr:            1.281098E+25
Mtt:           -1.386406E+25
Mpp:            1.053079E+24
Mrt:            1.637011E+24
Mrp:           -1.248486E+24
Mtp:           -9.488669E+23
