 PDE 2007 07 21 13 27 04.40   -8.1300  -71.2700 644.9 6.2 6.1 WESTERN BRAZIL
event name:   C200707211327A
time shift:           0.2719
half duration:        2.5000
latitude:            -8.0837
longitude:          -71.3086
depth:              635.2158
Mrr:           -9.112461E+24
Mtt:           -1.114812E+24
Mpp:            1.022729E+25
Mrt:           -3.971255E+24
Mrp:            1.081407E+25
Mtp:           -3.460168E+23
