 PDE 2009 10 18 23 50 10.50   13.7000  120.6500 155.6 5.3 5.7 MINDORO, PHILIPPINES
event name:   C200910182350A
time shift:           0.8082
half duration:        1.7000
latitude:            13.7116
longitude:          120.5971
depth:              140.9829
Mrr:            2.606312E+24
Mtt:           -3.223172E+23
Mpp:           -2.283996E+24
Mrt:           -4.196792E+23
Mrp:           -2.501589E+24
Mtp:            1.476191E+24
