 PDE 2007  8 20 22 42 29.20   8.0400  -39.2500  10.0 6.5 6.5 CENTRAL MID-ATLANTIC RIDGE
event name:     C200708202242A
time shift:      3.2653
half duration:   4.6000
latitude:        8.1968
longitude:     -39.1655
depth:          12.0824
Mrr:      -3.153174e+24
Mtt:       9.711083e+23
Mpp:       2.182066e+24
Mrt:      -6.482604e+24
Mrp:       2.381880e+25
Mtp:      -9.528532e+25
