 PDE 2008 02 25 21 02 18.40   -2.2400   99.8100  25.0 6.2 6.6 SOUTHERN SUMATRA, INDONESIA
event name:    200802252102A
time shift:           5.0915
half duration:        5.3000
latitude:            -2.4152
longitude:           99.7320
depth:               14.6742
Mrr:            2.817422E+25
Mtt:           -1.471895E+25
Mpp:           -1.345537E+25
Mrt:            9.658499E+25
Mrp:           -6.371177E+25
Mtp:            1.499234E+25
