 PDE 2009 01 27 06 29 13.00  -17.8400 -178.6800 601.0 5.1 5.9 FIJI ISLANDS REGION
event name:   C200901270629A
time shift:           1.5501
half duration:        2.1000
latitude:           -17.8094
longitude:         -178.5083
depth:              611.4122
Mrr:           -1.679934E+24
Mtt:            6.752442E+24
Mpp:           -5.072510E+24
Mrt:            2.297427E+24
Mrp:           -2.875900E+24
Mtp:            3.883171E+24
