 PDE 2005 11 09 11 33 13.20   -1.0200  -76.9400 248.3 5.4 0.0 ECUADOR
event name:   C200511091133A
time shift:           0.6945
half duration:        2.1000
latitude:            -1.1981
longitude:          -77.1000
depth:              244.9060
Mrr:           -2.185586E+24
Mtt:           -4.580225E+22
Mpp:            2.231386E+24
Mrt:            6.246248E+24
Mrp:           -4.870478E+24
Mtp:           -2.255681E+24
