 PDE 2005  9 29 15 50 24.00  -5.4400  151.8400  25.0 6.6 6.6 NEW BRITAIN REGION, P.N.G.
event name:     200509291550A
time shift:      7.6597
half duration:   5.0000
latitude:       -5.6559
longitude:     152.0284
depth:          28.3761
Mrr:       7.561004e+25
Mtt:      -6.225737e+25
Mpp:      -1.335267e+25
Mrt:       6.204857e+25
Mrp:       3.691313e+25
Mtp:      -3.247013e+25
