 PDE 2007  4  9  8 32 23.50  37.1100  -24.5100  10.0 5.0 0.0 AZORES ISLANDS REGION - INV
event name:     C200704090832A
time shift:      1.9300
half duration:   0.8000
latitude:       37.4541
longitude:     -24.5107
depth:           7.6289
Mrr:      -0.328052E+24
Mtt:       0.581238E+23
Mpp:       0.269929E+24
Mrt:       0.194021E+24
Mrp:      -0.638998E+23
Mtp:      -0.183150E+24
