 PDE 2006 12 27 20 15 40.80   -5.7500  154.4200 375.4 5.7 6.0 SOLOMON ISLANDS
event name:   C200612272015A
time shift:           2.2324
half duration:        2.5000
latitude:            -5.7234
longitude:          154.4899
depth:              364.8103
Mrr:           -1.089259E+25
Mtt:            2.670439E+24
Mpp:            8.222152E+24
Mrt:           -3.311039E+23
Mrp:           -8.425900E+24
Mtp:           -5.926436E+24
