 PDE 2007 11 16 03 13 00.10   -2.3100  -77.8400 122.9 6.3 6.8 PERU-ECUADOR BORDER REGION
event name:   C200711160312A
time shift:           2.3398
half duration:        5.9000
latitude:            -2.5000
longitude:          -78.0026
depth:              112.8976
Mrr:           -1.060802E+26
Mtt:            1.320695E+24
Mpp:            1.047595E+26
Mrt:            1.157313E+26
Mrp:           -7.161918E+25
Mtp:           -7.723516E+25
