 PDE 2008 03 29 17 30 50.20    2.8600   95.3000  20.0 5.8 6.5 OFF W COAST OF NORTHERN SUMATRA
event name:    200803291730A
time shift:           8.5291
half duration:        3.6000
latitude:             2.6245
longitude:           95.1477
depth:               24.4942
Mrr:            1.795227E+25
Mtt:           -1.222216E+25
Mpp:           -5.730098E+24
Mrt:            3.137391E+25
Mrp:           -3.006140E+25
Mtp:            8.778638E+24
