 PDE 2009 05 13 21 31 18.00  -15.7500 -173.4900  85.0 5.3 5.8 TONGA ISLANDS
event name:   C200905132131A
time shift:           3.6575
half duration:        1.9000
latitude:           -15.7596
longitude:         -172.9421
depth:               96.6673
Mrr:           -3.718543E+24
Mtt:           -1.194770E+24
Mpp:            4.913312E+24
Mrt:            1.202147E+24
Mrp:            4.207511E+24
Mtp:           -4.405024E+23
