 PDE 2006  6 27  2 39 35.30  52.2100  176.1800  33.6 6.2 6.2 RAT ISLANDS, ALEUTIAN ISLANDS
event name:     C200606270239A
time shift:      3.7370
half duration:   3.2000
latitude:       52.1901
longitude:     176.1818
depth:          18.0480
Mrr:      -1.968123e+23
Mtt:      -2.410489e+25
Mpp:       2.430171e+25
Mrt:       9.743543e+23
Mrp:      -8.097722e+24
Mtp:      -1.427406e+25
