 PDE 2007  1  7  1 50 53.80  61.9100    1.1700  10.0 4.7 4.8 NORWEGIAN SEA - INV
event name:     C200701070150A
time shift:      2.9800
half duration:   0.6000
latitude:       62.1238
longitude:       1.2491
depth:          11.0927
Mrr:       0.170207E+24
Mtt:       0.274164E+23
Mpp:      -0.197623E+24
Mrt:       0.883639E+23
Mrp:      -0.217376E+23
Mtp:      -0.721048E+23
