 PDE 2008 09 03 11 25 14.40  -26.7400  -63.2200 569.6 5.9 6.3 SANTIAGO DEL ESTERO PROV., ARG.
event name:   C200809031125A
time shift:           1.6434
half duration:        3.4000
latitude:           -26.8483
longitude:          -63.2964
depth:              570.7382
Mrr:           -1.518573E+25
Mtt:           -6.504173E+24
Mpp:            2.168990E+25
Mrt:           -1.568300E+25
Mrp:            2.500663E+25
Mtp:           -1.764061E+24
