 PDE 2009  8 28  1 52  6.60  37.7000   95.7200  13.0 6.3 6.2 QINGHAI, CHINA
event name:     C200908280152A
time shift:      3.5904
half duration:   3.3000
latitude:       37.6437
longitude:      95.7635
depth:           9.7536
Mrr:       1.716097e+25
Mtt:      -1.879291e+25
Mpp:       1.631932e+24
Mrt:       1.246180e+25
Mrp:      -9.198463e+23
Mtp:       6.463345e+24
