 PDE 2007 12 21  7 24 34.70  51.3600 -178.9800  30.0 6.3 6.3 ANDREANOF ISLANDS, ALEUTIAN IS.
event name:     C200712210724A
time shift:      3.6105
half duration:   3.3000
latitude:       51.0827
longitude:    -178.8826
depth:          30.7063
Mrr:       1.938784e+25
Mtt:      -1.912508e+25
Mpp:      -2.627553e+23
Mrt:       1.855847e+25
Mrp:       1.057715e+25
Mtp:      -5.075205e+24
