 PDE 2008  9  5 19  7 38.30  -1.1700  -13.9500  10.0 5.8 5.8 NORTH OF ASCENSION ISLAND
event name:     C200809051907A
time shift:      2.4789
half duration:   1.9000
latitude:       -0.8789
longitude:     -13.7954
depth:           9.0654
Mrr:      -1.699813e+23
Mtt:       2.763856e+24
Mpp:      -2.593875e+24
Mrt:      -7.217460e+23
Mrp:       9.885131e+23
Mtp:      -5.569938e+24
