 PDE 2006 09 17 09 34 14.10  -31.7500  -67.1800 141.8 5.7 6.2 SAN JUAN PROVINCE, ARGENTINA
event name:   C200609170934A
time shift:           1.4298
half duration:        2.9000
latitude:           -31.8963
longitude:          -67.1372
depth:              140.6940
Mrr:           -9.265888E+24
Mtt:           -9.204260E+23
Mpp:            1.018631E+25
Mrt:           -1.131649E+25
Mrp:           -1.934274E+25
Mtp:           -2.783370E+24
