 PDE 2008  8  3  0 39 16.90  39.6100   23.8500  10.0 5.0 5.3 AEGEAN SEA - INV
event name:     C200808030039A
time shift:      3.0700
half duration:   1.0000
latitude:       39.5200
longitude:      23.7503
depth:           7.4783
Mrr:      -0.461027E+24
Mtt:       0.504874E+24
Mpp:      -0.438470E+23
Mrt:       0.569534E+23
Mrp:       0.364771E+24
Mtp:      -0.517725E+24
