 PDE 2006  8 16 16 53 49.40 -58.8900  149.1500  10.0 5.9 5.9 WEST OF MACQUARIE ISLAND
event name:     C200608161653A
time shift:      5.4940
half duration:   2.3000
latitude:      -58.7629
longitude:     148.7493
depth:           6.8592
Mrr:       3.367165e+23
Mtt:       4.943543e+24
Mpp:      -5.280260e+24
Mrt:      -1.318893e+24
Mrp:       1.323371e+24
Mtp:      -8.020513e+24
