 PDE 2008 11 05 03 41 43.20  -17.3200 -174.3600 187.6 5.1 5.7 TONGA ISLANDS
event name:   C200811050341A
time shift:           2.0120
half duration:        1.8000
latitude:           -17.2198
longitude:         -174.0591
depth:              185.5128
Mrr:           -5.774932E+23
Mtt:            4.208756E+24
Mpp:           -3.631262E+24
Mrt:            2.141280E+24
Mrp:            2.080291E+24
Mtp:           -8.862862E+23
