 PDE 2009 10 27 00 04 46.20  -59.9600  -65.1600  10.0 6.0 6.0 DRAKE PASSAGE
event name:    200910270004A
time shift:           3.5567
half duration:        2.4000
latitude:           -60.0545
longitude:          -65.5397
depth:                5.3945
Mrr:            9.548272E+22
Mtt:            5.337823E+24
Mpp:           -5.433317E+24
Mrt:           -2.068933E+24
Mrp:            5.776421E+22
Mtp:            1.344302E+25
