 PDE 2008  6  6 20  2 56.90  35.8800   -0.6600   4.0 5.5 5.5 NORTHERN ALGERIA - INV
event name:     C200806062002A
time shift:      4.0000
half duration:   1.4000
latitude:       35.9263
longitude:      -0.4847
depth:          11.0296
Mrr:       0.182270E+25
Mtt:      -0.992406E+24
Mpp:      -0.830302E+24
Mrt:      -0.369654E+24
Mrp:       0.342239E+21
Mtp:      -0.944041E+24
