 PDE 2005  3 14  1 55 55.60  39.3500   40.8900   5.0 5.8 5.7 TURKEY
event name:     C200503140155A
time shift:      6.4430
half duration:   1.9000
latitude:       39.4435
longitude:      40.7700
depth:           7.8315
Mrr:      -2.337261e+23
Mtt:      -2.065059e+24
Mpp:       2.298785e+24
Mrt:       1.913451e+24
Mrp:       1.089281e+24
Mtp:      -3.527100e+24
