 PDE 2009 10 01 01 52 27.30   -2.5200  101.5000   9.7 5.9 6.7 SOUTHERN SUMATRA, INDONESIA
event name:    200910010152A
time shift:           6.9507
half duration:        4.8000
latitude:            -2.4547
longitude:          101.5766
depth:               13.3043
Mrr:           -4.996924E+24
Mtt:           -9.097300E+25
Mpp:            9.596992E+25
Mrt:            2.955987E+25
Mrp:            1.407796E+25
Mtp:            2.338962E+25
