 PDE 2009  2 15 10  4 49.30  -5.8500  -80.8900  21.0 6.0 6.1 NEAR COAST OF NORTHERN PERU
event name:     C200902151004A
time shift:     -0.4219
half duration:   2.6000
latitude:       -5.9843
longitude:     -81.1886
depth:          22.8529
Mrr:       8.872301e+24
Mtt:      -2.475218e+23
Mpp:      -8.624779e+24
Mrt:       2.081509e+24
Mrp:      -1.096251e+25
Mtp:       9.438760e+23
