 PDE 2006 12 02 09 52 13.20  -17.7700 -174.3100 135.9 5.3 5.8 TONGA ISLANDS
event name:   C200612020952A
time shift:           2.6748
half duration:        1.9000
latitude:           -17.6916
longitude:         -173.8513
depth:              135.4559
Mrr:           -4.830982E+23
Mtt:            4.655752E+24
Mpp:           -4.172655E+24
Mrt:            1.350201E+24
Mrp:            4.065540E+24
Mtp:           -2.390517E+24
