 PDE 2007  8 13 10 27 23.10 -60.5500  153.7900  10.0 6.1 6.1 WEST OF MACQUARIE ISLAND
event name:     C200708131027A
time shift:      9.2181
half duration:   2.8000
latitude:      -60.3220
longitude:     153.1905
depth:          14.3500
Mrr:      -2.189177e+24
Mtt:       1.346700e+25
Mpp:      -1.127783e+25
Mrt:       3.757656e+24
Mrp:       3.411953e+24
Mtp:      -1.166338e+25
