 PDE 2008  7 20 21 30 29.60  27.7700  139.6200 481.4 5.8 5.8 BONIN ISLANDS, JAPAN REGION
event name:     C200807202130A
time shift:      3.5304
half duration:   2.0000
latitude:       27.8143
longitude:     139.6111
depth:         485.7377
Mrr:      -2.948796e+24
Mtt:       3.574996e+24
Mpp:      -6.261995e+23
Mrt:       3.494102e+24
Mrp:      -4.327010e+24
Mtp:      -7.532854e+23
