 PDE 2005 03 21 12 23 54.10  -24.9800  -63.4700 579.1 6.1 0.0 SALTA PROVINCE, ARGENTINA
event name:   C200503211223A
time shift:           2.9170
half duration:        6.4000
latitude:           -24.8846
longitude:          -63.5334
depth:              570.8217
Mrr:           -2.945502E+25
Mtt:           -3.943206E+25
Mpp:            6.888706E+25
Mrt:           -8.362570E+25
Mrp:            2.378859E+26
Mtp:            6.010935E+25
