 PDE 2009 10 29 17 44 31.20   36.3900   70.7200 202.2 5.9 6.2 HINDU KUSH REGION, AFGHANISTAN
event name:   C200910291744A
time shift:           2.0602
half duration:        3.2000
latitude:            36.3855
longitude:           70.6583
depth:              216.7651
Mrr:            2.416290E+25
Mtt:           -2.032185E+25
Mpp:           -3.841030E+24
Mrt:            1.781199E+25
Mrp:           -1.193306E+25
Mtp:            6.925261E+24
