 PDE 2005 12 08 09 01 27.10   -5.4100  146.9500 216.8 6.0 0.0 EASTERN NEW GUINEA REG., P.N.G.
event name:   C200512080901A
time shift:           3.8864
half duration:        2.7000
latitude:            -5.5297
longitude:          147.1063
depth:              215.9227
Mrr:            1.249997E+25
Mtt:           -1.344267E+25
Mpp:            9.427068E+23
Mrt:            1.327852E+25
Mrp:           -7.431955E+24
Mtp:            7.180045E+23
