 PDE 2009 10 22 19 51 27.50   36.5200   70.9500 185.9 6.1 6.2 HINDU KUSH REGION, AFGHANISTAN
event name:   C200910221951A
time shift:           0.8245
half duration:        2.9000
latitude:            36.5044
longitude:           70.8165
depth:              179.7531
Mrr:            2.551921E+25
Mtt:           -2.134090E+25
Mpp:           -4.178296E+24
Mrt:           -2.755619E+24
Mrp:           -3.591848E+24
Mtp:           -4.207791E+24
