 PDE 2007 11 21 12 55 05.60  -24.8100  -68.4700 115.4 5.6 5.8 CHILE-ARGENTINA BORDER REGION
event name:   C200711211255A
time shift:           0.1297
half duration:        1.9000
latitude:           -25.0251
longitude:          -68.8040
depth:              118.2850
Mrr:           -4.649856E+24
Mtt:            1.107917E+24
Mpp:            3.541939E+24
Mrt:           -3.077019E+23
Mrp:           -3.741940E+24
Mtp:           -2.338762E+24
