 PDE 2006  7 19 10 57 36.90  -6.5300  105.3900  45.0 6.1 6.1 SUNDA STRAIT, INDONESIA
event name:     C200607191057A
time shift:      2.3754
half duration:   2.9000
latitude:       -7.1479
longitude:     105.2353
depth:          41.6569
Mrr:       1.564879e+25
Mtt:      -1.457017e+25
Mpp:      -1.078626e+24
Mrt:       1.000341e+25
Mrp:      -7.848569e+23
Mtp:       8.182209e+24
