 PDE 2008 02 16 14 45 11.70  -21.3500  -68.3900 130.1 5.6 6.1 CHILE-BOLIVIA BORDER REGION
event name:   C200802161445A
time shift:          -0.2116
half duration:        2.6000
latitude:           -21.6342
longitude:          -68.7619
depth:              126.5838
Mrr:           -8.650856E+24
Mtt:            1.752482E+24
Mpp:            6.898372E+24
Mrt:           -3.914041E+23
Mrp:           -1.416696E+25
Mtp:            3.484289E+24
