 PDE 2005 06 02 10 56 01.60  -24.2200  -67.0000 196.2 5.7 0.0 CHILE-ARGENTINA BORDER REGION
event name:   C200506021056A
time shift:          -0.3425
half duration:        2.5000
latitude:           -24.3551
longitude:          -67.2058
depth:              188.4567
Mrr:           -1.320155E+25
Mtt:           -1.459529E+24
Mpp:            1.466107E+25
Mrt:           -1.351102E+24
Mrp:           -8.447441E+24
Mtp:            1.812882E+24
