 PDE 2008  5 15 14 23 28.80 -57.9100  -25.4800  35.0 5.9 5.9 SOUTH SANDWICH ISLANDS REGION
event name:     C200805151423A
time shift:      5.5308
half duration:   2.3000
latitude:      -58.1332
longitude:     -25.2041
depth:          35.0366
Mrr:      -2.867107e+24
Mtt:       6.375260e+24
Mpp:      -3.508154e+24
Mrt:      -6.337884e+24
Mrp:       4.220679e+24
Mtp:       4.140334e+24
