 PDE 2009  4  7 15 18 41.90  37.6600  -17.3900  10.0 5.0 0.0 AZORES-CAPE ST. VINCENT - INV
event name:     C200904071518A
time shift:      4.0700
half duration:   0.8000
latitude:       37.6594
longitude:     -17.4423
depth:          29.8330
Mrr:      -0.120094E+24
Mtt:      -0.864144E+23
Mpp:       0.206507E+24
Mrt:      -0.116107E+24
Mrp:       0.314546E+23
Mtp:      -0.306789E+24
