 PDE 2008  6 12  0 20 45.60  35.1100   26.1900  29.0 5.2 5.5 CRETE, GREECE - INV
event name:     C200806120020A
time shift:      6.4800
half duration:   0.9000
latitude:       35.2407
longitude:      26.3353
depth:          34.8415
Mrr:      -0.437816E+24
Mtt:      -0.170811E+23
Mpp:       0.454898E+24
Mrt:      -0.407803E+23
Mrp:      -0.379476E+24
Mtp:      -0.319328E+24
