 PDE 2007 10 16 21 05 43.30  -25.7700  179.5300 509.3 6.2 6.6 SOUTH OF FIJI ISLANDS
event name:   C200710162105A
time shift:           1.8003
half duration:        4.8000
latitude:           -25.6934
longitude:          179.7246
depth:              509.4631
Mrr:            3.049819E+25
Mtt:           -5.108713E+25
Mpp:            2.058893E+25
Mrt:           -1.773615E+25
Mrp:           -7.522558E+25
Mtp:           -5.525883E+25
