 PDE 2007  6 13 19 29 40.20  13.5500  -90.6200  23.0 6.7 6.7 NEAR COAST OF GUATEMALA
event name:     200706131929A
time shift:      6.6652
half duration:   5.3000
latitude:       13.4322
longitude:     -91.2484
depth:          30.0109
Mrr:       1.052796e+26
Mtt:      -8.918512e+25
Mpp:      -1.609447e+25
Mrt:       4.895481e+25
Mrp:      -4.160448e+25
Mtp:       4.326285e+25
