 PDE 2009  7  8 19 23 37.70 -36.0000 -102.6900  12.0 6.0 6.0 SOUTHEAST OF EASTER ISLAND
event name:     C200907081923A
time shift:      1.4799
half duration:   2.3000
latitude:      -35.9929
longitude:    -102.7441
depth:          12.6651
Mrr:      -7.711114e+23
Mtt:      -2.170234e+24
Mpp:       2.941346e+24
Mrt:      -1.308138e+24
Mrp:      -1.058774e+24
Mtp:      -1.064873e+25
