 PDE 2005  2 14 23 38  8.70  41.7300   79.4400  22.0 6.1 6.2 KYRGYZSTAN-XINJIANG BORDER REG.
event name:     C200502142338A
time shift:      3.1963
half duration:   2.6000
latitude:       41.7189
longitude:      79.2684
depth:          22.2646
Mrr:       1.812101e+24
Mtt:      -2.759798e+24
Mpp:       9.476967e+23
Mrt:       1.108696e+25
Mrp:       2.372841e+24
Mtp:       1.103314e+24
