 PDE 2007 12 11 17 20 54.90 -62.0600  -65.8300  10.0 5.9 5.9 SOUTHERN PACIFIC OCEAN
event name:     C200712111720A
time shift:      6.2123
half duration:   2.1000
latitude:      -62.0545
longitude:     -66.2475
depth:          22.4161
Mrr:       4.004422e+24
Mtt:      -1.890290e+24
Mpp:      -2.114132e+24
Mrt:      -8.179408e+23
Mrp:      -3.850220e+24
Mtp:       7.455674e+24
