 PDE 2009 11 14 19 44 29.90  -22.9700  -66.6400 220.4 5.8 6.2 JUJUY PROVINCE, ARGENTINA
event name:   C200911141944A
time shift:           0.6090
half duration:        2.9000
latitude:           -23.0363
longitude:          -66.8080
depth:              217.9291
Mrr:           -7.707934E+24
Mtt:           -3.358039E+24
Mpp:            1.106598E+25
Mrt:            3.288941E+24
Mrp:           -2.042586E+25
Mtp:           -1.372832E+24
