 PDE 2005  2 26 12 56 52.60   2.9100   95.5900  36.0 6.7 6.7 OFF W COAST OF NORTHERN SUMATRA
event name:     200502261256A
time shift:      6.3206
half duration:   5.9000
latitude:        2.8267
longitude:      95.4178
depth:          10.8475
Mrr:       2.597355e+25
Mtt:      -1.659439e+25
Mpp:      -9.379161e+24
Mrt:       1.008285e+26
Mrp:      -1.148479e+26
Mtp:       1.295641e+25
