 PDE 2006 12 12 15 48 03.30    3.7300  124.6800 213.5 6.0 6.3 CELEBES SEA
event name:   C200612121548A
time shift:           3.8152
half duration:        3.5000
latitude:             3.8332
longitude:          125.0978
depth:              212.8448
Mrr:           -1.129011E+25
Mtt:            1.828224E+24
Mpp:            9.461900E+24
Mrt:           -1.501900E+24
Mrp:           -3.887418E+25
Mtp:           -1.532129E+25
