 PDE 2009 08 03 17 59 56.20   29.0400 -112.9000  10.0 6.2 6.9 GULF OF CALIFORNIA
event name:    200908031800A
time shift:           8.5664
half duration:        6.7000
latitude:            29.2238
longitude:         -113.5274
depth:               10.0539
Mrr:            1.296975E+24
Mtt:           -2.595871E+26
Mpp:            2.582894E+26
Mrt:           -4.497422E+24
Mrp:           -1.964238E+25
Mtp:           -3.571893E+25
