 PDE 2005 07 23 20 09 05.40   12.0800  -85.9700 167.9 5.1 0.0 NICARAGUA
event name:   C200507232009A
time shift:           1.3508
half duration:        1.5000
latitude:            11.9295
longitude:          -86.3059
depth:              163.8049
Mrr:            1.972288E+24
Mtt:           -1.045489E+24
Mpp:           -9.267959E+23
Mrt:            1.092344E+24
Mrp:           -2.446867E+24
Mtp:            7.980573E+23
