 PDE 2007 03 12 09 59 03.20  -21.0500  169.8300  68.7 5.4 5.8 SOUTHEAST OF LOYALTY ISLANDS
event name:   C200703120959A
time shift:           1.9812
half duration:        1.9000
latitude:           -21.0795
longitude:          169.7387
depth:               58.4199
Mrr:           -3.109188E+24
Mtt:            2.696014E+24
Mpp:            4.131735E+23
Mrt:           -1.020607E+24
Mrp:            3.545595E+24
Mtp:            5.162385E+24
