 PDE 2009 10 15 17 48 21.90   3.2700 -103.8200  10.0 6.0 6.0 GALAPAGOS TRIPLE JUNCTION REGION
event name:     C200910151748A
time shift:     -0.4699
half duration:   2.4000
latitude:        3.3007
longitude:    -103.7428
depth:           6.6790
Mrr:       1.201980e+25
Mtt:      -1.263445e+24
Mpp:      -1.075636e+25
Mrt:       1.371195e+23
Mrp:      -4.173372e+24
Mtp:       3.313399e+24
