 PDE 2009 11 13 03 05 57.20  -19.3900  -70.3200  27.0 6.2 6.5 NEAR COAST OF NORTHERN CHILE
event name:    200911130306A
time shift:           5.3073
half duration:        4.4000
latitude:           -19.6016
longitude:          -70.9885
depth:               35.7703
Mrr:            6.732613E+25
Mtt:           -7.273465E+24
Mpp:           -6.005265E+25
Mrt:            1.838346E+25
Mrp:           -6.203153E+25
Mtp:            2.102044E+25
