 PDE 2007  3 10 17  3 37.90  74.2600    8.7100  10.0 5.7 5.7 GREENLAND SEA - INV
event name:     C200703101703A
time shift:      1.4400
half duration:   1.7000
latitude:       74.2106
longitude:       8.6908
depth:           8.2757
Mrr:      -0.417260E+25
Mtt:       0.377173E+24
Mpp:       0.379543E+25
Mrt:      -0.749466E+24
Mrp:      -0.345599E+24
Mtp:       0.133690E+25
