 PDE 2008 06 08 12 25 29.70   37.9600   21.5200  16.0 6.2 6.3 SOUTHERN GREECE
event name:    200806081225A
time shift:           5.4575
half duration:        3.8000
latitude:            37.9226
longitude:           21.6067
depth:               21.8397
Mrr:            2.154865E+24
Mtt:            3.242976E+25
Mpp:           -3.458458E+25
Mrt:           -8.624228E+24
Mrp:           -3.283458E+24
Mtp:            2.222864E+25
