 PDE 2006  6  5  6 27  8.00   1.1700  -28.0700  10.0 6.0 6.0 CENTRAL MID-ATLANTIC RIDGE
event name:     C200606050627A
time shift:      6.8794
half duration:   2.5000
latitude:        1.1245
longitude:     -27.7997
depth:          12.1030
Mrr:      -2.295734e+24
Mtt:       3.904544e+24
Mpp:      -1.608810e+24
Mrt:      -1.897806e+23
Mrp:       4.505304e+23
Mtp:      -1.416948e+25
