 PDE 2008 08 30 06 54 07.60   -6.1500  147.2600  75.0 6.1 6.4 EASTERN NEW GUINEA REG., P.N.G.
event name:   C200808300654A
time shift:           4.7229
half duration:        3.9000
latitude:            -6.3356
longitude:          147.4907
depth:               82.1356
Mrr:            7.242567E+24
Mtt:            3.032802E+25
Mpp:           -3.757058E+25
Mrt:            2.868629E+25
Mrp:            2.049383E+24
Mtp:           -2.249317E+25
