 PDE 2005  1 28 15 46 45.30  -1.0900  -81.1600  10.0 5.9 5.5 OFF COAST OF ECUADOR
event name:     C200501281546A
time shift:      1.0319
half duration:   2.2000
latitude:       -1.0932
longitude:     -81.1731
depth:           8.6866
Mrr:       5.466710e+24
Mtt:       1.413623e+23
Mpp:      -5.608071e+24
Mrt:       1.714437e+23
Mrp:      -8.435515e+24
Mtp:      -5.926065e+23
