 PDE 2007 09 06 17 51 26.20   24.3400  122.2200  53.0 6.1 6.2 TAIWAN REGION
event name:   C200709061751A
time shift:           2.9511
half duration:        3.2000
latitude:            24.2371
longitude:          122.3271
depth:               54.7684
Mrr:            3.025037E+25
Mtt:           -2.745606E+24
Mpp:           -2.750478E+25
Mrt:            4.698081E+24
Mrp:            7.697371E+24
Mtp:           -1.066418E+25
