 PDE 2005 11  7  1 49 38.40  71.6900  -12.0600  23.6 5.0 4.2 JAN MAYEN ISLAND REGION - INV
event name:     C200511070149A
time shift:     -0.9400
half duration:   0.8000
latitude:       71.6569
longitude:     -11.9776
depth:           7.1421
Mrr:      -0.202765E+24
Mtt:       0.135355E+24
Mpp:       0.674098E+23
Mrt:       0.244400E+21
Mrp:      -0.276119E+24
Mtp:       0.245321E+24
