 PDE 2005  5 16  3 54 14.60 -32.5900 -179.3500  34.0 6.5 6.4 SOUTH OF KERMADEC ISLANDS
event name:     200505160354A
time shift:      6.1982
half duration:   4.4000
latitude:      -32.7626
longitude:    -178.8333
depth:          42.0905
Mrr:       6.703077e+25
Mtt:      -2.831584e+24
Mpp:      -6.419919e+25
Mrt:       2.198730e+24
Mrp:       3.656336e+25
Mtp:      -2.010194e+25
