 PDE 2007 12 15 09 39 52.90   -6.6100  131.0900  50.7 6.0 6.4 TANIMBAR ISLANDS REG., INDONESIA
event name:   C200712150939A
time shift:           4.4191
half duration:        3.9000
latitude:            -6.5918
longitude:          131.1384
depth:               71.2041
Mrr:            2.081685E+25
Mtt:           -4.987186E+25
Mpp:            2.905502E+25
Mrt:           -2.497477E+24
Mrp:            2.226626E+25
Mtp:            2.509532E+25
