 PDE 2008 08 25 13 21 58.80   30.9000   83.5200  12.0 6.2 6.7 XIZANG
event name:    200808251322A
time shift:           6.0389
half duration:        5.4000
latitude:            30.6057
longitude:           83.4996
depth:               12.7114
Mrr:           -8.352147E+25
Mtt:           -2.886882E+25
Mpp:            1.123906E+26
Mrt:           -4.910370E+25
Mrp:            1.606966E+25
Mtp:            9.537993E+24
