 PDE 2007  1 30 21 37 45.80  20.9900  144.7000  30.0 6.6 6.6 MARIANA ISLANDS
event name:     200701302137A
time shift:      4.5173
half duration:   4.7000
latitude:       20.9698
longitude:     145.0807
depth:          19.5789
Mrr:      -3.251777e+25
Mtt:       6.902377e+25
Mpp:      -3.650600e+25
Mrt:       5.172770e+25
Mrp:       4.220830e+25
Mtp:      -9.875211e+23
