 PDE 2009 12 17  1 37 48.10  36.4600   -9.9000  19.8 5.7 5.6 WEST OF GIBRALTAR - INV
event name:     C200912170137A
time shift:      4.8100
half duration:   1.5000
latitude:       36.4700
longitude:      -9.8900
depth:          54.2169
Mrr:       0.409990E+23
Mtt:      -0.165807E+25
Mpp:       0.161707E+25
Mrt:       0.134176E+25
Mrp:       0.240212E+25
Mtp:      -0.100904E+25
