 PDE 2005 01 18 14 09 06.20   42.9500  144.8700  42.0 6.3 5.7 HOKKAIDO, JAPAN REGION
event name:   C200501181409A
time shift:           2.5667
half duration:        3.0000
latitude:            42.8130
longitude:          145.0401
depth:               50.0867
Mrr:            1.999525E+25
Mtt:           -9.706104E+24
Mpp:           -1.028916E+25
Mrt:            4.798527E+24
Mrp:            1.584004E+25
Mtp:           -1.420841E+25
