 PDE 2007  3 17 22 43  9.60   4.5500  -78.5400  10.0 6.0 6.0 SOUTH OF PANAMA
event name:     C200703172243A
time shift:      3.6445
half duration:   2.5000
latitude:        4.6130
longitude:     -78.5353
depth:           7.0336
Mrr:      -1.057363e+25
Mtt:       4.245442e+24
Mpp:       6.328192e+24
Mrt:      -2.101172e+23
Mrp:       4.760514e+24
Mtp:       5.741992e+24
