 PDE 2007  8  7  0  2 24.20  27.2900  126.8400  18.1 6.0 5.9 NORTHWEST OF RYUKYU ISLANDS
event name:     C200708070002A
time shift:      0.2208
half duration:   2.3000
latitude:       27.2587
longitude:     126.7443
depth:           9.0488
Mrr:      -6.685823e+23
Mtt:       1.650188e+24
Mpp:      -9.816058e+23
Mrt:       2.401547e+24
Mrp:       2.569987e+22
Mtp:       8.814695e+24
