 PDE 2007  4 21 17 53 46.30 -45.2400  -72.6500  36.7 6.2 6.3 SOUTHERN CHILE
event name:     C200704211753A
time shift:     -0.0084
half duration:   3.2000
latitude:      -45.4798
longitude:     -72.9503
depth:          11.5821
Mrr:      -7.431309e+24
Mtt:      -1.641187e+24
Mpp:       9.072496e+24
Mrt:       1.403537e+24
Mrp:       2.382899e+24
Mtp:       2.469627e+25
