 PDE 2007  4  7  7  9 25.40  37.3100  -24.4900   8.0 6.0 6.1 AZORES ISLANDS REGION
event name:     C200704070709A
time shift:      3.5539
half duration:   2.6000
latitude:       37.4007
longitude:     -24.3889
depth:           8.0326
Mrr:      -1.880174e+25
Mtt:       1.047128e+25
Mpp:       8.330451e+24
Mrt:       1.894503e+24
Mrp:       7.009169e+23
Mtp:      -5.302788e+24
