 PDE 2007 12  6 21 43 47.00  12.2600  125.3900  37.4 5.9 5.9 SAMAR, PHILIPPINES
event name:     C200712062143A
time shift:      1.5823
half duration:   2.2000
latitude:       12.4162
longitude:     125.6020
depth:          21.2344
Mrr:       4.703574e+24
Mtt:       9.871966e+22
Mpp:      -4.802294e+24
Mrt:      -3.626891e+23
Mrp:       5.558343e+24
Mtp:       1.451279e+24
