 PDE 2005 03 17 13 37 37.10   15.1400  -91.3800 197.4 6.0 6.1 MEXICO-GUATEMALA BORDER REGION
event name:   C200503171337A
time shift:           2.8745
half duration:        2.9000
latitude:            15.1950
longitude:          -91.6243
depth:              180.1176
Mrr:            8.607116E+24
Mtt:           -8.191766E+24
Mpp:           -4.153520E+23
Mrt:            1.332187E+25
Mrp:           -1.500266E+25
Mtp:            3.450518E+24
