 PDE 2007  7 29  4 54 36.70  53.6400  169.7000  25.7 5.9 5.9 KOMANDORSKIYE OSTROVA REGION
event name:     C200707290454A
time shift:      2.5615
half duration:   2.1000
latitude:       53.5832
longitude:     169.6625
depth:          33.6239
Mrr:       2.348505e+24
Mtt:      -5.184425e+24
Mpp:       2.835920e+24
Mrt:       3.905364e+24
Mrp:       3.406808e+24
Mtp:      -3.033388e+23
