 PDE 2005 03 13 03 31 23.10   27.1100   61.8900  54.0 5.9 5.4 SOUTHERN IRAN
event name:   C200503130331A
time shift:           0.4894
half duration:        2.4000
latitude:            26.7568
longitude:           61.9906
depth:               54.4273
Mrr:           -1.178521E+25
Mtt:            1.293393E+25
Mpp:           -1.148711E+24
Mrt:           -4.222271E+24
Mrp:           -1.385598E+24
Mtp:            5.252115E+24
