 PDE 2008  6 15  1 13 11.90 -17.7400 -179.7300 611.4 5.9 5.9 FIJI ISLANDS REGION
event name:     C200806150113A
time shift:      1.9518
half duration:   2.2000
latitude:      -17.7573
longitude:    -179.6620
depth:         621.6042
Mrr:      -1.989721e+24
Mtt:       2.252046e+24
Mpp:      -2.623240e+23
Mrt:       4.616083e+24
Mrp:      -6.990074e+24
Mtp:      -1.556448e+24
