 PDE 2006  1 23 20 50 45.00   6.8600  -77.7900  14.0 6.2 5.9 NEAR WEST COAST OF COLOMBIA
event name:     C200601232050A
time shift:      5.2782
half duration:   3.0000
latitude:        6.9641
longitude:     -77.7574
depth:          13.5758
Mrr:       9.008052e+24
Mtt:      -2.368736e+23
Mpp:      -8.771178e+24
Mrt:       1.963620e+24
Mrp:      -2.242595e+25
Mtp:       3.938786e+24
