 PDE 2007  8  2  2 37 42.40  47.1200  141.8000   5.0 6.2 6.2 SAKHALIN, RUSSIA
event name:     C200708020237A
time shift:      6.2956
half duration:   3.0000
latitude:       46.8350
longitude:     141.8119
depth:           5.6258
Mrr:       2.010418e+25
Mtt:      -2.431884e+23
Mpp:      -1.986099e+25
Mrt:      -2.563199e+23
Mrp:      -2.267906e+24
Mtp:      -2.643685e+24
