 PDE 2008 06 01 14 31 03.00  -59.3800  149.6600  10.0 5.8 6.5 WEST OF MACQUARIE ISLAND
event name:    200806011431A
time shift:           6.8143
half duration:        4.3000
latitude:           -59.8172
longitude:          149.9817
depth:                3.6420
Mrr:            2.473465E+23
Mtt:            4.798469E+25
Mpp:           -4.823207E+25
Mrt:           -4.688004E+24
Mrp:            7.946862E+23
Mtp:           -6.061843E+25
