 PDE 2005  3 25  1  4 53.00   5.4900   94.3700  39.0 5.8 5.7 NORTHERN SUMATRA, INDONESIA
event name:     C200503250104A
time shift:      1.5972
half duration:   2.0000
latitude:        5.3037
longitude:      94.2520
depth:          33.1002
Mrr:       4.039931e+24
Mtt:      -1.424155e+24
Mpp:      -2.615776e+24
Mrt:       3.033519e+24
Mrp:      -3.459597e+24
Mtp:       2.404899e+24
