 PDE 2008 12 28 22 58 59.00  40.3900   25.7800  35.0 5.1 5.2 AEGEAN SEA - INV
event name:     C200812282259A
time shift:      3.7200
half duration:   1.0000
latitude:       40.3140
longitude:      25.8388
depth:           5.9535
Mrr:      -0.270464E+24
Mtt:       0.421379E+24
Mpp:      -0.150915E+24
Mrt:      -0.303002E+23
Mrp:      -0.206156E+24
Mtp:      -0.570147E+24
