 PDE 2009 06 05 03 30 33.10   41.8200  143.4500  29.0 6.0 6.4 HOKKAIDO, JAPAN REGION
event name:    200906050330A
time shift:           3.4495
half duration:        3.4000
latitude:            41.6987
longitude:          143.7047
depth:               31.8779
Mrr:            2.273625E+25
Mtt:           -7.970332E+24
Mpp:           -1.476588E+25
Mrt:            1.917797E+25
Mrp:            3.361559E+25
Mtp:           -1.109998E+25
