 PDE 2007 05 06 21 11 52.50  -19.4000 -179.3500 676.4 6.0 6.5 FIJI ISLANDS REGION
event name:   C200705062111A
time shift:           3.8188
half duration:        4.1000
latitude:           -19.4307
longitude:         -179.0429
depth:              686.9334
Mrr:            5.633974E+25
Mtt:           -2.446791E+25
Mpp:           -3.187180E+25
Mrt:            1.282894E+25
Mrp:           -2.554339E+25
Mtp:           -3.289913E+25
