 PDE 2009 10  2 15 47  9.40 -17.0200  174.5100  10.0 6.0 6.0 FIJI ISLANDS REGION
event name:     C200910021547A
time shift:      2.6224
half duration:   2.3000
latitude:      -16.8719
longitude:     174.7092
depth:           9.6794
Mrr:      -6.404241e+23
Mtt:       2.721228e+24
Mpp:      -2.080804e+24
Mrt:      -8.476808e+23
Mrp:      -2.735726e+24
Mtp:       9.590393e+24
