 PDE 2006  9 28  6 22  9.70 -16.5900 -172.0300  28.0 6.9 6.9 SAMOA ISLANDS REGION
event name:     200609280622A
time shift:      6.2747
half duration:   6.8000
latitude:      -16.6408
longitude:    -171.7049
depth:          13.9131
Mrr:      -3.143815e+26
Mtt:      -5.131549e+24
Mpp:       3.195131e+26
Mrt:       4.946774e+25
Mrp:       4.751187e+25
Mtp:       7.824052e+25
