 PDE 2007 12 29 22 58  2.20  52.2100 -168.1500  15.8 5.8 5.9 FOX ISLANDS, ALEUTIAN ISLANDS
event name:     C200712292258A
time shift:      4.9765
half duration:   2.1000
latitude:       52.1736
longitude:    -168.1900
depth:          17.8872
Mrr:       4.376902e+24
Mtt:      -3.735653e+24
Mpp:      -6.412487e+23
Mrt:       5.770160e+24
Mrp:       2.041300e+24
Mtp:      -1.553222e+24
