 PDE 2005  5 12 11 15 35.30 -57.3800 -139.2300  10.0 6.5 6.2 PACIFIC-ANTARCTIC RIDGE
event name:     C200505121115A
time shift:      4.5348
half duration:   4.2000
latitude:      -57.5667
longitude:    -138.9051
depth:          10.6056
Mrr:       5.262626e+24
Mtt:      -4.863219e+25
Mpp:       4.336956e+25
Mrt:       4.633128e+24
Mrp:       9.751754e+24
Mtp:      -4.802980e+25
