 PDE 2007  3 25 13 57 58.20  38.3400   20.4200  15.0 5.3 5.8 GREECE - INV
event name:     C200703251357A
time shift:      6.6300
half duration:   1.8000
latitude:       38.3600
longitude:      20.2400
depth:           8.1431
Mrr:       0.203182E+25
Mtt:       0.224242E+25
Mpp:      -0.427425E+25
Mrt:       0.110084E+25
Mrp:      -0.528130E+24
Mtp:       0.154209E+25
