 PDE 2005 06 12 19 26 24.80  -56.2900  -27.0800  94.1 5.8 0.0 SOUTH SANDWICH ISLANDS REGION
event name:   C200506121926A
time shift:           4.6164
half duration:        2.4000
latitude:           -56.3976
longitude:          -26.6990
depth:               95.5365
Mrr:            7.319292E+24
Mtt:           -4.886069E+24
Mpp:           -2.433222E+24
Mrt:           -9.650295E+24
Mrp:            8.304027E+24
Mtp:            3.215175E+24
