 PDE 2008 12 25 03 20 29.90    5.7600  125.3700 211.2 6.1 6.3 MINDANAO, PHILIPPINES
event name:   C200812250320A
time shift:           1.0507
half duration:        3.4000
latitude:             5.7380
longitude:          125.6644
depth:              195.7805
Mrr:            1.676413E+25
Mtt:           -4.211377E+24
Mpp:           -1.255275E+25
Mrt:           -3.779426E+24
Mrp:            3.535618E+25
Mtp:           -9.313524E+24
