 PDE 2009  9 18  6 23 53.50  12.6200  120.4300  12.0 5.9 6.0 MINDORO, PHILIPPINES
event name:     C200909180624A
time shift:      2.4479
half duration:   2.3000
latitude:       12.6468
longitude:     120.3838
depth:           9.3580
Mrr:      -1.226881e+24
Mtt:       9.291012e+24
Mpp:      -8.064131e+24
Mrt:      -8.620797e+23
Mrp:      -1.997633e+24
Mtp:      -1.985136e+24
