 PDE 2006  4  7  8 30 45.90 -16.5400  176.9800  22.4 6.5 6.4 FIJI ISLANDS REGION
event name:     C200604070830A
time shift:      1.0034
half duration:   4.2000
latitude:      -16.5058
longitude:     177.0127
depth:          11.7236
Mrr:       3.408731e+24
Mtt:      -2.634773e+24
Mpp:      -7.739578e+23
Mrt:       4.399887e+24
Mrp:      -1.977638e+24
Mtp:       5.713310e+25
