 PDE 2005  7  2  2 16 43.70  11.2400  -86.1700  27.0 6.6 6.4 NEAR COAST OF NICARAGUA
event name:     200507020216A
time shift:      9.0457
half duration:   4.8000
latitude:       11.0561
longitude:     -86.7215
depth:          29.0775
Mrr:       6.835898e+25
Mtt:      -4.519361e+25
Mpp:      -2.316537e+25
Mrt:       5.619549e+25
Mrp:      -3.741497e+25
Mtp:       4.041596e+25
