 PDE 2009 11 17 15 30 45.40   52.1300 -131.4000   3.3 6.0 6.6 QUEEN CHARLOTTE ISLANDS REGION
event name:    200911171530A
time shift:           8.3636
half duration:        4.7000
latitude:            51.9546
longitude:         -131.6931
depth:               11.0686
Mrr:           -4.381342E+24
Mtt:           -1.915762E+25
Mpp:            2.353894E+25
Mrt:            1.003569E+25
Mrp:           -2.341870E+25
Mtp:            7.750671E+25
