 PDE 2008  5 31 23 16  4.60 -28.9200 -112.2600  10.0 5.8 5.8 EASTER ISLAND REGION
event name:     C200805312316A
time shift:      2.8775
half duration:   1.9000
latitude:      -28.9014
longitude:    -112.4025
depth:           8.5650
Mrr:      -2.065103e+23
Mtt:      -2.911270e+24
Mpp:       3.117780e+24
Mrt:       3.493694e+23
Mrp:      -8.006298e+23
Mtp:      -4.837390e+24
