 PDE 2008 11 19 06 11 20.80    8.2700  -82.9700  32.0 5.9 6.2 PANAMA-COSTA RICA BORDER REGION
event name:    200811190611A
time shift:           2.0363
half duration:        3.3000
latitude:             8.2340
longitude:          -82.7670
depth:               40.9253
Mrr:           -9.207930E+24
Mtt:            1.266054E+25
Mpp:           -3.452582E+24
Mrt:            8.147660E+24
Mrp:           -1.080308E+25
Mtp:            2.309581E+25
