 PDE 2007 11 20 15 28 28.10  -30.0300 -177.9300  58.8 6.0 5.9 KERMADEC ISLANDS, NEW ZEALAND
event name:   C200711201528A
time shift:           2.0856
half duration:        2.2000
latitude:           -29.8012
longitude:         -177.4231
depth:               46.9471
Mrr:            9.144692E+24
Mtt:           -1.544218E+23
Mpp:           -8.990271E+24
Mrt:            7.775919E+23
Mrp:            4.236501E+24
Mtp:           -3.006936E+24
