 PDE 2008  8 15 10 25 16.50  12.9000  124.3200  10.0 6.0 6.0 SAMAR, PHILIPPINES
event name:     C200808151025A
time shift:      2.2752
half duration:   2.4000
latitude:       13.0700
longitude:     124.3718
depth:          12.4284
Mrr:      -2.334668e+24
Mtt:       8.691181e+24
Mpp:      -6.356513e+24
Mrt:      -1.017200e+24
Mrp:       1.259869e+24
Mtp:       7.700992e+24
