 PDE 2008 11 08 07 49 59.00  -15.2200 -174.2300 121.0 5.4 6.0 TONGA ISLANDS
event name:   C200811080750A
time shift:           3.8710
half duration:        2.4000
latitude:           -15.0715
longitude:         -173.9326
depth:              130.5831
Mrr:           -3.663288E+24
Mtt:            6.688762E+24
Mpp:           -3.025475E+24
Mrt:           -6.890415E+24
Mrp:           -7.657792E+24
Mtp:           -2.391448E+24
