 PDE 2008 02 10 12 22 02.70  -60.8000  -25.5900   8.0 6.4 6.6 SOUTH SANDWICH ISLANDS REGION
event name:    200802101222A
time shift:           5.6669
half duration:        4.6000
latitude:           -61.0499
longitude:          -25.0055
depth:                9.4918
Mrr:           -9.201512E+25
Mtt:            1.018399E+26
Mpp:           -9.824793E+24
Mrt:            1.614336E+25
Mrp:           -2.944660E+24
Mtp:            4.805141E+25
