 PDE 2007 11 19 23 30 28.90 -22.7900  -70.7700  29.9 5.9 5.9 NEAR COAST OF NORTHERN CHILE
event name:     C200711192330A
time shift:      4.3814
half duration:   2.2000
latitude:      -22.8609
longitude:     -70.9318
depth:          17.5637
Mrr:       3.596216e+24
Mtt:       1.310511e+23
Mpp:      -3.727267e+24
Mrt:       8.781062e+23
Mrp:      -6.353475e+24
Mtp:       3.025010e+23
