 PDE 2009 11 01 21 28 58.90  -15.5100 -173.7500 105.0 5.4 5.8 TONGA ISLANDS
event name:   C200911012128A
time shift:           3.7095
half duration:        2.0000
latitude:           -15.3519
longitude:         -173.3945
depth:              119.7819
Mrr:            2.162681E+24
Mtt:           -8.013013E+23
Mpp:           -1.361379E+24
Mrt:           -1.791785E+24
Mrp:            6.317719E+24
Mtp:           -3.051259E+24
