 PDE 2007  5 23  4 41 46.50  52.3500  -31.8100  10.0 5.4 5.7 NORTHERN MID-ATLANTIC RI - INV
event name:     C200705230441A
time shift:      1.9100
half duration:   1.7000
latitude:       52.3651
longitude:     -31.5530
depth:           7.2612
Mrr:      -0.445980E+25
Mtt:       0.124473E+24
Mpp:       0.433533E+25
Mrt:      -0.333951E+23
Mrp:      -0.369757E+24
Mtp:       0.735161E+24
