 PDE 2005  3 19 15  2 42.70 -20.4100 -174.3400  18.0 6.1 5.9 TONGA ISLANDS
event name:     C200503191502A
time shift:      5.5803
half duration:   2.7000
latitude:      -20.5372
longitude:    -173.6402
depth:          19.3863
Mrr:       1.341233e+25
Mtt:      -8.790969e+23
Mpp:      -1.253323e+25
Mrt:       4.609115e+24
Mrp:       8.936527e+24
Mtp:      -5.416829e+24
