 PDE 2007  6  2 21 34 57.80  23.0300  101.0500   5.0 6.1 6.3 YUNNAN, CHINA
event name:     C200706022134A
time shift:      1.8505
half duration:   2.7000
latitude:       23.0225
longitude:     101.1296
depth:           8.2600
Mrr:       8.147903e+24
Mtt:      -1.464181e+25
Mpp:       6.493905e+24
Mrt:      -2.651039e+24
Mrp:      -2.130402e+24
Mtp:       6.720428e+24
