 PDE 2006 11 17 18  3 12.30  28.5900  129.9000  22.0 6.2 6.2 RYUKYU ISLANDS, JAPAN
event name:     C200611171803A
time shift:      5.1474
half duration:   2.9000
latitude:       28.3899
longitude:     130.1934
depth:          27.5814
Mrr:       1.293222e+25
Mtt:      -4.225251e+24
Mpp:      -8.706961e+24
Mrt:       9.954353e+24
Mrp:       1.009362e+25
Mtp:      -7.062671e+24
