 PDE 2008 04 18 20 39 07.10  -17.3400 -179.0200 553.8 5.9 6.3 FIJI ISLANDS REGION
event name:   C200804182039A
time shift:           4.4518
half duration:        3.5000
latitude:           -17.2620
longitude:         -178.9786
depth:              575.2240
Mrr:           -2.349320E+25
Mtt:            3.167825E+25
Mpp:           -8.185037E+24
Mrt:           -3.181446E+24
Mrp:           -1.612387E+25
Mtp:            2.287446E+25
