 PDE 2005 07 23 07 34 56.80   35.5000  139.9800  61.0 6.1 0.0 NEAR S. COAST OF HONSHU, JAPAN
event name:   C200507230734A
time shift:           2.7110
half duration:        2.3000
latitude:            35.5796
longitude:          140.2749
depth:               59.0068
Mrr:            9.781983E+24
Mtt:            6.654650E+23
Mpp:           -1.044745E+25
Mrt:            6.952571E+23
Mrp:            4.225465E+24
Mtp:           -6.780880E+23
