 PDE 2008 06 22 23 56 30.00   67.7000  141.2800  18.0 6.1 6.1 EASTERN SIBERIA, RUSSIA
event name:    200806222356A
time shift:           8.4241
half duration:        2.8000
latitude:            67.7065
longitude:          141.4322
depth:               19.0354
Mrr:            9.283020E+24
Mtt:           -6.035306E+24
Mpp:           -3.247714E+24
Mrt:            5.241814E+24
Mrp:            5.618984E+24
Mtp:            1.090641E+25
