 PDE 2006 12 30  8 30 49.80  13.3100   51.3700  15.0 6.6 6.6 EASTERN GULF OF ADEN
event name:     C200612300830A
time shift:     11.6520
half duration:   5.0000
latitude:       13.6719
longitude:      51.4389
depth:          13.5042
Mrr:      -6.766998e+24
Mtt:       8.179499e+25
Mpp:      -7.502798e+25
Mrt:       1.696228e+25
Mrp:       1.229447e+25
Mtp:       5.373073e+25
