 PDE 2006 10 12 18  5 58.20 -31.3000  -71.3300  45.9 6.3 6.4 NEAR COAST OF CENTRAL CHILE
event name:     C200610121805A
time shift:      4.0016
half duration:   3.7000
latitude:      -31.4730
longitude:     -72.0027
depth:          36.5120
Mrr:       3.253927e+25
Mtt:       1.391997e+24
Mpp:      -3.393127e+25
Mrt:       3.239334e+24
Mrp:      -2.667696e+25
Mtp:       1.332233e+24
