 PDE 2009 08 18 21 20 47.50  -26.0600 -178.3900 269.8 5.5 6.3 SOUTH OF FIJI ISLANDS
event name:   C200908182120A
time shift:           3.3661
half duration:        3.5000
latitude:           -25.9920
longitude:         -178.0864
depth:              274.6729
Mrr:           -4.913832E+24
Mtt:           -3.307566E+25
Mpp:            3.798950E+25
Mrt:           -1.461596E+25
Mrp:           -4.777434E+24
Mtp:            3.657421E+24
