 PDE 2005 10 23 10 08 14.70   37.3800  134.5600 380.7 5.7 0.0 SEA OF JAPAN
event name:   C200510231008A
time shift:           1.6186
half duration:        2.3000
latitude:            37.3599
longitude:          134.6078
depth:              391.0989
Mrr:            4.836648E+24
Mtt:           -1.919166E+21
Mpp:           -4.834729E+24
Mrt:           -5.198263E+23
Mrp:           -9.666498E+24
Mtp:            3.389161E+24
