 PDE 2006  3  3 23 36 28.00 -55.6900   -4.2300  10.0 6.0 5.4 SOUTHERN MID-ATLANTIC RIDGE
event name:     C200603032336A
time shift:      7.0487
half duration:   2.3000
latitude:      -55.9199
longitude:      -3.9335
depth:          14.1132
Mrr:      -5.962049e+23
Mtt:      -2.732107e+24
Mpp:       3.328313e+24
Mrt:       2.457280e+24
Mrp:       7.487392e+23
Mtp:       1.096930e+25
