 PDE 2008 06 29 20 53 01.00   45.1600  137.4200 287.3 5.6 6.0 PRIMOR'YE, RUSSIA
event name:   C200806292053A
time shift:           5.4770
half duration:        2.3000
latitude:            45.1260
longitude:          137.3812
depth:              323.7380
Mrr:           -1.964782E+24
Mtt:            4.305741E+24
Mpp:           -2.340959E+24
Mrt:            9.315624E+24
Mrp:           -2.155135E+23
Mtp:           -6.892474E+24
