 PDE 2009  8 13  9 21 35.80  14.0500   92.8200  35.0 5.8 5.9 ANDAMAN ISLANDS, INDIA REGION
event name:     C200908130921A
time shift:     -0.8946
half duration:   2.1000
latitude:       14.0395
longitude:      92.7662
depth:          29.7494
Mrr:      -8.871557e+23
Mtt:      -2.189621e+24
Mpp:       3.076777e+24
Mrt:       1.092267e+24
Mrp:      -8.810205e+23
Mtp:       5.391533e+24
