 PDE 2007  9  7  4 46 45.20 -56.0800 -123.3100  10.0 5.9 5.9 SOUTHERN EAST PACIFIC RISE
event name:     C200709070446A
time shift:      7.5648
half duration:   2.3000
latitude:      -55.9199
longitude:    -123.7347
depth:          17.3200
Mrr:      -8.116228e+23
Mtt:       6.124514e+24
Mpp:      -5.312892e+24
Mrt:      -1.058893e+24
Mrp:      -6.212556e+23
Mtp:       8.312157e+24
