 PDE 2008 02 04 17 01 31.00  -20.1700  -70.0400  43.5 6.0 6.3 NEAR COAST OF NORTHERN CHILE
event name:    200802041701A
time shift:           3.0613
half duration:        3.6000
latitude:           -20.2853
longitude:          -70.7285
depth:               44.8741
Mrr:            3.627142E+25
Mtt:           -8.487239E+23
Mpp:           -3.542271E+25
Mrt:            1.022379E+25
Mrp:           -2.882459E+25
Mtp:            6.626418E+24
