 PDE 2007 08 26 12 37 31.20  -17.4600 -174.3400 127.4 5.9 6.1 TONGA ISLANDS
event name:   C200708261237A
time shift:           2.5693
half duration:        2.6000
latitude:           -17.3433
longitude:         -173.8505
depth:              129.0237
Mrr:            7.568630E+23
Mtt:            6.674900E+23
Mpp:           -1.424351E+24
Mrt:           -4.204398E+24
Mrp:           -1.497492E+25
Mtp:           -2.534435E+23
