 PDE 2009 12 03 06 12 32.50  -56.4800 -122.3200  10.0 5.5 6.0 SOUTHERN EAST PACIFIC RISE
event name:    200912030612A
time shift:           4.5199
half duration:        2.3000
latitude:           -56.0931
longitude:         -122.7640
depth:                3.5611
Mrr:           -3.942282E+23
Mtt:            6.886474E+24
Mpp:           -6.492249E+24
Mrt:           -1.499983E+24
Mrp:           -6.013822E+24
Mtp:            9.883634E+24
