 PDE 2009 07 13 10 52 20.20   -9.1300  119.3200  67.2 5.7 5.9 SUMBA REGION, INDONESIA
event name:   C200907131052A
time shift:           3.2497
half duration:        2.3000
latitude:            -9.4012
longitude:          119.3725
depth:               67.1183
Mrr:           -4.633079E+24
Mtt:            6.152901E+24
Mpp:           -1.519823E+24
Mrt:           -7.732262E+24
Mrp:            2.336663E+24
Mtp:            3.903031E+24
