 PDE 2007  9 20  8 31 14.50  -2.0000  100.1400  30.0 6.7 6.8 SOUTHERN SUMATRA, INDONESIA
event name:     200709200831A
time shift:      9.4789
half duration:   5.4000
latitude:       -2.2121
longitude:      99.8429
depth:          28.8890
Mrr:       7.850082e+25
Mtt:      -5.044124e+25
Mpp:      -2.805959e+25
Mrt:       8.957133e+25
Mrp:      -5.632074e+25
Mtp:       4.423104e+25
