 PDE 2006 01 08 11 34 55.60   36.3100   23.2100  66.0 6.5 0.0 SOUTHERN GREECE
event name:   C200601081134A
time shift:           4.3289
half duration:        5.6000
latitude:            35.9345
longitude:           23.2683
depth:               58.7571
Mrr:            1.457862E+26
Mtt:           -7.417047E+25
Mpp:           -7.161574E+25
Mrt:            5.600378E+25
Mrp:           -1.137209E+24
Mtp:           -1.276381E+26
