 PDE 2009 05 10 01 16 07.00    1.3900  -85.1700   6.0 5.5 6.1 OFF COAST OF ECUADOR
event name:    200905100116A
time shift:           2.5181
half duration:        2.8000
latitude:             1.2237
longitude:          -85.3342
depth:                7.0697
Mrr:           -8.747489E+23
Mtt:            4.530211E+24
Mpp:           -3.655473E+24
Mrt:           -3.081264E+24
Mrp:            2.677862E+24
Mtp:            1.779212E+25
