 PDE 2005  7  6  6 22 32.50 -35.7900 -102.8100  10.0 5.8 5.1 SOUTHEAST OF EASTER ISLAND
event name:     C200507060622A
time shift:      4.4458
half duration:   2.1000
latitude:      -35.9103
longitude:    -103.1288
depth:          11.4995
Mrr:      -5.579954e+23
Mtt:      -1.611091e+24
Mpp:       2.169087e+24
Mrt:       2.479623e+23
Mrp:      -1.734076e+24
Mtp:      -7.635408e+24
