 PDE 2008 08 28 15 22 23.70   -0.2500  -17.3600  15.0 5.8 6.3 NORTH OF ASCENSION ISLAND
event name:    200808281522A
time shift:           6.2516
half duration:        3.4000
latitude:             0.1719
longitude:          -17.3733
depth:               15.0604
Mrr:           -6.173434E+23
Mtt:            1.521021E+25
Mpp:           -1.459292E+25
Mrt:           -8.308693E+22
Mrp:           -7.407680E+24
Mtp:           -3.462525E+25
