 PDE 2009 04 04 05 31 55.50    5.1500  127.2000  48.0 6.1 6.3 PHILIPPINE ISLANDS REGION
event name:   C200904040531A
time shift:           4.1957
half duration:        3.2000
latitude:             5.2027
longitude:          127.1925
depth:               54.5648
Mrr:            2.138095E+25
Mtt:           -2.747423E+24
Mpp:           -1.863354E+25
Mrt:           -1.207227E+25
Mrp:           -2.289898E+24
Mtp:            2.155183E+25
