 PDE 2005 12 22 12 20  2.90 -54.7200 -135.8700  10.0 6.3 6.2 PACIFIC-ANTARCTIC RIDGE
event name:     C200512221220A
time shift:      7.4292
half duration:   3.6000
latitude:      -54.5706
longitude:    -135.9095
depth:          10.9414
Mrr:      -1.976547e+24
Mtt:       3.242299e+25
Mpp:      -3.044644e+25
Mrt:       8.319960e+24
Mrp:       5.296244e+24
Mtp:       3.049588e+25
