 PDE 2007  2 25 15  0 41.20  26.1500 -110.4200  10.0 5.9 5.9 GULF OF CALIFORNIA
event name:     C200702251500A
time shift:      1.4924
half duration:   2.1000
latitude:       26.1784
longitude:    -110.6476
depth:          14.5924
Mrr:      -6.331334e+23
Mtt:      -6.069197e+24
Mpp:       6.702331e+24
Mrt:      -2.575499e+23
Mrp:       4.164423e+23
Mtp:      -3.111287e+23
