 PDE 2008 03 18 08 22 47.10  -29.2500 -177.4400  25.0 5.8 6.2 KERMADEC ISLANDS, NEW ZEALAND
event name:    200803180822A
time shift:           5.8712
half duration:        3.1000
latitude:           -29.0922
longitude:         -176.8965
depth:               32.0498
Mrr:            2.087379E+25
Mtt:            1.561367E+24
Mpp:           -2.243525E+25
Mrt:            4.926683E+24
Mrp:            1.769618E+25
Mtp:           -7.885212E+24
