 PDE 2008 08 22 07 47 39.60  -17.7700   65.3900   6.0 5.6 6.0 MAURITIUS - REUNION REGION
event name:    200808220747A
time shift:           4.4590
half duration:        2.5000
latitude:           -17.7148
longitude:           65.4189
depth:                9.2349
Mrr:           -1.004683E+24
Mtt:           -1.348428E+25
Mpp:            1.448901E+25
Mrt:           -3.898216E+24
Mrp:            4.715442E+23
Mtp:            6.742816E+24
