 PDE 2005 06 15 10 13 59.40   -4.5900  153.1900  74.6 5.7 0.0 NEW IRELAND REGION, P.N.G.
event name:   C200506151013A
time shift:           0.7302
half duration:        3.1000
latitude:            -4.7936
longitude:          153.1559
depth:               56.5160
Mrr:            2.374610E+25
Mtt:           -2.690932E+25
Mpp:            3.163217E+24
Mrt:            1.219518E+25
Mrp:            6.558588E+24
Mtp:            4.212181E+24
