 PDE 2006 08 15 23 53 47.20  -21.1900 -176.2500 158.0 5.9 6.1 FIJI ISLANDS REGION
event name:   C200608152353A
time shift:           2.8991
half duration:        2.8000
latitude:           -21.1806
longitude:         -175.7027
depth:              160.9571
Mrr:            6.279324E+23
Mtt:            2.214217E+24
Mpp:           -2.842150E+24
Mrt:           -3.054639E+24
Mrp:           -1.777356E+25
Mtp:            6.426400E+24
