 PDE 2009  6 22 18 15 39.90  76.2200    6.7900  10.0 5.5 5.4 SVALBARD REGION - INV
event name:     C200906221815A
time shift:      0.2600
half duration:   1.2000
latitude:       76.2782
longitude:       6.6134
depth:           6.2014
Mrr:      -0.137054E+25
Mtt:       0.225877E+23
Mpp:       0.134796E+25
Mrt:      -0.449217E+24
Mrp:      -0.661158E+24
Mtp:       0.315350E+24
