 PDE 2007  8  2  3 21 42.80  51.3100 -179.9700  21.0 6.7 6.7 ANDREANOF ISLANDS, ALEUTIAN IS.
event name:     C200708020321A
time shift:      8.5281
half duration:   5.7000
latitude:       51.1175
longitude:    -179.7413
depth:          29.6121
Mrr:       1.032091e+26
Mtt:      -1.051238e+26
Mpp:       1.914706e+24
Mrt:       8.009784e+25
Mrp:       7.414267e+25
Mtp:      -3.606164e+25
