 PDE 2009 11 22 22  7 47.70 -39.6400  -74.9700   4.0 5.8 5.9 OFF COAST OF CENTRAL CHILE
event name:     C200911222207A
time shift:      1.5425
half duration:   2.0000
latitude:      -39.7665
longitude:     -75.4431
depth:           9.2129
Mrr:      -7.628917e+24
Mtt:      -1.937209e+23
Mpp:       7.822638e+24
Mrt:       2.038676e+24
Mrp:      -1.839376e+24
Mtp:       5.837297e+23
