 PDE 2006  3  9 17 55 55.30   0.7900  -26.1200  10.0 6.0 5.6 CENTRAL MID-ATLANTIC RIDGE
event name:     C200603091755A
time shift:      4.3475
half duration:   2.4000
latitude:        0.7964
longitude:     -25.9684
depth:          13.5945
Mrr:      -6.387969e+23
Mtt:       2.609336e+24
Mpp:      -1.970540e+24
Mrt:      -5.047252e+23
Mrp:       1.716078e+24
Mtp:      -1.233452e+25
