 PDE 2008 12 25 22 40 23.60  23.4200   64.5000  13.0 5.8 5.8 OFF COAST OF PAKISTAN
event name:     C200812252240A
time shift:      3.3238
half duration:   2.0000
latitude:       23.2294
longitude:      64.3645
depth:          10.0056
Mrr:      -3.675674e+24
Mtt:       5.170066e+24
Mpp:      -1.494392e+24
Mrt:      -2.934364e+24
Mrp:       2.351591e+24
Mtp:       3.078097e+24
