 PDE 2008  2 14 10  9 22.70  36.5000   21.6700  29.0 6.8 6.9 SOUTHERN GREECE
event name:     C200802141009A
time shift:      4.4532
half duration:   7.6000
latitude:       36.2528
longitude:      21.8281
depth:          17.4484
Mrr:       2.829753e+25
Mtt:      -1.320872e+25
Mpp:      -1.508882e+25
Mrt:       1.291095e+26
Mrp:      -8.107618e+25
Mtp:       1.730131e+25
