 PDE 2008 08 27 01 35 32.20   51.6100  104.1600  16.0 5.8 6.2 LAKE BAYKAL REGION, RUSSIA
event name:    200808270135A
time shift:           5.2225
half duration:        3.4000
latitude:            51.7526
longitude:          104.0256
depth:               20.8826
Mrr:           -1.566197E+25
Mtt:            2.281469E+25
Mpp:           -7.152651E+24
Mrt:           -8.429124E+24
Mrp:            1.127075E+25
Mtp:            1.118474E+25
