 PDE 2006  8 20  3 41 47.50 -61.0300  -34.3700  10.0 7.0 7.0 SCOTIA SEA
event name:     C200608200341A
time shift:      7.7801
half duration:   7.6000
latitude:      -61.2769
longitude:     -34.4985
depth:          16.4987
Mrr:      -1.524161e+26
Mtt:       1.320675e+26
Mpp:       2.034865e+25
Mrt:       4.614824e+25
Mrp:       1.898731e+24
Mtp:       4.237103e+26
