 PDE 2009 07 12 06 12 47.30  -15.0400  -70.4400 198.9 5.7 6.1 SOUTHERN PERU
event name:   C200907120612A
time shift:           0.9744
half duration:        2.9000
latitude:           -15.2437
longitude:          -70.7582
depth:              195.3414
Mrr:           -1.424951E+25
Mtt:            1.349947E+25
Mpp:            7.500336E+23
Mrt:            1.098973E+25
Mrp:           -9.788556E+24
Mtp:           -9.109390E+24
