 PDE 2006  3 24 17 46 49.80 -16.8900  174.5000  10.0 6.0 5.6 FIJI ISLANDS REGION
event name:     C200603241746A
time shift:      3.2908
half duration:   2.3000
latitude:      -16.6301
longitude:     174.5357
depth:           9.5085
Mrr:      -3.159749e+23
Mtt:       2.010160e+24
Mpp:      -1.694185e+24
Mrt:      -1.788806e+24
Mrp:      -2.955158e+23
Mtp:       9.656651e+24
