 PDE 2005 11 21 15 36 31.00   31.0200  130.0000 145.0 5.9 0.0 KYUSHU, JAPAN
event name:   C200511211536A
time shift:           2.0305
half duration:        2.9000
latitude:            30.9738
longitude:          130.3035
depth:              151.0965
Mrr:            4.984549E+24
Mtt:           -2.798694E+24
Mpp:           -2.185855E+24
Mrt:            1.552338E+23
Mrp:            2.094944E+25
Mtp:           -5.463473E+24
