 PDE 2007  1 17 23 18 50.10  10.1300   58.7000  10.0 6.2 6.2 CARLSBERG RIDGE
event name:     C200701172318A
time shift:      2.4754
half duration:   3.1000
latitude:       10.2033
longitude:      58.5951
depth:          18.9218
Mrr:       1.183691e+24
Mtt:       1.914514e+25
Mpp:      -2.032882e+25
Mrt:       9.243068e+24
Mrp:      -1.627929e+24
Mtp:      -1.464936e+25
