 PDE 2008  5 24 19 20 42.50   4.3300  -73.7600   8.9 5.9 5.9 COLOMBIA
event name:     C200805241920A
time shift:      5.8744
half duration:   2.1000
latitude:        4.3227
longitude:     -73.7935
depth:           9.0697
Mrr:       4.786530e+23
Mtt:       3.733214e+24
Mpp:      -4.211867e+24
Mrt:      -1.306167e+24
Mrp:       6.951562e+23
Mtp:       6.101112e+24
