 PDE 2005 04 10 22 22 15.70   35.6000  140.4000  43.0 6.1 5.4 NEAR EAST COAST OF HONSHU, JAPAN
event name:   C200504102222A
time shift:           2.4297
half duration:        2.2000
latitude:            35.6275
longitude:          140.7786
depth:               46.3789
Mrr:            7.199272E+24
Mtt:            1.314867E+23
Mpp:           -7.330758E+24
Mrt:           -1.172117E+23
Mrp:            7.146814E+24
Mtp:           -9.247429E+23
