 PDE 2005  8  7  2 17 46.00 -47.0900   33.6200  10.0 6.2 5.8 PRINCE EDWARD ISLANDS REGION
event name:     C200508070217A
time shift:      5.4084
half duration:   3.0000
latitude:      -46.7971
longitude:      33.6314
depth:          14.4270
Mrr:      -2.854683e+24
Mtt:       1.424596e+25
Mpp:      -1.139128e+25
Mrt:       5.359536e+24
Mrp:      -5.279320e+24
Mtp:       2.006988e+25
