 PDE 2008 06 03 22 04 27.90   -8.1000  120.2300  14.0 5.6 6.0 FLORES REGION, INDONESIA
event name:    200806032204A
time shift:           4.4462
half duration:        2.4000
latitude:            -8.0628
longitude:          120.2460
depth:               15.7663
Mrr:            8.231250E+24
Mtt:           -8.129966E+24
Mpp:           -1.012757E+23
Mrt:           -7.525671E+24
Mrp:           -2.034117E+24
Mtp:           -1.151161E+24
