 PDE 2008 12 19  8 31 51.00  47.0000  -27.2900   2.0 5.8 5.9 NORTHERN MID-ATLANTIC RIDGE
event name:     C200812190831A
time shift:      2.7563
half duration:   2.1000
latitude:       46.9171
longitude:     -27.1329
depth:           7.9676
Mrr:      -7.413168e+24
Mtt:      -1.338292e+23
Mpp:       7.546998e+24
Mrt:       7.275744e+23
Mrp:       4.127181e+22
Mtp:       4.804708e+23
