 PDE 2008 07 03 03 02 37.60  -23.3700 -179.7800 581.2 5.6 6.2 SOUTH OF FIJI ISLANDS
event name:   C200807030302A
time shift:           2.6105
half duration:        3.2000
latitude:           -23.4064
longitude:         -179.6875
depth:              585.8904
Mrr:           -1.251984E+25
Mtt:            2.825488E+25
Mpp:           -1.573504E+25
Mrt:            1.619349E+25
Mrp:            4.839643E+24
Mtp:           -3.773261E+24
