 PDE 2008 09 29 15 19 31.60  -29.7600 -177.6800  36.0 6.5 7.0 KERMADEC ISLANDS, NEW ZEALAND
event name:   C200809291519A
time shift:          11.5464
half duration:        8.0000
latitude:           -29.8408
longitude:         -177.4863
depth:               45.3764
Mrr:            4.136952E+26
Mtt:           -3.591003E+25
Mpp:           -3.777852E+26
Mrt:            4.843473E+25
Mrp:            1.938974E+26
Mtp:           -1.066850E+26
