 PDE 2009 11 12 02 13 37.60  -20.9800 -178.6600 570.6 5.2 5.8 FIJI ISLANDS REGION
event name:   C200911120213A
time shift:           2.5462
half duration:        1.8000
latitude:           -20.9298
longitude:         -178.7003
depth:              581.2355
Mrr:           -2.728619E+24
Mtt:            1.959124E+24
Mpp:            7.694952E+23
Mrt:           -2.872294E+24
Mrp:           -3.802810E+24
Mtp:            1.219305E+24
