 PDE 2007 11 25 19 53 08.00   -8.2300  118.4500  35.0 6.2 6.5 SUMBAWA REGION, INDONESIA
event name:    200711251953A
time shift:           2.9373
half duration:        4.1000
latitude:            -8.1904
longitude:          118.5304
depth:               18.0789
Mrr:            4.647256E+25
Mtt:           -4.540867E+25
Mpp:           -1.063909E+24
Mrt:           -3.477696E+25
Mrp:           -1.256590E+25
Mtp:           -8.448995E+24
