 PDE 2009  9 21  8 30 14.00  71.0400   -7.6700  10.0 5.4 5.6 JAN MAYEN ISLAND REGION - INV
event name:     C200909210830A
time shift:      2.9800
half duration:   1.5000
latitude:       71.0962
longitude:      -7.7348
depth:           9.9665
Mrr:       0.162999E+24
Mtt:       0.237381E+25
Mpp:      -0.253682E+25
Mrt:       0.723008E+24
Mrp:       0.131090E+25
Mtp:       0.251356E+25
