 PDE 2009 12 09 09 46 03.30  -22.1500  170.9600  45.0 5.8 6.4 SOUTHEAST OF LOYALTY ISLANDS
event name:   C200912090946A
time shift:           5.1446
half duration:        4.0000
latitude:           -22.3656
longitude:          170.8286
depth:               54.9487
Mrr:            1.363126E+25
Mtt:            1.363003E+25
Mpp:           -2.726131E+25
Mrt:            2.809782E+25
Mrp:            1.148842E+25
Mtp:            4.701587E+25
