 PDE 2008  4 12  0 30 12.60 -55.6600  158.4500  16.0 7.1 7.1 MACQUARIE ISLAND REGION
event name:     C200804120030A
time shift:      9.4294
half duration:   8.6000
latitude:      -55.5419
longitude:     158.4941
depth:          20.2628
Mrr:       5.176090e+26
Mtt:       6.073411e+24
Mpp:      -5.236824e+26
Mrt:       8.152788e+25
Mrp:      -3.292012e+25
Mtp:       4.080263e+25
