 PDE 2006  3 19  4 36 52.90 -13.4300  172.3900  10.0 5.9 5.6 VANUATU ISLANDS REGION
event name:     C200603190436B
time shift:      3.5217
half duration:   2.1000
latitude:      -13.4518
longitude:     172.4807
depth:           7.6735
Mrr:      -7.757947e+24
Mtt:       8.063620e+24
Mpp:      -3.056732e+23
Mrt:       1.156313e+24
Mrp:      -7.958959e+23
Mtp:       1.201559e+24
