 PDE 2007 05 29 01 03 27.90   -4.5900  151.8400 132.5 5.9 6.1 NEW BRITAIN REGION, P.N.G.
event name:   C200705290103A
time shift:           2.2719
half duration:        2.7000
latitude:            -4.7196
longitude:          151.9650
depth:              133.0175
Mrr:           -4.977894E+24
Mtt:            1.276913E+24
Mpp:            3.700979E+24
Mrt:           -1.292860E+25
Mrp:            2.388061E+24
Mtp:            1.004567E+25
