 PDE 2008 07 08 09 13 07.50  -15.9900  -71.7500 123.0 5.8 6.2 SOUTHERN PERU
event name:   C200807080913A
time shift:          -0.1914
half duration:        3.1000
latitude:           -16.2550
longitude:          -71.9900
depth:              120.0785
Mrr:           -1.120543E+25
Mtt:            2.566158E+24
Mpp:            8.639276E+24
Mrt:            1.433834E+25
Mrp:           -3.426233E+24
Mtp:           -1.934484E+25
