 PDE 2008 07 19 09 27 01.50  -11.0400  164.4900  11.0 6.1 6.6 SANTA CRUZ ISLANDS REGION
event name:    200807190927A
time shift:           5.3846
half duration:        4.7000
latitude:           -11.1111
longitude:          164.4806
depth:               10.7184
Mrr:           -8.943014E+25
Mtt:            3.596046E+25
Mpp:            5.346958E+25
Mrt:           -1.991010E+25
Mrp:            1.940364E+25
Mtp:            5.258850E+25
