 PDE 2005 12 12 21 47 46.10   36.3600   71.0900 224.6 6.0 0.0 AFGHANISTAN-TAJIKISTAN BORD REG.
event name:   C200512122147A
time shift:           1.6152
half duration:        4.6000
latitude:            36.4424
longitude:           71.0597
depth:              209.4285
Mrr:            9.679643E+25
Mtt:           -1.024299E+26
Mpp:            5.633502E+24
Mrt:            1.998269E+25
Mrp:            1.686488E+25
Mtp:           -1.948749E+24
