 PDE 2005 10 29  4  5 56.00 -45.2100   96.9000   8.0 6.5 6.2 SOUTHEAST INDIAN RIDGE
event name:     C200510290405A
time shift:      4.4728
half duration:   4.3000
latitude:      -45.2324
longitude:      97.1057
depth:          10.2224
Mrr:      -6.641188e+25
Mtt:       7.765302e+25
Mpp:      -1.124114e+25
Mrt:       1.811614e+23
Mrp:      -1.921951e+25
Mtp:      -1.235781e+25
