 PDE 2009 04 01 03 54 58.80   -3.5200  144.1000  10.0 5.9 6.5 NEAR N COAST OF NEW GUINEA, PNG.
event name:    200904010355A
time shift:           6.5632
half duration:        3.9000
latitude:            -3.3658
longitude:          144.2154
depth:                7.4342
Mrr:           -1.931268E+24
Mtt:            2.469016E+24
Mpp:           -5.377737E+23
Mrt:           -8.406537E+24
Mrp:            6.084399E+24
Mtp:            5.346171E+25
