 PDE 2006 03 05 08 07 56.60  -20.1200 -175.6600 205.8 6.0 0.0 TONGA ISLANDS
event name:   C200603050807A
time shift:           3.8552
half duration:        2.7000
latitude:           -20.1010
longitude:         -175.2313
depth:              214.3193
Mrr:           -4.898824E+24
Mtt:            1.847217E+25
Mpp:           -1.357335E+25
Mrt:           -5.309162E+24
Mrp:            8.173586E+24
Mtp:           -2.305686E+24
