 PDE 2008 10 30 15 15 41.10  -9.0200 -108.2500  10.0 6.0 6.0 CENTRAL EAST PACIFIC RISE
event name:     C200810301515A
time shift:      2.4052
half duration:   2.6000
latitude:       -9.0752
longitude:    -108.2984
depth:          11.6423
Mrr:       5.133322e+23
Mtt:      -1.064654e+24
Mpp:       5.513215e+23
Mrt:      -1.767105e+24
Mrp:      -6.762263e+22
Mtp:       1.417126e+25
