 PDE 2006  8  6 18 16 40.20  26.1200  144.0100  23.1 5.8 5.8 BONIN ISLANDS, JAPAN REGION
event name:     C200608061816A
time shift:      2.1619
half duration:   2.1000
latitude:       26.2306
longitude:     144.1309
depth:          16.7377
Mrr:      -8.297231e+24
Mtt:       5.000934e+24
Mpp:       3.296297e+24
Mrt:      -1.526931e+24
Mrp:       1.494589e+24
Mtp:      -3.789089e+24
