 PDE 2008 08 04 20 45 14.00   -5.9200  130.2000 173.9 6.1 6.3 BANDA SEA
event name:   C200808042045A
time shift:           7.3008
half duration:        3.3000
latitude:            -5.9301
longitude:          130.4709
depth:              169.2129
Mrr:           -3.437066E+25
Mtt:            1.965170E+25
Mpp:            1.471893E+25
Mrt:           -2.295417E+24
Mrp:           -4.776283E+24
Mtp:            1.928118E+25
