 PDE 2006 12 25 20  1  0.40  42.1600   76.1600  11.6 5.8 5.8 LAKE ISSYK-KUL REGION
event name:     C200612252001A
time shift:      2.3722
half duration:   2.0000
latitude:       42.1562
longitude:      76.0613
depth:          13.7543
Mrr:       2.327472e+24
Mtt:      -2.632773e+24
Mpp:       3.053003e+23
Mrt:      -3.438870e+24
Mrp:       4.223884e+23
Mtp:      -2.263377e+24
