 PDE 2009 02 18 21 53 45.20  -27.4200 -176.3300  25.0 6.8 7.2 KERMADEC ISLANDS REGION
event name:    200902182153A
time shift:           5.5936
half duration:        7.4000
latitude:           -27.2636
longitude:         -175.8956
depth:               35.5182
Mrr:            2.662380E+25
Mtt:           -7.838420E+25
Mpp:            5.176015E+25
Mrt:            6.977680E+24
Mrp:            3.173145E+26
Mtp:           -2.483367E+26
