 PDE 2008 12 18 21 19 28.40 -32.4600  -71.7300  18.0 6.1 6.2 NEAR COAST OF CENTRAL CHILE
event name:     C200812182119A
time shift:      3.7329
half duration:   2.8000
latitude:      -32.6373
longitude:     -72.1197
depth:          21.7814
Mrr:       1.039663e+25
Mtt:       7.609220e+23
Mpp:      -1.115755e+25
Mrt:       1.394001e+24
Mrp:      -1.419774e+25
Mtp:       5.371027e+23
