 PDE 2008 07 08 07 42 10.70   27.5300  128.3300  43.0 6.0 6.0 RYUKYU ISLANDS, JAPAN
event name:   C200807080742A
time shift:           1.6355
half duration:        2.4000
latitude:            27.3258
longitude:          128.6251
depth:               48.4409
Mrr:            1.090704E+25
Mtt:           -4.257894E+24
Mpp:           -6.649148E+24
Mrt:            3.437083E+24
Mrp:            3.682237E+24
Mtp:           -5.704324E+24
