 PDE 2005  6  1 20  6 41.50  28.8800   94.6300  25.8 5.8 5.7 EASTERN XIZANG-INDIA BORDER REG.
event name:     C200506012006A
time shift:      2.5024
half duration:   2.1000
latitude:       28.8105
longitude:      94.7198
depth:          18.9950
Mrr:       3.518959e+23
Mtt:      -5.668776e+23
Mpp:       2.149817e+23
Mrt:       4.533831e+24
Mrp:      -1.978994e+23
Mtp:      -3.656963e+23
