 PDE 2006  7 30  7 16 56.50  72.1900    0.8300  10.0 5.0 5.3 NORWEGIAN SEA - INV
event name:     C200607300716A
time shift:      0.6900
half duration:   1.1000
latitude:       72.1600
longitude:       0.6100
depth:           7.4513
Mrr:      -0.104970E+25
Mtt:       0.485367E+24
Mpp:       0.564335E+24
Mrt:      -0.111296E+24
Mrp:      -0.645289E+24
Mtp:       0.622803E+24
