 PDE 2006 06 11 20 01 26.30   33.1300  131.1400 139.8 5.9 6.3 KYUSHU, JAPAN
event name:   C200606112001A
time shift:           3.3892
half duration:        3.7000
latitude:            33.1506
longitude:          131.3429
depth:              139.6986
Mrr:            2.789960E+25
Mtt:            4.104837E+22
Mpp:           -2.794066E+25
Mrt:            2.356569E+25
Mrp:            1.551544E+25
Mtp:           -1.328393E+25
