 PDE 2008  6 21 11 36 23.90  36.0600   21.8200   5.0 5.4 5.6 SOUTHERN GREECE - INV
event name:     C200806211136A
time shift:      3.9000
half duration:   1.6000
latitude:       36.0848
longitude:      21.8584
depth:          12.7548
Mrr:       0.335913E+25
Mtt:      -0.296451E+25
Mpp:      -0.394634E+24
Mrt:       0.108723E+25
Mrp:      -0.962407E+24
Mtp:       0.143386E+25
