 PDE 2009 03 16 14 15 56.50    3.8100  126.5500  35.0 6.2 6.3 TALAUD ISLANDS, INDONESIA
event name:    200903161415A
time shift:           9.0414
half duration:        3.6000
latitude:             3.7600
longitude:          126.6837
depth:               18.0601
Mrr:            2.030484E+25
Mtt:            8.619543E+24
Mpp:           -2.892442E+25
Mrt:            2.752517E+25
Mrp:            1.186445E+25
Mtp:            4.403448E+24
