 PDE 2006  1  4  8 32 32.40  28.1600 -112.1200  14.0 6.6 6.7 GULF OF CALIFORNIA
event name:     C200601040832A
time shift:      2.8317
half duration:   4.8000
latitude:       28.3787
longitude:    -112.5199
depth:          13.3635
Mrr:      -4.390844e+24
Mtt:      -8.946205e+25
Mpp:       9.385289e+25
Mrt:      -4.618579e+23
Mrp:      -5.692241e+24
Mtp:      -1.795459e+25
