 PDE 2008  5 19  3 16 13.60 -47.7800   31.9700  10.0 5.9 5.9 SOUTH OF AFRICA
event name:     C200805190316A
time shift:      4.0898
half duration:   2.3000
latitude:      -47.7149
longitude:      32.1738
depth:          13.6480
Mrr:      -1.071953e+24
Mtt:       6.989532e+24
Mpp:      -5.917580e+24
Mrt:       5.559347e+23
Mrp:      -1.519813e+24
Mtp:       8.575807e+24
