 PDE 2005  1  5 14 54  4.80   5.4900   94.3900  48.8 5.9 5.8 NORTHERN SUMATRA, INDONESIA
event name:     C200501051454A
time shift:      0.8748
half duration:   2.1000
latitude:        5.3170
longitude:      94.2376
depth:          33.3083
Mrr:       4.997843e+24
Mtt:      -1.703913e+24
Mpp:      -3.293931e+24
Mrt:       3.443023e+24
Mrp:      -4.094430e+24
Mtp:       2.872225e+24
