 PDE 2009  1 26 19 11 47.00  51.9600 -171.1600  25.3 5.8 5.9 FOX ISLANDS, ALEUTIAN ISLANDS
event name:     C200901261911A
time shift:      3.4871
half duration:   2.1000
latitude:       51.9204
longitude:    -171.1402
depth:          30.2933
Mrr:       4.755591e+24
Mtt:      -3.195171e+24
Mpp:      -1.560420e+24
Mrt:       2.311329e+24
Mrp:       3.850672e+24
Mtp:      -3.002345e+24
