 PDE 2009 11 15 13 10 58.50  53.8500  -35.1800  10.0 5.3 0.0 REYKJANES RIDGE - INV
event name:     C200911151310A
time shift:      2.1800
half duration:   1.2000
latitude:       53.9100
longitude:     -35.1700
depth:           7.0439
Mrr:      -0.150982E+25
Mtt:       0.227403E+24
Mpp:       0.128240E+25
Mrt:       0.430378E+24
Mrp:       0.495557E+24
Mtp:       0.152636E+23
