 PDE 2009 04 07 04 23 33.20   46.0500  151.5500  31.0 6.5 6.9 KURIL ISLANDS
event name:    200904070423A
time shift:           6.5858
half duration:        6.6000
latitude:            46.0046
longitude:          151.9815
depth:               41.5704
Mrr:            2.528934E+26
Mtt:           -9.642773E+25
Mpp:           -1.564652E+26
Mrt:            6.536914E+25
Mrp:            1.558178E+26
Mtp:           -1.450324E+26
