 PDE 2009 12 30 18 48 57.70  32.4400 -115.1700   9.0 5.9 5.9 CALIF.-BAJA CALIF. BORDER REGION
event name:     C200912301848A
time shift:      1.6532
half duration:   2.1000
latitude:       32.4584
longitude:    -115.1700
depth:          10.7967
Mrr:      -4.871186e+23
Mtt:      -5.313644e+24
Mpp:       5.800763e+24
Mrt:       1.148192e+24
Mrp:       5.450926e+23
Mtp:       2.706271e+24
