 PDE 2009  4 17  2  8  8.70 -19.5800  -70.4800  25.0 6.1 6.1 NEAR COAST OF NORTHERN CHILE
event name:     C200904170208A
time shift:      3.7503
half duration:   2.7000
latitude:      -19.7198
longitude:     -71.0729
depth:          30.4550
Mrr:       1.175594e+25
Mtt:       1.887374e+23
Mpp:      -1.194468e+25
Mrt:       3.702353e+24
Mrp:      -1.058272e+25
Mtp:       3.116230e+24
