 PDE 2008 07 13 14 58 32.30   21.0100  121.1400  10.0 5.6 6.3 TAIWAN REGION
event name:    200807131458A
time shift:           4.1577
half duration:        3.0000
latitude:            21.0598
longitude:          121.0502
depth:               11.2536
Mrr:            3.113417E+24
Mtt:            7.522138E+24
Mpp:           -1.063557E+25
Mrt:           -6.133823E+24
Mrp:            6.103879E+24
Mtp:           -2.218001E+25
