 PDE 2006  4 30 21 40 58.40 -27.2100  -71.0600  12.0 6.5 6.7 NEAR COAST OF NORTHERN CHILE
event name:     C200604302141A
time shift:      6.3356
half duration:   4.2000
latitude:      -27.2800
longitude:     -71.5535
depth:          13.6064
Mrr:       3.384783e+25
Mtt:       4.368333e+24
Mpp:      -3.821616e+25
Mrt:       1.207991e+25
Mrp:      -5.173815e+25
Mtp:      -7.751341e+23
