 PDE 2008 12  9  6 23 59.80 -31.2300 -176.9200  18.0 6.7 6.8 KERMADEC ISLANDS REGION
event name:     200812090624A
time shift:      8.7538
half duration:   5.5000
latitude:      -31.0318
longitude:    -176.5914
depth:          16.4334
Mrr:      -1.584658e+26
Mtt:      -2.719456e+25
Mpp:       1.856603e+26
Mrt:      -2.330441e+25
Mrp:      -4.343783e+25
Mtp:       1.236631e+25
