 PDE 2008 02 21 02 46 17.90   77.0800   18.5700  10.0 5.7 6.1 SVALBARD REGION
event name:    200802210246A
time shift:           3.1488
half duration:        2.6000
latitude:            77.0306
longitude:           19.3605
depth:                9.8711
Mrr:           -7.177022E+24
Mtt:            1.506589E+25
Mpp:           -7.888841E+24
Mrt:           -6.035931E+24
Mrp:           -8.623930E+24
Mtp:           -1.940750E+23
