 PDE 2006 02 02 12 48 43.40  -17.7500 -178.3900 597.5 5.9 0.0 FIJI ISLANDS REGION
event name:   C200602021248A
time shift:           4.5439
half duration:        5.5000
latitude:           -17.7681
longitude:         -178.1297
depth:              608.5971
Mrr:           -9.700991E+25
Mtt:            1.823018E+25
Mpp:            7.877972E+25
Mrt:            1.514374E+25
Mrp:           -9.480610E+25
Mtp:            8.729900E+25
