 PDE 2005  3 20  1 53 41.80  33.8100  130.1300  10.0 6.6 6.7 KYUSHU, JAPAN
event name:     200503200153A
time shift:      5.1953
half duration:   4.7000
latitude:       33.7137
longitude:     130.1248
depth:          11.7780
Mrr:      -1.694821e+24
Mtt:       8.304514e+25
Mpp:      -8.135032e+25
Mrt:       1.854481e+25
Mrp:      -1.369886e+25
Mtp:       4.013732e+25
