 PDE 2008  3 20 22 32 57.90  35.4900   81.4700  10.0 7.1 7.3 SOUTHERN XINJIANG, CHINA
event name:     C200803202233A
time shift:     13.5562
half duration:   8.6000
latitude:       35.4156
longitude:      81.3695
depth:           8.7424
Mrr:      -4.939672e+26
Mtt:      -4.039230e+25
Mpp:       5.343594e+26
Mrt:       1.277344e+26
Mrp:       8.366162e+25
Mtp:       1.065042e+26
