 PDE 2009 09 12 20 06 24.70   10.7000  -67.9200  10.0 6.3 6.4 NEAR COAST OF VENEZUELA
event name:    200909122006A
time shift:           4.2502
half duration:        3.7000
latitude:            10.7669
longitude:          -67.9539
depth:               12.6903
Mrr:            1.447605E+24
Mtt:           -4.454247E+24
Mpp:            3.006630E+24
Mrt:            8.844847E+24
Mrp:           -3.821772E+24
Mtp:           -4.370608E+25
