 PDE 2007 07 01 04 12 07.80   43.6600  144.7300 130.4 5.5 5.8 HOKKAIDO, JAPAN REGION
event name:   C200707010412A
time shift:           2.0653
half duration:        1.9000
latitude:            43.6483
longitude:          144.8055
depth:              127.5066
Mrr:           -1.824590E+24
Mtt:            4.000652E+24
Mpp:           -2.176063E+24
Mrt:            4.841462E+24
Mrp:            1.778398E+24
Mtp:           -4.163154E+23
