 PDE 2005  5  8 17  7 35.80  20.3500 -109.1900  10.0 5.9 5.5 REVILLA GIGEDO ISLANDS REGION
event name:     C200505081707A
time shift:      2.3304
half duration:   2.1000
latitude:       20.6135
longitude:    -109.2272
depth:           9.8665
Mrr:      -4.149756e+23
Mtt:      -5.783099e+24
Mpp:       6.198075e+24
Mrt:       2.751349e+24
Mrp:       5.555539e+23
Mtp:       3.306490e+24
