 PDE 2006  4 12 16 52  1.20  37.6100   20.9500  19.0 5.2 5.7 IONIAN SEA - INV
event name:     C200604121652A
time shift:      6.0400
half duration:   1.6000
latitude:       37.6284
longitude:      20.7399
depth:          21.1082
Mrr:       0.255378E+25
Mtt:       0.344016E+23
Mpp:      -0.258818E+25
Mrt:       0.123415E+25
Mrp:      -0.199632E+25
Mtp:       0.562224E+24
