 PDE 2007 07 21 15 34 52.60  -22.1500  -65.7800 289.5 5.8 6.4 JUJUY PROVINCE, ARGENTINA
event name:   C200707211534A
time shift:           2.8976
half duration:        4.0000
latitude:           -22.3094
longitude:          -65.9919
depth:              276.0305
Mrr:           -2.418304E+24
Mtt:           -2.050554E+24
Mpp:            4.468858E+24
Mrt:            6.088175E+24
Mrp:           -5.748679E+25
Mtp:            1.539640E+24
