 PDE 2005  7  6  8 24 42.00  69.0000  -16.6400  10.0 5.1 5.2 JAN MAYEN ISLAND REGION - INV
event name:     C200507060824A
time shift:      0.8400
half duration:   1.3000
latitude:       69.0097
longitude:     -16.9104
depth:           1.7447
Mrr:      -0.131418E+24
Mtt:       0.157595E+24
Mpp:      -0.261802E+23
Mrt:      -0.552008E+24
Mrp:      -0.681425E+24
Mtp:       0.175392E+25
