 PDE 2008 11 29 05 59 16.60  -18.7000 -177.7200 386.0 5.7 6.0 FIJI ISLANDS REGION
event name:   C200811290559A
time shift:           2.6145
half duration:        2.4000
latitude:           -18.7121
longitude:         -177.5250
depth:              393.2666
Mrr:            3.685910E+24
Mtt:           -7.752036E+24
Mpp:            4.066127E+24
Mrt:           -8.037085E+24
Mrp:            4.954412E+24
Mtp:           -5.682857E+24
