 PDE 2009 06 23 14 19 22.40   -5.1600  153.7800  64.0 6.3 6.7 NEW IRELAND REGION, P.N.G.
event name:   C200906231419A
time shift:           5.8441
half duration:        5.6000
latitude:            -5.2295
longitude:          153.7296
depth:               65.0571
Mrr:            1.504650E+26
Mtt:           -5.575840E+25
Mpp:           -9.470655E+25
Mrt:           -3.397532E+25
Mrp:            5.585069E+25
Mtp:            7.122204E+25
