 PDE 2005  3 31  1 39  6.10 -18.5500  176.0100  10.0 5.9 5.8 FIJI ISLANDS REGION
event name:     C200503310139A
time shift:      5.1089
half duration:   2.3000
latitude:      -18.5138
longitude:     176.0865
depth:           8.4735
Mrr:      -9.725952e+24
Mtt:       2.584013e+24
Mpp:       7.141940e+24
Mrt:      -2.381931e+24
Mrp:      -2.542801e+24
Mtp:       3.864466e+24
