 PDE 2009 01 19 03 35 18.80  -22.6000  170.9100  12.0 5.7 6.5 SOUTHEAST OF LOYALTY ISLANDS
event name:    200901190335A
time shift:           5.9503
half duration:        4.6000
latitude:           -22.7525
longitude:          170.7283
depth:               15.1599
Mrr:            7.726008E+25
Mtt:           -7.050371E+25
Mpp:           -6.756322E+24
Mrt:            5.770662E+25
Mrp:           -1.252555E+25
Mtp:            2.223962E+25
