 PDE 2008 03 06 01 21 59.10    2.5700  128.2300 125.0 5.9 5.8 HALMAHERA, INDONESIA
event name:   C200803060121A
time shift:           2.0568
half duration:        2.1000
latitude:             2.6391
longitude:          128.2816
depth:              125.3594
Mrr:            5.048673E+24
Mtt:            1.336350E+24
Mpp:           -6.385024E+24
Mrt:            2.881333E+24
Mrp:            4.279836E+24
Mtp:            7.554704E+23
