 PDE 2008 04 14 09 45 19.70  -56.0200  -28.0300 140.2 6.0 6.0 SOUTH SANDWICH ISLANDS REGION
event name:   C200804140945A
time shift:           0.7452
half duration:        2.5000
latitude:           -56.0416
longitude:          -27.7536
depth:              113.4492
Mrr:           -1.543960E+23
Mtt:            4.816048E+24
Mpp:           -4.661653E+24
Mrt:           -1.279430E+25
Mrp:            3.264945E+24
Mtp:            5.731396E+24
