 PDE 2007  4  4 19 58  3.80 -17.2300   66.7900  10.0 5.9 5.9 MAURITIUS - REUNION REGION
event name:     C200704041958A
time shift:      4.0226
half duration:   2.2000
latitude:      -17.1238
longitude:      66.4966
depth:          13.5535
Mrr:      -7.880174e+23
Mtt:      -7.897131e+24
Mpp:       8.685149e+24
Mrt:      -1.076304e+24
Mrp:      -8.486859e+23
Mtp:       3.438134e+24
