 PDE 2007 12 26 22  4 56.20  52.5800 -168.2000  35.4 6.4 6.4 FOX ISLANDS, ALEUTIAN ISLANDS
event name:     C200712262204A
time shift:      4.6040
half duration:   3.7000
latitude:       52.2138
longitude:    -168.1059
depth:          14.6615
Mrr:       3.165650e+25
Mtt:      -2.486832e+25
Mpp:      -6.788183e+24
Mrt:       3.206859e+25
Mrp:       1.752392e+25
Mtp:      -1.252928e+25
