 PDE 2008  6 18  1 58 42.90  37.6700   22.7800  83.0 5.2 0.0 SOUTHERN GREECE - INV
event name:     C200806180158A
time shift:      3.5600
half duration:   0.8000
latitude:       37.6750
longitude:      22.7782
depth:          82.8360
Mrr:       0.430427E+24
Mtt:      -0.428135E+24
Mpp:      -0.229294E+22
Mrt:       0.201031E+24
Mrp:      -0.251744E+24
Mtp:      -0.439154E+23
