 PDE 2005  2 16  8 19 39.80   8.1100   93.9700   0.9 5.9 5.7 NICOBAR ISLANDS, INDIA REGION
event name:     C200502160819A
time shift:      5.3402
half duration:   2.1000
latitude:        8.1693
longitude:      94.2325
depth:          11.9589
Mrr:      -8.437517e+23
Mtt:      -1.608924e+24
Mpp:       2.452675e+24
Mrt:       6.545169e+23
Mrp:       4.865914e+23
Mtp:       6.468104e+24
