 PDE 2008 06 15 08 37 17.20  -36.6200 -107.4500  10.0 5.5 6.0 SOUTHERN EAST PACIFIC RISE
event name:    200806150837A
time shift:           4.0078
half duration:        2.5000
latitude:           -36.6195
longitude:         -107.6591
depth:               12.8755
Mrr:            2.854443E+23
Mtt:            5.953120E+24
Mpp:           -6.238587E+24
Mrt:            1.310699E+24
Mrp:           -2.577394E+24
Mtp:           -1.322177E+25
