 PDE 2007  4 28 14  2 37.90 -60.7900  -20.2100  10.0 6.0 6.1 EAST OF SOUTH SANDWICH ISLANDS
event name:     C200704281402A
time shift:      5.4008
half duration:   2.6000
latitude:      -61.0376
longitude:     -20.1155
depth:          15.3417
Mrr:      -1.022710e+24
Mtt:      -2.011176e+24
Mpp:       3.033885e+24
Mrt:       2.012289e+24
Mrp:      -1.772464e+24
Mtp:       1.549787e+25
