 PDE 2009 10 13 05 37 23.70   52.7500 -167.0000  24.0 6.0 6.5 FOX ISLANDS, ALEUTIAN ISLANDS
event name:    200910130537A
time shift:           5.3980
half duration:        3.9000
latitude:            52.5478
longitude:         -166.9746
depth:               13.8213
Mrr:            4.151487E+25
Mtt:           -3.530723E+25
Mpp:           -6.207563E+24
Mrt:            4.922337E+25
Mrp:            2.645604E+25
Mtp:           -1.511495E+25
