 PDE 2008 11 10 01 22 02.60   37.5600   95.8300  19.0 6.4 6.4 QINGHAI, CHINA
event name:    200811100122A
time shift:           4.1779
half duration:        3.6000
latitude:            37.4894
longitude:           95.7558
depth:               23.9529
Mrr:            2.267038E+25
Mtt:           -2.546984E+25
Mpp:            2.799533E+24
Mrt:            1.831100E+25
Mrp:           -9.140243E+24
Mtp:           -1.411457E+24
