 PDE 2008 09 08 03 03 15.90  -19.9600  169.1100  36.0 6.0 6.2 VANUATU ISLANDS
event name:    200809080303A
time shift:           4.6611
half duration:        3.0000
latitude:           -19.9772
longitude:          168.8196
depth:               43.2634
Mrr:            2.413915E+25
Mtt:            1.771844E+24
Mpp:           -2.591097E+25
Mrt:           -6.670071E+24
Mrp:           -2.822518E+24
Mtp:            2.146894E+24
