 PDE 2005  1 23 20 10 17.20  -1.2500  119.9200  48.0 6.2 5.9 SULAWESI, INDONESIA
event name:     C200501232010A
time shift:     -0.0680
half duration:   3.2000
latitude:       -1.0104
longitude:     120.0850
depth:           8.3708
Mrr:      -1.712645e+25
Mtt:       1.923922e+25
Mpp:      -2.112778e+24
Mrt:       4.181780e+24
Mrp:      -1.093325e+25
Mtp:      -1.522063e+25
