 PDE 2007 12 13  7 23 40.40 -23.2000  -70.5500  19.0 6.2 6.2 NEAR COAST OF NORTHERN CHILE
event name:     C200712130723A
time shift:      3.5079
half duration:   3.0000
latitude:      -23.1744
longitude:     -70.9203
depth:          19.2389
Mrr:       9.050998e+24
Mtt:       7.026620e+23
Mpp:      -9.753653e+24
Mrt:       2.357470e+24
Mrp:      -1.632141e+25
Mtp:      -4.748713e+21
