 PDE 2009 09 02 18 00 11.40  -29.3500 -178.9600 275.1 5.8 6.2 KERMADEC ISLANDS, NEW ZEALAND
event name:   C200909021800A
time shift:           1.4559
half duration:        2.9000
latitude:           -29.2381
longitude:         -178.6749
depth:              256.7939
Mrr:           -1.544775E+25
Mtt:           -4.114725E+24
Mpp:            1.956249E+25
Mrt:           -1.003307E+25
Mrp:            3.612265E+24
Mtp:            8.033311E+24
