 PDE 2007  1  8 20 52 20.60 -18.5800 -177.8500 406.8 6.3 6.3 FIJI ISLANDS REGION
event name:     C200701082052A
time shift:      4.6518
half duration:   3.3000
latitude:      -18.4592
longitude:    -177.6886
depth:         419.1796
Mrr:       1.394925e+25
Mtt:      -2.407981e+25
Mpp:       1.013057e+25
Mrt:      -8.725458e+24
Mrp:       1.376326e+25
Mtp:      -1.501217e+25
