 PDE 2006 09 16 02 22 50.60   41.3600  135.7000 367.2 5.4 5.9 SEA OF JAPAN
event name:   C200609160222A
time shift:           2.5404
half duration:        2.1000
latitude:            41.3392
longitude:          135.7033
depth:              378.5183
Mrr:            2.726631E+24
Mtt:           -1.295614E+24
Mpp:           -1.431016E+24
Mrt:           -3.418257E+23
Mrp:           -6.709612E+24
Mtp:           -4.963624E+24
