 PDE 2007  3 18  2 11  5.50   4.5900  -78.5000   8.0 6.2 6.2 SOUTH OF PANAMA
event name:     C200703180211A
time shift:      3.7951
half duration:   3.2000
latitude:        4.6970
longitude:     -78.5256
depth:           6.2151
Mrr:      -2.490417e+25
Mtt:       4.768435e+24
Mpp:       2.013574e+25
Mrt:      -2.418309e+24
Mrp:       1.213724e+25
Mtp:       1.009825e+25
