 PDE 2009 12 14  6 41 12.80  32.8600   -0.0800  10.0 4.9 0.0 NORTHERN ALGERIA - INV
event name:     C200912140641A
time shift:      1.6900
half duration:   0.7000
latitude:       32.9400
longitude:      -0.2600
depth:           7.9147
Mrr:       0.211543E+24
Mtt:       0.375200E+23
Mpp:      -0.249064E+24
Mrt:       0.661640E+23
Mrp:      -0.150080E+24
Mtp:      -0.259086E+23
