 PDE 2005 11 13 10 24 58.40  -3.1000  128.9400  20.0 5.9 5.7 SERAM, INDONESIA
event name:     C200511131024A
time shift:      4.6815
half duration:   2.3000
latitude:       -2.9363
longitude:     129.0282
depth:          20.6041
Mrr:       4.700625e+24
Mtt:      -8.989485e+24
Mpp:       4.288860e+24
Mrt:      -1.350014e+24
Mrp:       5.881053e+24
Mtp:       1.884859e+24
