 PDE 2008 12 13  8 27 19.20  38.7200   22.5700  24.0 5.1 5.2 GREECE - INV
event name:     C200812130827A
time shift:      2.6700
half duration:   0.9000
latitude:       38.5429
longitude:      22.5677
depth:          13.4977
Mrr:      -0.364594E+24
Mtt:       0.417985E+24
Mpp:      -0.533914E+23
Mrt:      -0.619454E+24
Mrp:      -0.190929E+23
Mtp:       0.442033E+23
