 PDE 2005 01 21 17 54 34.90    5.1900  125.2500 175.4 5.6 0.0 MINDANAO, PHILIPPINES
event name:   C200501211754A
time shift:           1.8973
half duration:        2.0000
latitude:             5.1375
longitude:          125.4885
depth:              175.8470
Mrr:           -3.525326E+24
Mtt:           -4.797357E+23
Mpp:            4.005060E+24
Mrt:            3.273493E+24
Mrp:           -5.769713E+24
Mtp:            4.667651E+23
