 PDE 2008 08 10 08 20 31.70   11.0400   91.8100  10.0 5.7 6.2 ANDAMAN ISLANDS, INDIA REGION
event name:    200808100820A
time shift:           5.6642
half duration:        2.9000
latitude:            10.9651
longitude:           91.8298
depth:               15.7827
Mrr:           -6.433561E+24
Mtt:           -2.008756E+25
Mpp:            2.652102E+25
Mrt:           -2.896433E+24
Mrp:            2.877062E+24
Mtp:            3.068445E+24
