 PDE 2005  1 16 20 17 52.80  10.9300  140.8400  24.9 6.6 6.7 W. CAROLINE ISLANDS, MICRONESIA
event name:     200501162017A
time shift:      4.8761
half duration:   4.8000
latitude:       10.8872
longitude:     140.8339
depth:          12.6206
Mrr:      -8.264785e+25
Mtt:       9.303927e+25
Mpp:      -1.039141e+25
Mrt:       6.090353e+25
Mrp:       6.264866e+24
Mtp:      -2.010283e+25
