 PDE 2007 04 25 13 34 14.20  -14.2800  166.8600  55.0 5.7 6.3 VANUATU ISLANDS
event name:   C200704251334A
time shift:           3.8260
half duration:        3.7000
latitude:           -14.2808
longitude:          166.6423
depth:               58.1893
Mrr:            3.338513E+25
Mtt:           -1.870459E+25
Mpp:           -1.468055E+25
Mrt:           -2.673975E+25
Mrp:            3.838852E+24
Mtp:            2.328305E+25
