 PDE 2008 09 05 12 35 43.50  -13.2700  166.9700 146.8 5.3 5.6 VANUATU ISLANDS
event name:   C200809051235A
time shift:           2.9712
half duration:        1.5000
latitude:           -13.2364
longitude:          166.8286
depth:              151.0621
Mrr:            2.818788E+24
Mtt:           -6.053995E+23
Mpp:           -2.213389E+24
Mrt:           -2.708029E+23
Mrp:           -1.376067E+24
Mtp:           -8.054594E+23
