 PDE 2006 02 26 03 08 27.80  -23.6100 -179.9900 535.2 5.9 0.0 SOUTH OF FIJI ISLANDS
event name:   C200602260308A
time shift:           3.6640
half duration:        3.8000
latitude:           -23.5827
longitude:         -179.8190
depth:              548.6029
Mrr:            3.736008E+25
Mtt:           -1.240462E+25
Mpp:           -2.495549E+25
Mrt:            2.464137E+24
Mrp:           -3.093527E+25
Mtp:           -2.523728E+25
