 PDE 2006 10 20 10 48 56.00 -13.4600  -76.6800  23.0 6.7 6.7 NEAR COAST OF PERU
event name:     200610201048A
time shift:      3.5060
half duration:   5.4000
latitude:      -13.4553
longitude:     -77.0158
depth:          24.6772
Mrr:       7.597156e+25
Mtt:      -8.237847e+24
Mpp:      -6.773372e+25
Mrt:       2.213970e+25
Mrp:      -1.207053e+26
Mtp:       2.996812e+25
