 PDE 2009 02 12 13 15 06.10    4.0400  126.5500  26.0 6.1 6.3 TALAUD ISLANDS, INDONESIA
event name:    200902121315A
time shift:           5.3495
half duration:        3.2000
latitude:             4.0688
longitude:          126.7384
depth:               27.6723
Mrr:            2.439020E+25
Mtt:            3.749944E+24
Mpp:           -2.814013E+25
Mrt:            9.611216E+24
Mrp:            1.454824E+25
Mtp:            4.558447E+24
