 PDE 2007 11 18 05 40 12.00  -22.6400  -66.3200 246.4 5.7 6.0 JUJUY PROVINCE, ARGENTINA
event name:   C200711180540A
time shift:           1.9222
half duration:        2.5000
latitude:           -22.6704
longitude:          -66.4633
depth:              257.7447
Mrr:           -7.829639E+24
Mtt:            3.152156E+23
Mpp:            7.514423E+24
Mrt:            2.722535E+24
Mrp:           -1.225664E+25
Mtp:           -8.220610E+23
