 PDE 2005 04 19 01 46 57.00   29.6400  138.8900 425.8 5.6 0.0 SOUTHEAST OF HONSHU, JAPAN
event name:   C200504190146A
time shift:           1.5464
half duration:        2.1000
latitude:            29.6655
longitude:          139.0300
depth:              416.1560
Mrr:           -2.184921E+24
Mtt:            5.605685E+24
Mpp:           -3.420767E+24
Mrt:            2.927318E+24
Mrp:           -7.815917E+24
Mtp:           -2.097761E+24
