 PDE 2008 04 23 18 28 41.90   22.8800  121.6200  10.0 5.6 6.0 TAIWAN REGION
event name:    200804231828A
time shift:           2.7239
half duration:        2.4000
latitude:            22.8474
longitude:          121.6371
depth:                7.5411
Mrr:           -3.260420E+23
Mtt:            6.584838E+24
Mpp:           -6.258796E+24
Mrt:            3.054181E+24
Mrp:            4.399546E+24
Mtp:           -7.584132E+24
