 PDE 2009 12 22  6  6 23.40  35.7200   31.5100  63.5 5.3 0.0 CYPRUS REGION - INV
event name:     C200912220606A
time shift:      0.7200
half duration:   1.1000
latitude:       35.5166
longitude:      31.3563
depth:          51.4923
Mrr:       0.971783E+24
Mtt:      -0.729269E+24
Mpp:      -0.242514E+24
Mrt:       0.715814E+24
Mrp:      -0.661612E+24
Mtp:       0.769952E+24
