 PDE 2008  5 25 19 18 24.40  55.9100 -153.5100  20.0 5.9 6.0 SOUTH OF ALASKA
event name:     C200805251918A
time shift:      2.5738
half duration:   2.1000
latitude:       55.5845
longitude:    -153.2774
depth:          14.4950
Mrr:       3.757198e+24
Mtt:      -2.692734e+24
Mpp:      -1.064464e+24
Mrt:       7.329419e+24
Mrp:       4.084710e+24
Mtp:      -1.932547e+24
