 PDE 2007 07 16 14 17 37.30   36.8100  134.8500 350.4 6.2 6.8 SEA OF JAPAN
event name:   C200707161417A
time shift:           3.8627
half duration:        6.2000
latitude:            36.8298
longitude:          135.0281
depth:              371.4130
Mrr:           -4.010463E+25
Mtt:            1.429150E+26
Mpp:           -1.028106E+26
Mrt:           -4.139352E+25
Mrp:           -1.551962E+26
Mtp:            1.134240E+26
