 PDE 2008 12 10 13 15 34.40  -12.3400  166.5700  51.0 5.7 6.0 SANTA CRUZ ISLANDS
event name:   C200812101315A
time shift:           4.2410
half duration:        2.4000
latitude:           -12.3312
longitude:          166.3162
depth:               60.5090
Mrr:            1.044505E+25
Mtt:           -1.016767E+25
Mpp:           -2.773786E+23
Mrt:           -6.675972E+24
Mrp:           -1.272418E+24
Mtp:            3.634855E+24
