 PDE 2006 10 10  8  2 52.00 -56.1000 -122.3700  10.0 6.0 6.0 SOUTHERN EAST PACIFIC RISE
event name:     C200610100802A
time shift:      4.0129
half duration:   2.4000
latitude:      -56.1793
longitude:    -122.4127
depth:           8.3766
Mrr:      -9.544921e+23
Mtt:       6.505717e+24
Mpp:      -5.551225e+24
Mrt:      -1.858993e+24
Mrp:      -2.244605e+24
Mtp:       1.059463e+25
