 PDE 2009 10 25 07 53 52.20  -23.0900 -179.2100 417.9 5.6 6.0 SOUTH OF FIJI ISLANDS
event name:   C200910250753A
time shift:           2.8133
half duration:        2.3000
latitude:           -23.0089
longitude:         -178.9657
depth:              417.6923
Mrr:            5.215632E+24
Mtt:            8.954724E+24
Mpp:           -1.417036E+25
Mrt:            3.362908E+24
Mrp:            4.142406E+24
Mtp:           -2.188910E+24
