 PDE 2008 07 19 22 39 52.70  -17.3400 -177.3100 391.0 5.9 6.4 FIJI ISLANDS REGION
event name:   C200807192239A
time shift:           2.9152
half duration:        3.9000
latitude:           -17.2143
longitude:         -177.0553
depth:              393.1394
Mrr:           -3.679134E+25
Mtt:            3.667870E+25
Mpp:            1.126449E+23
Mrt:           -7.320208E+24
Mrp:            2.215614E+25
Mtp:           -3.127510E+25
