 PDE 2005  1 25 16 44 16.10  37.6200   43.7000  41.2 5.8 5.6 TURKEY
event name:     C200501251644A
time shift:     -0.0277
half duration:   2.1000
latitude:       37.7182
longitude:      43.7185
depth:          11.1659
Mrr:       5.506295e+22
Mtt:      -4.663265e+24
Mpp:       4.608202e+24
Mrt:       2.069321e+24
Mrp:       5.613329e+23
Mtp:      -2.623321e+24
