 PDE 2006  4 19 20 36 48.30   2.6500   93.2400  30.0 6.2 6.2 OFF W COAST OF NORTHERN SUMATRA
event name:     C200604192036A
time shift:      0.8981
half duration:   3.1000
latitude:        2.6911
longitude:      93.2119
depth:          13.2677
Mrr:      -4.478795e+24
Mtt:      -1.223590e+25
Mpp:       1.671470e+25
Mrt:      -2.679645e+24
Mrp:      -9.266450e+24
Mtp:      -1.672227e+25
