 PDE 2008 10 05 15 52 49.40   39.5300   73.8200  27.4 6.4 6.9 TAJIKISTAN-XINJIANG BORDER REG.
event name:    200810051552A
time shift:           9.0101
half duration:        5.4000
latitude:            39.4841
longitude:           73.6526
depth:                7.6007
Mrr:            1.154889E+26
Mtt:           -1.084631E+26
Mpp:           -7.025838E+24
Mrt:            3.590374E+25
Mrp:           -9.573828E+24
Mtp:           -3.356073E+25
