 PDE 2009 04 03 17 54 50.30  -27.8400  -66.5900 174.2 5.3 5.7 CATAMARCA PROVINCE, ARGENTINA
event name:   C200904031754A
time shift:           1.1785
half duration:        1.7000
latitude:           -28.0934
longitude:          -66.7025
depth:              176.2610
Mrr:           -2.558937E+24
Mtt:           -3.632663E+23
Mpp:            2.922203E+24
Mrt:            2.994463E+24
Mrp:           -4.630664E+23
Mtp:           -3.083717E+24
