 PDE 2008 10 01 09 38 12.30   30.1700  138.7800 413.5 5.1 5.7 SOUTHEAST OF HONSHU, JAPAN
event name:   C200810010938A
time shift:           1.7168
half duration:        1.8000
latitude:            30.2136
longitude:          138.8791
depth:              392.8101
Mrr:           -2.964048E+24
Mtt:            3.137720E+24
Mpp:           -1.736717E+23
Mrt:            9.801691E+23
Mrp:           -3.881037E+24
Mtp:           -2.035109E+24
