 PDE 2006  6 28 21  2  9.20  26.8200   55.9000  10.0 5.8 5.8 SOUTHERN IRAN
event name:     C200606282102A
time shift:      2.3381
half duration:   2.0000
latitude:       26.7759
longitude:      55.8101
depth:           8.1425
Mrr:       4.489412e+24
Mtt:      -3.932172e+24
Mpp:      -5.572402e+23
Mrt:       2.259380e+24
Mrp:       1.606337e+24
Mtp:      -2.594939e+24
