 PDE 2008 06 28 12 54 46.40   10.8500   91.7100  15.0 5.9 6.1 ANDAMAN ISLANDS, INDIA REGION
event name:    200806281254A
time shift:           3.7088
half duration:        2.7000
latitude:            10.9410
longitude:           91.7942
depth:               12.4501
Mrr:           -1.525287E+25
Mtt:           -1.399584E+24
Mpp:            1.665233E+25
Mrt:            5.722559E+24
Mrp:           -6.225227E+24
Mtp:            6.123115E+24
