 PDE 2008 01 01 18 54 59.00   -5.8800  146.8800  34.0 6.0 6.3 EASTERN NEW GUINEA REG., P.N.G.
event name:   C200801011855A
time shift:           7.5888
half duration:        3.4000
latitude:            -5.9525
longitude:          146.9371
depth:               50.2551
Mrr:            3.677780E+25
Mtt:           -3.268850E+25
Mpp:           -4.089296E+24
Mrt:           -5.572420E+23
Mrp:            1.016574E+24
Mtp:            1.258025E+25
