 PDE 2007  7 15 13  8  0.80  52.4800 -168.0500  10.0 6.1 6.1 FOX ISLANDS, ALEUTIAN ISLANDS
event name:     C200707151308A
time shift:      5.2701
half duration:   2.7000
latitude:       52.2884
longitude:    -167.8693
depth:          16.1114
Mrr:       1.310602e+25
Mtt:      -9.420487e+24
Mpp:      -3.685527e+24
Mrt:       1.195036e+25
Mrp:       6.531325e+24
Mtp:      -6.766135e+24
