 PDE 2009 06 16 20 05 57.00  -54.3700    5.8700  10.0 5.8 6.1 BOUVET ISLAND REGION
event name:    200906162005A
time shift:           4.8741
half duration:        2.9000
latitude:           -54.3642
longitude:            6.3129
depth:                7.8989
Mrr:            1.517813E+22
Mtt:            2.406362E+25
Mpp:           -2.407878E+25
Mrt:           -7.345946E+23
Mrp:            2.452287E+23
Mtp:            6.076888E+24
