 PDE 2009 07 14 18 38 08.50  -21.8200  -67.0900 175.6 5.4 5.7 CHILE-BOLIVIA BORDER REGION
event name:   C200907141838A
time shift:           2.5655
half duration:        1.7000
latitude:           -21.9705
longitude:          -67.3209
depth:              193.8597
Mrr:           -2.478407E+23
Mtt:            4.203801E+23
Mpp:           -1.725392E+23
Mrt:           -1.418406E+24
Mrp:           -4.138329E+24
Mtp:            6.061827E+23
