 PDE 2006  3 31 13 21  0.40 -29.6100 -176.8200  17.0 6.5 6.7 KERMADEC ISLANDS REGION
event name:     200603311321A
time shift:     10.1907
half duration:   4.5000
latitude:      -29.4936
longitude:    -176.4440
depth:          11.3346
Mrr:       5.985560e+25
Mtt:      -2.807319e+24
Mpp:      -5.704828e+25
Mrt:       1.882629e+25
Mrp:       7.817204e+25
Mtp:      -2.138782e+25
