 PDE 2008 05 23 19 35 34.90    7.3100  -34.9000   9.0 6.0 6.5 CENTRAL MID-ATLANTIC RIDGE
event name:    200805231935A
time shift:           5.8926
half duration:        4.2000
latitude:             7.5102
longitude:          -35.0074
depth:                9.0379
Mrr:           -1.154266E+24
Mtt:            1.019023E+24
Mpp:            1.352173E+23
Mrt:           -3.607276E+24
Mrp:           -1.275179E+25
Mtp:           -8.148547E+25
