 PDE 2008 07 15 03 26 34.70   35.8000   27.8600  52.0 6.5 6.4 DODECANESE ISLANDS, GREECE
event name:    200807150326A
time shift:           4.4646
half duration:        3.8000
latitude:            35.6635
longitude:           27.6975
depth:               40.9933
Mrr:           -7.429152E+24
Mtt:           -2.887133E+24
Mpp:            1.031625E+25
Mrt:            3.065542E+25
Mrp:           -1.596204E+23
Mtp:            3.637430E+25
