 PDE 2008 09 22 07 31 59.20   41.5800  140.4500 149.0 5.3 5.7 HOKKAIDO, JAPAN REGION
event name:   C200809220731A
time shift:           1.1248
half duration:        1.6000
latitude:            41.4555
longitude:          140.4915
depth:              148.9584
Mrr:           -2.240633E+24
Mtt:            2.060212E+24
Mpp:            1.804203E+23
Mrt:           -4.833780E+23
Mrp:            1.615285E+24
Mtp:            2.320047E+24
