 PDE 2007  2  3 13 43 23.10  35.8100   22.4300  59.1 5.2 0.0 CENTRAL MEDITERRANEAN SE - INV
event name:     C200702031343A
time shift:      2.6300
half duration:   1.2000
latitude:       35.6783
longitude:      22.4059
depth:          53.8461
Mrr:      -0.727226E+23
Mtt:      -0.195483E+24
Mpp:       0.268205E+24
Mrt:       0.114144E+24
Mrp:      -0.552648E+24
Mtp:      -0.140429E+25
