 PDE 2006 11 16 20 29 55.00 -52.0000  139.4700  10.0 6.1 6.1 WEST OF MACQUARIE ISLAND
event name:     C200611162029A
time shift:      1.8831
half duration:   2.6000
latitude:      -52.0361
longitude:     139.6315
depth:           8.0675
Mrr:      -6.948278e+23
Mtt:       1.035025e+24
Mpp:      -3.401976e+23
Mrt:       1.857185e+24
Mrp:       8.477941e+23
Mtp:      -1.513425e+25
