 PDE 2009 11 10  2 48 46.80   8.0800   91.9000  23.0 6.0 6.0 NICOBAR ISLANDS, INDIA REGION
event name:     C200911100248A
time shift:      1.3933
half duration:   2.4000
latitude:        8.0518
longitude:      91.8549
depth:          18.1543
Mrr:       1.556349e+24
Mtt:      -1.093275e+25
Mpp:       9.376407e+24
Mrt:       1.070685e+23
Mrp:      -3.557817e+24
Mtp:      -3.934281e+24
