 PDE 2007  7 13 21 54 43.10  51.8400 -176.2800  35.0 6.0 6.0 ANDREANOF ISLANDS, ALEUTIAN IS.
event name:     C200707132154A
time shift:      3.1288
half duration:   2.3000
latitude:       51.5726
longitude:    -175.9722
depth:          46.2553
Mrr:       8.743292e+24
Mtt:      -7.735153e+24
Mpp:      -1.008139e+24
Mrt:       3.666074e+24
Mrp:       3.429102e+24
Mtp:      -3.543223e+24
