 PDE 2007  9 26 12 36 26.90  -4.9900  153.5000  40.0 6.8 6.7 NEW IRELAND REGION, P.N.G.
event name:     200709261236A
time shift:     10.1019
half duration:   5.8000
latitude:       -5.1990
longitude:     153.4863
depth:          44.4777
Mrr:       1.570236e+26
Mtt:      -5.840239e+25
Mpp:      -9.862118e+25
Mrt:       3.305570e+24
Mrp:       8.995182e+24
Mtp:       8.411826e+25
