 PDE 2009  9  7 16 12 22.60 -10.2000  110.6300  23.0 6.2 6.2 SOUTH OF JAVA, INDONESIA
event name:     C200909071612A
time shift:      2.8941
half duration:   3.0000
latitude:      -10.3551
longitude:     110.7104
depth:          32.3351
Mrr:      -2.155812e+25
Mtt:       2.201341e+25
Mpp:      -4.552894e+23
Mrt:       4.675265e+23
Mrp:      -1.944251e+24
Mtp:      -6.664947e+24
