 PDE 2008 04 02 19 10 19.40   -7.0500  129.2000 180.7 5.5 5.7 BANDA SEA
event name:   C200804021910A
time shift:           2.4515
half duration:        1.7000
latitude:            -7.1856
longitude:          129.2044
depth:              188.4916
Mrr:            1.916680E+24
Mtt:           -3.958133E+24
Mpp:            2.041451E+24
Mrt:           -4.560560E+23
Mrp:            2.106532E+24
Mtp:           -2.346411E+24
