 PDE 2008 02 13 19 58 46.10   -8.1600  128.6400  19.0 6.4 6.2 TIMOR SEA
event name:    200802131958A
time shift:           4.0430
half duration:        3.0000
latitude:            -8.4080
longitude:          128.8283
depth:               21.9165
Mrr:            2.228344E+25
Mtt:           -2.172473E+25
Mpp:           -5.587641E+23
Mrt:            1.320651E+25
Mrp:            4.224866E+24
Mtp:           -3.835161E+24
