 PDE 2008 02 24 14 46 21.50   -2.4000   99.9300  22.0 6.0 6.4 SOUTHERN SUMATRA, INDONESIA
event name:    200802241446A
time shift:           6.0606
half duration:        3.8000
latitude:            -2.5564
longitude:           99.7896
depth:               12.3787
Mrr:            1.053135E+25
Mtt:           -5.465561E+24
Mpp:           -5.065841E+24
Mrt:            4.999002E+25
Mrp:           -3.563943E+25
Mtp:            5.493733E+24
