 PDE 2005  2 14 18  5 59.30  15.7700  -61.7400  11.6 5.8 5.5 LEEWARD ISLANDS
event name:     C200502141805A
time shift:      2.8112
half duration:   2.0000
latitude:       15.8871
longitude:     -61.5564
depth:           7.6102
Mrr:      -6.703577e+24
Mtt:       3.104930e+24
Mpp:       3.598645e+24
Mrt:      -1.943881e+24
Mrp:       9.544338e+22
Mtp:      -3.646361e+24
