 PDE 2009 10 30 07 03 39.10   29.2200  129.7800  34.0 6.3 6.8 RYUKYU ISLANDS, JAPAN
event name:    200910300703A
time shift:           6.1052
half duration:        6.0000
latitude:            28.9860
longitude:          130.1858
depth:               37.3991
Mrr:            1.746030E+26
Mtt:           -5.721105E+25
Mpp:           -1.173918E+26
Mrt:            9.060962E+25
Mrp:            9.348047E+25
Mtp:           -8.359746E+25
