 PDE 2007 04 01 02 51 05.30   32.3500  137.6100 378.5 5.3 5.7 SOUTHEAST OF HONSHU, JAPAN
event name:   C200704010251A
time shift:          -0.1341
half duration:        1.8000
latitude:            32.3121
longitude:          137.6723
depth:              373.5656
Mrr:            7.236828E+23
Mtt:           -4.225087E+22
Mpp:           -6.814320E+23
Mrt:            6.617482E+23
Mrp:           -4.936903E+24
Mtp:           -7.946681E+23
