 PDE 2008 09 24 02 33 05.20   17.6100 -105.5000  10.0 5.7 6.4 OFF COAST OF JALISCO, MEXICO
event name:    200809240233A
time shift:           2.6779
half duration:        3.8000
latitude:            17.6864
longitude:         -105.6047
depth:               10.8548
Mrr:            9.269110E+22
Mtt:           -4.562740E+25
Mpp:            4.553470E+25
Mrt:            3.057933E+24
Mrp:            4.578846E+24
Mtp:           -1.163038E+25
