 PDE 2009 01 04 23 12 59.30   36.4400   70.8800 186.7 5.7 5.7 HINDU KUSH REGION, AFGHANISTAN
event name:   C200901042312A
time shift:           1.2061
half duration:        1.7000
latitude:            36.4572
longitude:           70.6589
depth:              188.0891
Mrr:            3.075378E+24
Mtt:           -3.414229E+24
Mpp:            3.388504E+23
Mrt:            1.535206E+24
Mrp:            2.075606E+24
Mtp:           -8.855090E+23
