 PDE 2008 10 12 20 55 41.50  -20.1200  -64.9700 352.7 6.0 6.2 SOUTHERN BOLIVIA
event name:   C200810122055A
time shift:           0.9877
half duration:        3.0000
latitude:           -20.3066
longitude:          -65.2292
depth:              357.6295
Mrr:            4.121185E+23
Mtt:           -3.772548E+24
Mpp:            3.360430E+24
Mrt:            3.685943E+24
Mrp:           -2.505503E+25
Mtp:            8.232962E+24
