 PDE 2009 10 10 21 24 38.50   47.8500  152.4600 112.0 5.9 6.0 KURIL ISLANDS
event name:   C200910102124A
time shift:           3.4791
half duration:        2.3000
latitude:            47.7719
longitude:          152.7862
depth:              123.7663
Mrr:           -7.463948E+23
Mtt:           -1.433700E+24
Mpp:            2.180094E+24
Mrt:           -4.999116E+24
Mrp:           -9.221137E+24
Mtp:           -1.144816E+24
