 PDE 2008 09 18 11 58 50.90   51.9200  158.3900  66.9 5.7 5.9 NEAR EAST COAST OF KAMCHATKA
event name:   C200809181158A
time shift:           1.7723
half duration:        2.0000
latitude:            51.7987
longitude:          158.8271
depth:               53.9431
Mrr:            6.775462E+24
Mtt:           -1.619735E+24
Mpp:           -5.155726E+24
Mrt:            1.689836E+24
Mrp:            2.093115E+24
Mtp:           -3.131036E+24
