 PDE 2007  6 15 18 49 53.40   1.7200   30.8300  24.0 5.8 5.9 UGANDA
event name:     C200706151849A
time shift:      0.1270
half duration:   2.0000
latitude:        1.7538
longitude:      30.7049
depth:          22.8382
Mrr:      -3.051332e+24
Mtt:      -1.245979e+24
Mpp:       4.297310e+24
Mrt:      -2.695567e+24
Mrp:       1.716747e+24
Mtp:       3.378661e+24
