 PDE 2007  9 30  2  8 30.20  10.4500  145.7200  14.0 7.0 7.1 SOUTH OF MARIANA ISLANDS
event name:     C200709300208A
time shift:      7.9226
half duration:   7.3000
latitude:       10.5055
longitude:     145.6913
depth:           9.5387
Mrr:       8.722999e+25
Mtt:       1.461930e+26
Mpp:      -2.334230e+26
Mrt:       7.535919e+25
Mrp:       2.962911e+25
Mtp:       2.680417e+26
