 PDE 2006 10  9 10  1 46.70  20.6500  120.0200  10.0 6.3 6.3 PHILIPPINE ISLANDS REGION
event name:     C200610091001A
time shift:      4.2013
half duration:   3.4000
latitude:       20.6933
longitude:     119.9766
depth:           9.6705
Mrr:      -3.290496e+25
Mtt:       2.171798e+24
Mpp:       3.073316e+25
Mrt:      -9.477149e+23
Mrp:       6.488958e+24
Mtp:      -2.745279e+24
