 PDE 2008 10 06 08 30 45.60   29.8100   90.3500  12.0 6.0 6.3 XIZANG
event name:    200810060830A
time shift:           2.8065
half duration:        3.5000
latitude:            29.6251
longitude:           90.4835
depth:                7.4841
Mrr:           -3.033263E+25
Mtt:           -5.067746E+22
Mpp:            3.038331E+25
Mrt:           -1.042193E+25
Mrp:            8.277255E+24
Mtp:            1.357854E+25
