 PDE 2007  8 15 20 22 11.10  50.3200 -177.5500   9.0 6.5 6.4 ANDREANOF ISLANDS, ALEUTIAN IS.
event name:     C200708152022A
time shift:      4.8285
half duration:   4.2000
latitude:       50.2803
longitude:    -177.6898
depth:          11.9997
Mrr:      -6.278189e+25
Mtt:       6.846230e+25
Mpp:      -5.680410e+24
Mrt:      -1.208753e+25
Mrp:       4.935968e+24
Mtp:       1.607080e+24
