 PDE 2006  7  8 20 40  1.00  51.2100 -179.3100  22.0 6.6 6.6 ANDREANOF ISLANDS, ALEUTIAN IS.
event name:     C200607082039A
time shift:      6.7661
half duration:   4.9000
latitude:       51.0558
longitude:    -179.1352
depth:          26.7215
Mrr:       5.871985e+25
Mtt:      -6.072883e+25
Mpp:       2.008989e+24
Mrt:       5.841103e+25
Mrp:       4.092406e+25
Mtp:      -1.897078e+25
