 PDE 2009 08 20 06 35 04.40   72.2000    0.9400   6.0 5.9 6.0 NORWEGIAN SEA
event name:    200908200635A
time shift:           3.4488
half duration:        2.4000
latitude:            72.2144
longitude:            0.8109
depth:                5.6555
Mrr:           -1.290078E+25
Mtt:            6.645630E+24
Mpp:            6.255150E+24
Mrt:           -2.732226E+23
Mrp:           -6.841874E+24
Mtp:            7.963162E+24
