 PDE 2008 09 10 11 00 34.10   26.7400   55.8300  12.0 6.1 6.1 SOUTHERN IRAN
event name:    200809101100A
time shift:           2.4071
half duration:        2.7000
latitude:            26.6392
longitude:           55.7094
depth:                9.4043
Mrr:            1.448001E+25
Mtt:           -1.076100E+25
Mpp:           -3.719006E+24
Mrt:            8.935499E+24
Mrp:            2.266958E+24
Mtp:           -6.743746E+24
