 PDE 2009 03 06 10 50 29.40   80.3200   -1.8500   9.0 6.6 6.5 NORTH OF SVALBARD
event name:    200903061050A
time shift:           3.3020
half duration:        4.2000
latitude:            80.3195
longitude:           -2.3084
depth:                8.6180
Mrr:           -1.248087E+25
Mtt:           -5.675958E+25
Mpp:            6.924045E+25
Mrt:           -2.842804E+25
Mrp:           -2.608961E+25
Mtp:           -2.797376E+25
