 PDE 2006  4 15 23 50 14.70 -29.7700  -72.0000  19.8 6.0 6.0 OFF COAST OF CENTRAL CHILE
event name:     C200604152350B
time shift:      0.5279
half duration:   2.4000
latitude:      -29.7176
longitude:     -72.2775
depth:          10.2617
Mrr:       9.754116e+24
Mtt:      -5.916178e+22
Mpp:      -9.694954e+24
Mrt:      -9.570762e+23
Mrp:      -6.158218e+24
Mtp:      -2.985448e+23
