 PDE 2006 09 12 13 30 55.70  -28.9400  -68.9000 114.0 5.8 6.0 LA RIOJA PROVINCE, ARGENTINA
event name:   C200609121330A
time shift:           0.3739
half duration:        2.2000
latitude:           -29.1980
longitude:          -69.1363
depth:              108.3133
Mrr:           -7.499050E+24
Mtt:            1.875793E+24
Mpp:            5.623258E+24
Mrt:           -2.267970E+24
Mrp:            6.396198E+24
Mtp:           -5.555103E+24
