 PDE 2006 02 24 14 15 45.20  -18.0000 -179.5900 622.4 5.9 0.0 FIJI ISLANDS REGION
event name:   C200602241415A
time shift:           3.9302
half duration:        2.6000
latitude:           -17.9386
longitude:         -179.4177
depth:              638.8358
Mrr:           -5.261308E+24
Mtt:            1.057203E+25
Mpp:           -5.310721E+24
Mrt:            8.026254E+24
Mrp:           -1.177672E+25
Mtp:            4.860175E+23
