 PDE 2008 07 24 01 43 16.10   50.9700  157.5800  27.0 6.0 6.2 KURIL ISLANDS
event name:    200807240143A
time shift:           5.2126
half duration:        3.1000
latitude:            50.7332
longitude:          158.1332
depth:               38.3847
Mrr:            2.483215E+25
Mtt:           -1.057683E+25
Mpp:           -1.425536E+25
Mrt:            1.114565E+25
Mrp:            8.014283E+24
Mtp:           -1.260122E+25
