 PDE 2009 11 28  9 21 18.00 -29.2200 -177.0200  28.0 5.9 6.0 KERMADEC ISLANDS, NEW ZEALAND
event name:     C200911280921A
time shift:      2.5731
half duration:   2.3000
latitude:      -29.0034
longitude:    -176.7263
depth:          23.4992
Mrr:       1.073112e+25
Mtt:      -8.908212e+24
Mpp:      -1.822907e+24
Mrt:      -1.000373e+24
Mrp:      -3.986159e+22
Mtp:       4.972760e+24
