 PDE 2008 07 19 02 39 28.70   37.5500  142.2100  22.0 6.2 7.0 OFF EAST COAST OF HONSHU, JAPAN
event name:    200807190239A
time shift:           5.2844
half duration:        7.0000
latitude:            37.4734
longitude:          142.4083
depth:               21.9783
Mrr:            1.677355E+26
Mtt:           -2.826330E+25
Mpp:           -1.394726E+26
Mrt:            1.212232E+26
Mrp:            2.885908E+26
Mtp:           -6.290066E+25
