 PDE 2009 10 16  9 52 50.80  -6.5300  105.2200  38.0 6.1 6.1 SUNDA STRAIT, INDONESIA
event name:     C200910160952A
time shift:      2.1580
half duration:   2.7000
latitude:       -7.0333
longitude:     105.1080
depth:          41.2298
Mrr:       1.399778e+25
Mtt:      -1.262454e+25
Mpp:      -1.373242e+24
Mrt:       7.161427e+24
Mrp:      -1.125093e+24
Mtp:       6.352854e+24
