 PDE 2007  2 25 21 53 13.60  73.2000    6.7800  10.0 5.3 5.4 GREENLAND SEA - INV
event name:     C200702252153A
time shift:      0.6700
half duration:   1.2000
latitude:       73.2600
longitude:       6.7600
depth:           9.3170
Mrr:      -0.135409E+25
Mtt:       0.765231E+24
Mpp:       0.588857E+24
Mrt:       0.274936E+23
Mrp:      -0.518245E+24
Mtp:       0.786943E+24
