 PDE 2009 12 24 00 23 33.40   42.2300  134.7000 410.9 6.2 6.3 PRIMOR'YE, RUSSIA
event name:   C200912240023A
time shift:           2.5139
half duration:        3.5000
latitude:            42.1300
longitude:          134.9240
depth:              386.8792
Mrr:            6.815932E+24
Mtt:            8.581429E+23
Mpp:           -7.674074E+24
Mrt:           -1.627265E+24
Mrp:           -3.613681E+25
Mtp:           -1.612620E+25
