 PDE 2009 04 16 14 57 06.20  -60.2000  -26.8600  20.0 6.2 6.8 SOUTH SANDWICH ISLANDS REGION
event name:    200904161457A
time shift:           8.6246
half duration:        5.3000
latitude:           -60.7001
longitude:          -26.5683
depth:               21.8505
Mrr:            1.355386E+26
Mtt:           -3.191741E+25
Mpp:           -1.036211E+26
Mrt:            2.088749E+25
Mrp:            1.053299E+26
Mtp:           -7.944018E+25
