 PDE 2007 09 13 16 09 16.40   -3.1600  101.5300  48.8 6.1 6.0 SOUTHERN SUMATRA, INDONESIA
event name:   C200709131609A
time shift:           1.1997
half duration:        2.4000
latitude:            -3.5124
longitude:          101.1806
depth:               50.1799
Mrr:            1.007788E+25
Mtt:           -5.584006E+24
Mpp:           -4.493879E+24
Mrt:            7.133732E+24
Mrp:           -3.969518E+24
Mtp:            6.267058E+24
