 PDE 2009  8  1 13 33 30.00 -56.2300 -124.3000  10.0 6.0 6.1 SOUTHERN EAST PACIFIC RISE
event name:     C200908011333A
time shift:      6.7131
half duration:   2.5000
latitude:      -55.6976
longitude:    -124.5871
depth:          14.4383
Mrr:      -9.015216e+23
Mtt:       8.400482e+24
Mpp:      -7.498961e+24
Mrt:       6.740212e+23
Mrp:       5.308085e+23
Mtp:       1.056005e+25
