 PDE 2009  3 30  7 13  7.30  56.5500 -152.7400  21.0 6.0 5.9 KODIAK ISLAND REGION, ALASKA
event name:     C200903300713A
time shift:     -0.5908
half duration:   2.4000
latitude:       56.2819
longitude:    -152.6691
depth:          13.4828
Mrr:       2.660429e+22
Mtt:      -2.122981e+23
Mpp:       1.856939e+23
Mrt:       1.161562e+25
Mrp:       7.567652e+24
Mtp:      -4.316623e+23
