 PDE 2005 03 02 10 42 12.20   -6.5300  129.9300 201.7 7.0 0.0 BANDA SEA
event name:   C200503021042A
time shift:           5.9476
half duration:        8.7000
latitude:            -6.5400
longitude:          129.9922
depth:              196.0724
Mrr:            5.024219E+25
Mtt:           -4.324455E+26
Mpp:            3.822033E+26
Mrt:            3.950876E+26
Mrp:            4.624108E+26
Mtp:           -8.624757E+25
