 PDE 2009 12 14 08 54 01.80   -5.9600  154.4400  39.0 5.6 6.0 SOLOMON ISLANDS
event name:   C200912140854A
time shift:           4.3895
half duration:        2.3000
latitude:            -6.1376
longitude:          154.4048
depth:               50.7554
Mrr:            1.105448E+25
Mtt:           -5.746963E+24
Mpp:           -5.307512E+24
Mrt:           -1.406535E+24
Mrp:            8.043362E+23
Mtp:            5.645630E+24
