 PDE 2009  6  6 20 33 28.80  23.8600  -46.1000  14.0 6.0 6.0 NORTHERN MID-ATLANTIC RIDGE
event name:     C200906062033A
time shift:      2.0898
half duration:   2.4000
latitude:       23.9398
longitude:     -46.1187
depth:          10.5879
Mrr:       1.531445e+23
Mtt:      -5.325152e+24
Mpp:       5.172007e+24
Mrt:       8.894102e+23
Mrp:       2.105630e+24
Mtp:      -1.234513e+25
