 PDE 2006 09 24 21 08 49.50  -32.2300  -67.6900 141.0 5.5 5.7 MENDOZA PROVINCE, ARGENTINA
event name:   C200609242108A
time shift:          -6.6494
half duration:        1.6000
latitude:           -31.8907
longitude:          -67.1695
depth:              144.8800
Mrr:           -3.434230E+24
Mtt:            2.053848E+24
Mpp:            1.380381E+24
Mrt:           -9.599600E+23
Mrp:           -2.732311E+24
Mtp:           -1.128168E+24
