 PDE 2007  3 22  6 10 43.10  -3.3900   86.7800  21.0 5.9 5.9 SOUTH INDIAN OCEAN
event name:     C200703220610A
time shift:      1.6275
half duration:   2.2000
latitude:       -3.3684
longitude:      86.7775
depth:          28.9235
Mrr:       2.816631e+24
Mtt:      -7.104887e+24
Mpp:       4.288255e+24
Mrt:      -2.198832e+24
Mrp:       3.280865e+24
Mtp:      -4.014251e+24
