 PDE 2008 10 26 01 28 56.10   36.4900   70.6800 210.0 5.5 5.7 HINDU KUSH REGION, AFGHANISTAN
event name:   C200810260128A
time shift:           0.4134
half duration:        1.8000
latitude:            36.4349
longitude:           70.4603
depth:              198.6007
Mrr:            3.083884E+24
Mtt:           -3.184494E+24
Mpp:            1.006091E+23
Mrt:            4.326318E+24
Mrp:           -4.873488E+23
Mtp:            2.442573E+23
