 PDE 2005  9  5  7 37 31.30 -56.4100 -142.3900  10.0 6.2 5.8 PACIFIC-ANTARCTIC RIDGE
event name:     C200509050737A
time shift:      3.5380
half duration:   3.1000
latitude:      -56.5828
longitude:    -142.5468
depth:          12.3144
Mrr:      -7.299366e+23
Mtt:       1.988533e+25
Mpp:      -1.915539e+25
Mrt:       7.138236e+24
Mrp:       4.336517e+24
Mtp:       1.354520e+25
