 PDE 2007  2 20  8  4 25.10  -1.0300  126.9800  11.0 6.7 6.7 SOUTHERN MOLUCCA SEA
event name:     200702200804A
time shift:      5.1340
half duration:   5.6000
latitude:       -0.9110
longitude:     127.1363
depth:           9.5212
Mrr:      -4.091113e+25
Mtt:       7.435114e+25
Mpp:      -3.344001e+25
Mrt:       3.043015e+25
Mrp:      -1.176914e+26
Mtp:       7.709442e+25
