 PDE 2006  5 26 22 53 58.90  -7.9600  110.4500  12.5 6.3 6.3 JAVA, INDONESIA
event name:     C200605262253A
time shift:      5.0626
half duration:   3.7000
latitude:       -8.0315
longitude:     110.5366
depth:          24.2929
Mrr:      -1.119186e+25
Mtt:      -3.279368e+25
Mpp:       4.398554e+25
Mrt:       5.456202e+24
Mrp:       6.199200e+24
Mtp:       1.023804e+25
