 PDE 2009 05 12 01 26 26.10   -5.6500  149.5400  84.0 5.9 6.1 NEW BRITAIN REGION, P.N.G.
event name:   C200905120126A
time shift:           3.5402
half duration:        2.7000
latitude:            -5.8313
longitude:          149.6228
depth:               86.4783
Mrr:            6.729334E+23
Mtt:            3.674916E+24
Mpp:           -4.347849E+24
Mrt:           -1.180282E+25
Mrp:           -1.192818E+25
Mtp:           -2.392249E+24
