 PDE 2007 11  2 22 31 43.90 -55.4700 -128.9700  10.0 6.2 6.1 PACIFIC-ANTARCTIC RIDGE
event name:     C200711022231A
time shift:      0.4437
half duration:   2.9000
latitude:      -55.3989
longitude:    -128.8020
depth:          11.0218
Mrr:      -1.723992e+24
Mtt:       1.352470e+25
Mpp:      -1.180071e+25
Mrt:      -5.826783e+23
Mrp:       3.121003e+23
Mtp:       1.709101e+25
