 PDE 2008 08 09 06 01 48.50  -60.6500  153.7700  10.0 5.6 6.5 WEST OF MACQUARIE ISLAND
event name:    200808090602A
time shift:          14.9523
half duration:        3.9000
latitude:           -60.5320
longitude:          153.4013
depth:               10.1963
Mrr:           -5.023482E+24
Mtt:            4.125465E+25
Mpp:           -3.623118E+25
Mrt:            1.988747E+25
Mrp:            1.420494E+25
Mtp:           -3.450376E+25
