 PDE 2007 11 23 01 26 47.40   -4.6300  151.8700 150.3 5.5 5.9 NEW BRITAIN REGION, P.N.G.
event name:   C200711230126A
time shift:           2.8211
half duration:        2.1000
latitude:            -4.8151
longitude:          151.9429
depth:              153.3657
Mrr:            4.233436E+24
Mtt:           -3.681869E+24
Mpp:           -5.515670E+23
Mrt:            6.289517E+24
Mrp:            2.291875E+24
Mtp:           -1.264382E+24
