 PDE 2009 07 06 14 53 12.20   50.4400  176.9900  22.0 6.0 6.1 RAT ISLANDS, ALEUTIAN ISLANDS
event name:    200907061453A
time shift:           4.1976
half duration:        2.7000
latitude:            50.4604
longitude:          177.0059
depth:               32.5952
Mrr:           -4.731449E+24
Mtt:            7.234675E+24
Mpp:           -2.503246E+24
Mrt:           -3.411557E+24
Mrp:            1.377766E+25
Mtp:           -9.162231E+24
