 PDE 2009  4 28 19 54 35.00  52.6700  -35.0300  10.0 5.0 5.6 REYKJANES RIDGE - INV
event name:     C200904281954A
time shift:      4.8000
half duration:   1.5000
latitude:       52.7543
longitude:     -34.7029
depth:          11.5769
Mrr:      -0.493251E+24
Mtt:      -0.104148E+24
Mpp:       0.597397E+24
Mrt:      -0.940069E+22
Mrp:       0.587146E+24
Mtp:      -0.244227E+25
