 PDE 2007  2 28 23 13 15.60 -55.2400  -29.1400  10.0 6.1 6.2 SOUTH SANDWICH ISLANDS REGION
event name:     C200702282313A
time shift:      6.4701
half duration:   2.8000
latitude:      -55.2721
longitude:     -29.1839
depth:          14.3999
Mrr:       1.030457e+25
Mtt:      -1.355034e+25
Mpp:       3.245759e+24
Mrt:      -1.071868e+25
Mrp:       1.185919e+25
Mtp:       1.303801e+25
