 PDE 2005 02 05 03 34 25.70   16.0100  145.8700 142.7 6.3 0.0 MARIANA ISLANDS
event name:   C200502050334A
time shift:           6.1758
half duration:        4.8000
latitude:            15.8722
longitude:          146.1897
depth:              129.6784
Mrr:           -5.995189E+25
Mtt:            6.834689E+25
Mpp:           -8.394996E+24
Mrt:           -4.390301E+24
Mrp:            5.448331E+25
Mtp:           -5.776110E+25
