 PDE 2009 07 01 09 30 10.40   34.1600   25.4700  19.0 6.1 6.4 CRETE, GREECE
event name:    200907010930A
time shift:           6.4795
half duration:        4.1000
latitude:            34.0121
longitude:           25.5022
depth:                7.1518
Mrr:            4.282834E+25
Mtt:           -4.094353E+25
Mpp:           -1.884771E+24
Mrt:            2.582397E+25
Mrp:            2.089702E+24
Mtp:            1.185621E+25
