 PDE 2005  3  6  5 21 43.40  84.9500   99.3900  10.0 6.2 6.1 NORTH OF SEVERNAYA ZEMLYA
event name:     C200503060521A
time shift:      0.9941
half duration:   3.3000
latitude:       84.9339
longitude:      98.6147
depth:           5.4073
Mrr:      -3.349010e+25
Mtt:       2.079966e+25
Mpp:       1.269045e+25
Mrt:      -4.895824e+24
Mrp:      -7.190601e+24
Mtp:      -1.576622e+25
