 PDE 2005  7 25 16  2  7.60  71.1100   -7.4300  10.0 5.5 4.6 JAN MAYEN ISLAND REGION - INV
event name:     C200507251602B
time shift:      4.0100
half duration:   1.3000
latitude:       71.1000
longitude:      -7.2600
depth:          10.7368
Mrr:       0.197102E+25
Mtt:      -0.103216E+25
Mpp:      -0.938858E+24
Mrt:      -0.180271E+24
Mrp:       0.122698E+25
Mtp:       0.156768E+25
