 PDE 2006  6 15  6 49 48.80  45.3900   97.3500   9.0 5.8 5.8 MONGOLIA
event name:     C200606150649A
time shift:      0.7097
half duration:   1.9000
latitude:       45.3697
longitude:      97.4917
depth:          16.8463
Mrr:       8.863725e+23
Mtt:      -5.568813e+23
Mpp:      -3.294912e+23
Mrt:       1.277198e+24
Mrp:       6.814589e+23
Mtp:       3.935926e+24
