 PDE 2009  3 26 19 19 59.60  27.4200  126.7000 159.5 5.8 5.9 NORTHWEST OF RYUKYU ISLANDS
event name:     C200903261919A
time shift:     -0.5765
half duration:   2.1000
latitude:       27.3241
longitude:     126.9283
depth:         157.7225
Mrr:      -3.360316e+24
Mtt:      -1.121170e+24
Mpp:       4.481486e+24
Mrt:      -2.211018e+24
Mrp:      -4.337949e+24
Mtp:      -2.696195e+24
