 PDE 2009 12  8  3  8 57.20  -9.9500   33.8800   8.0 5.9 5.9 TANZANIA
event name:     C200912080308A
time shift:      3.3008
half duration:   2.3000
latitude:       -9.8945
longitude:      33.8907
depth:           4.8787
Mrr:      -9.661927e+24
Mtt:       3.810479e+23
Mpp:       9.280879e+24
Mrt:       3.074852e+24
Mrp:      -4.011205e+24
Mtp:      -2.807443e+24
