 PDE 2008 06 06 13 42 49.00   -7.4900  127.8900 122.0 5.7 6.0 BANDA SEA
event name:   C200806061342A
time shift:           3.8864
half duration:        2.3000
latitude:            -7.6266
longitude:          127.8799
depth:              131.3558
Mrr:            1.161438E+25
Mtt:           -1.117627E+25
Mpp:           -4.381121E+23
Mrt:           -4.531679E+23
Mrp:            3.031206E+24
Mtp:            9.746380E+23
