 PDE 2008 02 21 14 16 02.70   41.1500 -114.8700   6.7 5.7 6.0 NEVADA
event name:    200802211416A
time shift:           4.3088
half duration:        2.5000
latitude:            41.1602
longitude:         -114.8531
depth:               10.9544
Mrr:           -1.283186E+25
Mtt:            3.052037E+24
Mpp:            9.779801E+24
Mrt:            6.611903E+23
Mrp:            3.066932E+24
Mtp:            5.537908E+24
