 PDE 2008 09 18 01 41 02.80   -4.5500 -106.0000  10.0 5.5 6.0 CENTRAL EAST PACIFIC RISE
event name:    200809180141A
time shift:           2.5905
half duration:        2.5000
latitude:            -4.5335
longitude:         -105.9920
depth:                6.9229
Mrr:           -1.357108E+23
Mtt:            4.155212E+24
Mpp:           -4.019513E+24
Mrt:            5.540094E+23
Mrp:            4.386916E+24
Mtp:            1.182645E+25
