 PDE 2009 09 02 07 55 01.00   -7.7800  107.3000  46.0 6.8 7.0 JAVA, INDONESIA
event name:   C200909020755A
time shift:           5.7039
half duration:        7.5000
latitude:            -8.1217
longitude:          107.3273
depth:               51.9870
Mrr:            5.073058E+26
Mtt:           -2.222001E+26
Mpp:           -2.851055E+26
Mrt:            1.763495E+26
Mrp:           -1.576155E+26
Mtp:           -1.014685E+26
