 PDE 2009 01 22 20 16 34.60   -7.3100  128.5700 146.7 6.1 6.1 BANDA SEA
event name:   C200901222016A
time shift:           3.3681
half duration:        2.7000
latitude:            -7.5203
longitude:          128.5501
depth:              154.7881
Mrr:            2.023710E+25
Mtt:           -1.717800E+25
Mpp:           -3.059089E+24
Mrt:            4.542914E+24
Mrp:           -1.747129E+24
Mtp:            3.576192E+24
