 PDE 2007 08 05 09 28 40.40  -19.1500  168.7200  45.1 5.6 6.0 VANUATU ISLANDS
event name:   C200708050928A
time shift:           3.5171
half duration:        2.2000
latitude:           -19.1768
longitude:          168.4392
depth:               45.7701
Mrr:            1.042610E+25
Mtt:           -7.827218E+23
Mpp:           -9.643380E+24
Mrt:           -2.261970E+23
Mrp:           -1.814085E+23
Mtp:            3.565663E+24
