 PDE 2009 01 21 17 08 43.00  -22.6900  171.0400  24.0 5.4 6.1 SOUTHEAST OF LOYALTY ISLANDS
event name:    200901211708A
time shift:           6.3353
half duration:        2.9000
latitude:           -22.7507
longitude:          170.8657
depth:               14.7318
Mrr:            1.771840E+25
Mtt:           -1.660078E+25
Mpp:           -1.117620E+24
Mrt:            1.474493E+25
Mrp:           -2.362985E+24
Mtp:            4.465136E+24
