 PDE 2009 03 15 08 19 05.70  -14.4500  -70.3600 189.7 5.1 5.7 CENTRAL PERU
event name:   C200903150819A
time shift:           2.4102
half duration:        1.7000
latitude:           -14.5957
longitude:          -70.6248
depth:              209.0996
Mrr:           -1.486706E+24
Mtt:            1.381037E+24
Mpp:            1.056685E+23
Mrt:            1.761762E+24
Mrp:            1.981409E+24
Mtp:           -3.958918E+24
