 PDE 2009 08 02 08 54 35.50   -0.4700  132.9000  35.0 5.8 6.1 IRIAN JAYA REGION, INDONESIA
event name:    200908020854A
time shift:           1.8053
half duration:        2.6000
latitude:            -0.4102
longitude:          132.9231
depth:               25.4584
Mrr:            1.354720E+25
Mtt:           -1.103913E+25
Mpp:           -2.508132E+24
Mrt:           -1.431283E+24
Mrp:           -3.817809E+24
Mtp:            6.736332E+24
