 PDE 2009 12 19 13 02 17.10   23.8000  121.6100  57.2 6.2 6.4 TAIWAN
event name:    200912191302A
time shift:           2.6303
half duration:        4.0000
latitude:            23.7045
longitude:          121.6302
depth:               44.2928
Mrr:            2.621376E+25
Mtt:           -7.130236E+24
Mpp:           -1.908349E+25
Mrt:            1.921617E+24
Mrp:            4.732926E+25
Mtp:           -2.410040E+25
