 PDE 2009  9 21  8 53  5.90  27.3300   91.4400  14.0 6.1 6.1 BHUTAN
event name:     C200909210853A
time shift:      3.3185
half duration:   2.8000
latitude:       27.2089
longitude:      91.6273
depth:          10.1286
Mrr:       2.267488e+24
Mtt:      -2.882144e+24
Mpp:       6.146560e+23
Mrt:       1.388119e+25
Mrp:      -1.259837e+24
Mtp:       4.215785e+23
