 PDE 2008  1 14 13 38 37.00  10.4100   92.8700  43.0 5.8 5.9 ANDAMAN ISLANDS, INDIA REGION
event name:     C200801141338A
time shift:      1.7324
half duration:   2.0000
latitude:       10.3656
longitude:      92.7182
depth:          40.6402
Mrr:       4.840134e+24
Mtt:      -2.039736e+23
Mpp:      -4.636161e+24
Mrt:       1.435430e+24
Mrp:      -3.553461e+24
Mtp:       1.532085e+24
