 PDE 2009 11 26 19  8 10.70  13.4400  -89.8400  56.8 6.0 5.9 EL SALVADOR
event name:     C200911261908A
time shift:      0.5443
half duration:   2.3000
latitude:       13.2915
longitude:     -90.4109
depth:          35.1918
Mrr:      -3.590526e+24
Mtt:      -1.631197e+24
Mpp:       5.221723e+24
Mrt:       7.403378e+24
Mrp:      -2.920423e+24
Mtp:      -3.349827e+24
