 PDE 2007 04 06 18 48 17.60   -6.9500  155.7700  44.0 5.9 5.9 SOLOMON ISLANDS
event name:   C200704061848A
time shift:           3.0176
half duration:        2.0000
latitude:            -7.1457
longitude:          155.8159
depth:               50.7387
Mrr:            6.986066E+24
Mtt:           -4.896449E+24
Mpp:           -2.089617E+24
Mrt:           -8.420308E+23
Mrp:           -3.315301E+23
Mtp:            3.739048E+24
