 PDE 2006  4 29 16 58  6.30  60.4900  167.5200  11.0 6.6 6.6 EASTERN SIBERIA, RUSSIA
event name:     C200604291658A
time shift:      4.7601
half duration:   4.8000
latitude:       60.4972
longitude:     167.5786
depth:          10.1815
Mrr:       6.727320e+25
Mtt:      -1.719178e+25
Mpp:      -5.008142e+25
Mrt:      -1.542011e+25
Mrp:       3.260370e+25
Mtp:      -5.166698e+25
