 PDE 2008 10 28 23 09 57.70   30.6400   67.3500  15.0 6.3 6.6 PAKISTAN
event name:    200810282309A
time shift:           2.9747
half duration:        3.9000
latitude:            30.3812
longitude:           67.4934
depth:               12.9547
Mrr:            8.578556E+24
Mtt:           -5.018171E+25
Mpp:            4.160314E+25
Mrt:            2.143526E+24
Mrp:            2.102338E+25
Mtp:           -1.717539E+25
