 PDE 2007 12 26 23 47 10.80  39.4500   33.1600   8.3 5.2 5.6 TURKEY - INV
event name:     C200712262347A
time shift:      3.3200
half duration:   1.5000
latitude:       39.5462
longitude:      33.0477
depth:          10.4633
Mrr:      -0.370760E+24
Mtt:      -0.164655E+25
Mpp:       0.201732E+25
Mrt:       0.296120E+24
Mrp:      -0.979650E+24
Mtp:       0.303951E+24
