 PDE 2008 04 15 03 03 04.70   13.5600  -90.6000  33.0 5.6 6.1 NEAR COAST OF GUATEMALA
event name:    200804150303A
time shift:           2.6993
half duration:        2.9000
latitude:            13.4383
longitude:          -91.0187
depth:               37.6149
Mrr:            4.492814E+24
Mtt:           -1.686171E+25
Mpp:            1.236890E+25
Mrt:           -8.480597E+24
Mrp:            8.903349E+24
Mtp:           -3.638545E+24
