 PDE 2008 03 24 20 39 07.60  -20.0400  -68.9600 120.0 5.7 6.2 CHILE-BOLIVIA BORDER REGION
event name:   C200803242039A
time shift:           1.9174
half duration:        2.9000
latitude:           -20.3119
longitude:          -69.3971
depth:              122.6435
Mrr:           -1.482637E+25
Mtt:           -1.994695E+24
Mpp:            1.682106E+25
Mrt:            6.136936E+23
Mrp:           -1.612631E+25
Mtp:            2.440188E+24
