 PDE 2007  4 20  1 45 56.10  25.7100  125.1100   9.0 6.3 6.3 SOUTHWESTERN RYUKYU ISL., JAPAN
event name:     C200704200145A
time shift:      3.0749
half duration:   3.3000
latitude:       25.5694
longitude:     125.1034
depth:          11.3054
Mrr:      -1.873112e+25
Mtt:       3.073735e+25
Mpp:      -1.200624e+25
Mrt:      -1.001774e+24
Mrp:       8.980691e+24
Mtp:       8.959322e+24
