 PDE 2006  5  5  6 16 20.30 -19.8300 -174.6500  35.0 5.9 5.9 TONGA ISLANDS
event name:     C200605050616B
time shift:      3.0987
half duration:   2.1000
latitude:      -19.8694
longitude:    -174.0437
depth:           8.9859
Mrr:      -1.435743e+24
Mtt:       3.513439e+24
Mpp:      -2.077697e+24
Mrt:      -6.661200e+23
Mrp:       2.085506e+24
Mtp:       6.656711e+24
