 PDE 2008  4 26 23 34 49.40 -49.0900  164.1200  10.0 5.9 6.1 AUCKLAND ISLANDS, N.Z. REGION
event name:     C200804262334A
time shift:      5.2992
half duration:   2.3000
latitude:      -49.1360
longitude:     164.0401
depth:          12.0883
Mrr:       4.990071e+24
Mtt:       2.904196e+24
Mpp:      -7.894268e+24
Mrt:      -6.800020e+24
Mrp:      -1.100560e+25
Mtp:      -2.469104e+24
