 PDE 2005  6 14 17 10 16.60  51.2300  179.4100  51.1 6.8 0.0 RAT ISLANDS, ALEUTIAN ISLANDS
event name:     C200506141710A
time shift:      1.2495
half duration:   5.9000
latitude:       51.1498
longitude:     179.5203
depth:          18.0030
Mrr:       9.083327e+25
Mtt:      -9.331209e+25
Mpp:       2.478801e+24
Mrt:       1.088271e+26
Mrp:       6.585623e+25
Mtp:      -3.047563e+25
