 PDE 2009 04 06 01 32 39.00   42.3300   13.3300   8.8 5.9 6.3 CENTRAL ITALY
event name:    200904060132A
time shift:           8.5668
half duration:        3.5000
latitude:            42.2675
longitude:           13.3367
depth:                9.9317
Mrr:           -3.570805E+25
Mtt:            1.518077E+25
Mpp:            2.052737E+25
Mrt:           -1.034997E+25
Mrp:           -3.573541E+24
Mtp:           -2.052179E+25
