 PDE 2008  5 27  5 51 12.10 -56.6000  147.4100  10.0 5.8 5.9 WEST OF MACQUARIE ISLAND
event name:     C200805270551A
time shift:      1.3254
half duration:   2.0000
latitude:      -56.6814
longitude:     147.3656
depth:           6.5925
Mrr:      -5.376208e+23
Mtt:       3.405675e+24
Mpp:      -2.868054e+24
Mrt:       1.948410e+24
Mrp:       5.878530e+23
Mtp:      -6.244056e+24
