 PDE 2007  7 31 22 55 31.10  -0.1600  -17.8000  11.0 6.2 6.2 NORTH OF ASCENSION ISLAND
event name:     C200707312255A
time shift:      6.0758
half duration:   3.0000
latitude:        0.0378
longitude:     -17.8618
depth:          19.0051
Mrr:       7.783795e+22
Mtt:       8.880021e+24
Mpp:      -8.957858e+24
Mrt:       2.611723e+24
Mrp:      -5.217561e+24
Mtp:      -2.331701e+25
