 PDE 2007  3  1 23 11 52.10  26.5800  -44.5900  10.0 6.0 5.9 NORTHERN MID-ATLANTIC RIDGE
event name:     C200703012311A
time shift:      1.2095
half duration:   2.4000
latitude:       26.5427
longitude:     -44.5715
depth:           8.3310
Mrr:      -1.216852e+25
Mtt:       1.531953e+23
Mpp:       1.201532e+25
Mrt:       1.126741e+23
Mrp:      -5.732669e+23
Mtp:       2.714150e+24
