 PDE 2008 06 05 02 16 46.90  -38.8400  -91.6200  10.0 5.4 6.0 WEST CHILE RISE
event name:    200806050216A
time shift:           3.1266
half duration:        2.4000
latitude:           -39.0142
longitude:          -91.8434
depth:                6.6527
Mrr:           -8.359514E+23
Mtt:            1.535843E+24
Mpp:           -6.999143E+23
Mrt:           -7.941446E+23
Mrp:           -5.222236E+24
Mtp:           -1.351176E+25
