 PDE 2006 06 22 10 53 11.60   45.4200  149.3400  95.0 6.1 6.0 KURIL ISLANDS
event name:   C200606221053A
time shift:           2.4081
half duration:        2.3000
latitude:            45.3744
longitude:          149.5263
depth:              102.1577
Mrr:           -2.347451E+24
Mtt:            4.384068E+24
Mpp:           -2.036617E+24
Mrt:            9.507853E+24
Mrp:            4.542463E+24
Mtp:           -3.482406E+23
