 PDE 2006  3 31  1 17  1.00  33.5000   48.7800   7.0 6.1 6.0 WESTERN IRAN
event name:     C200603310117A
time shift:      8.3389
half duration:   2.9000
latitude:       33.7387
longitude:      48.7316
depth:          13.6412
Mrr:      -2.420853e+24
Mtt:      -1.235001e+25
Mpp:       1.477086e+25
Mrt:       2.735466e+24
Mrp:       1.622729e+24
Mtp:      -1.949409e+24
