 PDE 2009 01 18 14 11 48.90  -30.2000 -177.9500  33.0 6.0 6.4 KERMADEC ISLANDS, NEW ZEALAND
event name:   C200901181411A
time shift:           6.9211
half duration:        3.8000
latitude:           -30.0504
longitude:         -177.6025
depth:               47.0532
Mrr:            5.092039E+25
Mtt:           -1.795741E+24
Mpp:           -4.912467E+25
Mrt:            5.872319E+24
Mrp:            2.122701E+25
Mtp:           -1.284232E+25
