 PDE 2009  1  1  6 27 51.20 -34.8400 -107.6500  10.0 5.8 5.8 SOUTHERN EAST PACIFIC RISE
event name:     C200901010627A
time shift:      1.6426
half duration:   2.0000
latitude:      -35.0728
longitude:    -107.8120
depth:          13.2369
Mrr:      -2.055302e+23
Mtt:      -2.560172e+24
Mpp:       2.765702e+24
Mrt:      -7.430891e+23
Mrp:      -1.465741e+24
Mtp:      -6.766090e+24
