 PDE 2008 05 20 13 53 35.60   51.1600  178.7600  27.0 5.8 6.3 RAT ISLANDS, ALEUTIAN ISLANDS
event name:    200805201353A
time shift:           4.8799
half duration:        3.4000
latitude:            51.1062
longitude:          178.5380
depth:               17.0213
Mrr:            1.808680E+25
Mtt:           -2.040510E+25
Mpp:            2.318228E+24
Mrt:            2.059735E+25
Mrp:            1.064614E+25
Mtp:           -4.303096E+24
