 PDE 2009 10 13 11 38 05.30    2.9300  128.2300  32.0 5.8 6.0 HALMAHERA, INDONESIA
event name:    200910131138A
time shift:           4.4533
half duration:        2.5000
latitude:             3.0828
longitude:          128.0536
depth:               37.2050
Mrr:           -2.851708E+24
Mtt:           -3.445594E+24
Mpp:            6.297305E+24
Mrt:            9.145147E+24
Mrp:           -1.540713E+24
Mtp:           -8.643300E+24
