 PDE 2008 12 06 10 55 27.10   -7.4000  124.7400 405.4 6.1 6.4 BANDA SEA
event name:   C200812061055A
time shift:           4.6011
half duration:        3.9000
latitude:            -7.4368
longitude:          124.8381
depth:              403.7783
Mrr:           -5.994532E+25
Mtt:            4.113164E+25
Mpp:            1.881368E+25
Mrt:           -1.099405E+25
Mrp:            4.479080E+25
Mtp:            3.814998E+24
