 PDE 2009 10 31 19 09 51.60  -11.3800  166.3800 133.9 5.9 5.9 SANTA CRUZ ISLANDS
event name:   C200910311909A
time shift:           2.6707
half duration:        2.2000
latitude:           -11.3923
longitude:          166.2953
depth:              133.6487
Mrr:            1.021347E+25
Mtt:           -2.585239E+24
Mpp:           -7.628235E+24
Mrt:           -1.404985E+24
Mrp:           -1.292547E+23
Mtp:           -3.268740E+24
