 PDE 2007  4 12 18 24 49.00 -61.8300  160.9600  10.0 6.0 6.0 BALLENY ISLANDS REGION
event name:     C200704121824A
time shift:      3.1435
half duration:   2.4000
latitude:      -61.7169
longitude:     161.1909
depth:           9.3596
Mrr:       4.286587e+23
Mtt:       1.249001e+25
Mpp:      -1.291866e+25
Mrt:      -1.903659e+24
Mrp:       1.811355e+24
Mtp:      -2.111529e+24
