 PDE 2007 12 16  8  9 17.90 -22.9500  -70.1800  45.0 6.7 6.7 NEAR COAST OF NORTHERN CHILE
event name:     200712160809A
time shift:      2.4741
half duration:   5.5000
latitude:      -23.0221
longitude:     -70.4422
depth:          32.1405
Mrr:       1.180772e+25
Mtt:      -2.161768e+24
Mpp:      -9.645951e+24
Mrt:      -3.768763e+24
Mrp:       1.281836e+26
Mtp:      -1.285039e+25
