 PDE 2007 10 15 12 29 36.00 -44.7800  167.5800  25.7 6.8 6.8 SOUTH ISLAND, NEW ZEALAND
event name:     C200710151229A
time shift:      7.9062
half duration:   6.1000
latitude:      -44.7063
longitude:     167.2413
depth:          19.1601
Mrr:       1.394947e+26
Mtt:      -1.665919e+25
Mpp:      -1.228355e+26
Mrt:       7.115167e+24
Mrp:      -1.466608e+26
Mtp:      -9.346963e+25
