 PDE 2008 09 10 13 08 14.90    8.0900  -38.7200  10.0 6.3 6.6 CENTRAL MID-ATLANTIC RIDGE
event name:    200809101308A
time shift:           5.4299
half duration:        4.9000
latitude:             8.1869
longitude:          -38.5325
depth:                9.8937
Mrr:           -8.801948E+23
Mtt:           -1.057003E+25
Mpp:            1.145022E+25
Mrt:            3.156201E+24
Mrp:            4.351037E+25
Mtp:           -1.158149E+26
