 PDE 2008  3  3 13 49 40.40  19.9100  121.3300  10.0 6.0 6.0 PHILIPPINE ISLANDS REGION
event name:     C200803031349A
time shift:      3.3430
half duration:   2.4000
latitude:       19.9670
longitude:     121.2156
depth:          22.7061
Mrr:       7.519999e+24
Mtt:       4.165253e+23
Mpp:      -7.936525e+24
Mrt:      -2.191767e+24
Mrp:      -4.823114e+24
Mtp:      -1.789778e+24
