 PDE 2009 06 02 02 17 03.50  -17.7600  167.9500  15.0 5.7 6.3 VANUATU ISLANDS
event name:    200906020217A
time shift:           6.5730
half duration:        3.6000
latitude:           -17.7312
longitude:          167.6538
depth:               18.6185
Mrr:            3.158870E+25
Mtt:            6.839082E+23
Mpp:           -3.227258E+25
Mrt:            1.121552E+25
Mrp:           -3.583218E+25
Mtp:            2.785715E+24
