 PDE 2008  7 25  0 29 23.00  51.2800  178.9800  21.0 5.9 5.9 RAT ISLANDS, ALEUTIAN ISLANDS
event name:     C200807250029A
time shift:      3.3793
half duration:   2.1000
latitude:       51.1134
longitude:     178.9629
depth:          22.9685
Mrr:       5.477932e+24
Mtt:      -5.734195e+24
Mpp:       2.562632e+23
Mrt:       4.318174e+24
Mrp:       2.322270e+24
Mtp:      -1.304343e+24
