 PDE 2009 10 07 21 41 13.30    4.0800  122.3700 574.0 6.3 6.8 CELEBES SEA
event name:   C200910072141A
time shift:           6.1102
half duration:        5.9000
latitude:             4.1123
longitude:          122.5115
depth:              577.9379
Mrr:           -6.772462E+25
Mtt:            9.947704E+24
Mpp:            5.777692E+25
Mrt:           -6.877504E+25
Mrp:           -1.721229E+26
Mtp:            7.494217E+24
