 PDE 2009 10 24 14 40 43.70   -6.1300  130.3800 130.0 6.7 6.9 BANDA SEA
event name:   C200910241440A
time shift:           9.2888
half duration:        7.0000
latitude:            -6.0968
longitude:          130.5696
depth:              152.9793
Mrr:            6.078457E+25
Mtt:           -2.496463E+26
Mpp:            1.888620E+26
Mrt:            1.365013E+26
Mrp:            2.565746E+26
Mtp:            7.636061E+25
