 PDE 2008  8 28 12 37 34.80  50.1700 -129.6300  10.0 5.9 5.9 VANCOUVER ISLAND, CANADA REGION
event name:     C200808281237A
time shift:     -1.0608
half duration:   2.2000
latitude:       49.7775
longitude:    -130.1460
depth:          10.3637
Mrr:       9.704141e+22
Mtt:      -7.173414e+24
Mpp:       7.076373e+24
Mrt:       5.758472e+23
Mrp:       8.622871e+23
Mtp:      -6.136213e+23
