 PDE 2007 05 30 20 22 12.70   52.1400  157.2900 116.0 6.4 6.4 KAMCHATKA PENINSULA, RUSSIA
event name:   C200705302022A
time shift:           4.1904
half duration:        4.0000
latitude:            52.0100
longitude:          157.7764
depth:              120.6920
Mrr:           -1.436501E+24
Mtt:           -4.702439E+24
Mpp:            6.138940E+24
Mrt:           -1.852916E+25
Mrp:           -5.183625E+25
Mtp:           -9.652962E+24
