 PDE 2008 12 17 21 57 44.80  39.2100   15.4400 257.0 5.5 5.3 SOUTHERN ITALY - INV
event name:     C200812172157A
time shift:      2.1900
half duration:   1.0000
latitude:       39.2126
longitude:      15.5011
depth:         265.0142
Mrr:      -0.608531E+24
Mtt:      -0.308390E+23
Mpp:       0.639371E+24
Mrt:      -0.199462E+24
Mrp:      -0.612405E+24
Mtp:      -0.138208E+24
