 PDE 2005 10 25 19 40 43.00   -7.1500  145.9800 175.4 5.8 0.0 NEAR S COAST OF NEW GUINEA, PNG.
event name:   C200510251940A
time shift:           1.5636
half duration:        2.0000
latitude:            -7.2101
longitude:          146.1693
depth:              176.8067
Mrr:            6.187138E+24
Mtt:           -6.749762E+23
Mpp:           -5.512161E+24
Mrt:            8.252988E+23
Mrp:            5.449540E+24
Mtp:            1.763093E+24
