 PDE 2005 10  5 10  7 22.40 -20.5300 -174.2800  15.0 6.0 5.7 TONGA ISLANDS
event name:     C200510051007A
time shift:      4.7689
half duration:   2.4000
latitude:      -20.6323
longitude:    -173.7144
depth:          23.4715
Mrr:       8.691548e+24
Mtt:      -5.076671e+23
Mpp:      -8.183880e+24
Mrt:       3.250341e+24
Mrp:       5.316918e+24
Mtp:       3.750493e+24
