 PDE 2007 09 25 05 16 01.10  -30.9700  180.0000 416.7 5.2 6.2 KERMADEC ISLANDS REGION
event name:   C200709250515A
time shift:           2.8033
half duration:        3.0000
latitude:           -30.6866
longitude:         -179.8477
depth:              418.8092
Mrr:           -7.085718E+24
Mtt:           -1.539486E+25
Mpp:            2.248058E+25
Mrt:           -1.289681E+25
Mrp:           -1.064489E+25
Mtp:           -8.489981E+23
