 PDE 2007 09 03 16 14 53.60   45.8400  150.0600  94.0 6.3 6.2 KURIL ISLANDS
event name:   C200709031614A
time shift:           1.7542
half duration:        3.0000
latitude:            45.7697
longitude:          150.3245
depth:               97.0424
Mrr:            8.085493E+24
Mtt:            1.661788E+25
Mpp:           -2.470338E+25
Mrt:            1.187602E+25
Mrp:           -3.753152E+24
Mtp:           -4.210885E+24
