 PDE 2009 08 09 10 55 55.60   33.1700  137.9400 297.0 6.5 7.1 NEAR S. COAST OF HONSHU, JAPAN
event name:   C200908091055A
time shift:           4.0053
half duration:        8.3000
latitude:            33.0623
longitude:          138.1878
depth:              297.9700
Mrr:            3.095501E+25
Mtt:            1.631644E+25
Mpp:           -4.727144E+25
Mrt:           -9.266791E+25
Mrp:           -5.370785E+26
Mtp:           -1.879882E+26
