 PDE 2007  2 12 10 35 21.20  35.8000  -10.3300  10.0 6.2 6.0 AZORES-CAPE ST. VINCENT - INV
event name:     C200702121035A
time shift:      6.4100
half duration:   2.4000
latitude:       35.8866
longitude:     -10.3665
depth:          41.5106
Mrr:       0.698737E+25
Mtt:      -0.110555E+26
Mpp:       0.406815E+25
Mrt:      -0.338009E+25
Mrp:      -0.578512E+25
Mtp:      -0.227588E+24
