 PDE 2007  6 28  2 52  9.60  -7.9700  154.6300  10.0 6.7 6.7 SOLOMON ISLANDS
event name:     200706280252A
time shift:      4.8663
half duration:   5.3000
latitude:       -7.9532
longitude:     154.6760
depth:          17.2319
Mrr:       4.910128e+23
Mtt:       1.158402e+26
Mpp:      -1.163313e+26
Mrt:       5.670181e+25
Mrp:      -4.027993e+25
Mtp:       1.642309e+25
