 PDE 2006  1 10  1  9 34.20  37.0600  -14.1300  10.0 5.4 5.2 AZORES-CAPE ST. VINCENT - INV
event name:     C200601100109A
time shift:      2.9800
half duration:   1.4000
latitude:       37.1507
longitude:     -14.2968
depth:          16.0280
Mrr:      -0.376881E+24
Mtt:      -0.194043E+25
Mpp:       0.231730E+25
Mrt:      -0.913582E+24
Mrp:      -0.544304E+24
Mtp:      -0.224181E+25
