 PDE 2008  1  7  3 12 26.80  -0.8000  134.0100  12.0 5.9 5.9 IRIAN JAYA REGION, INDONESIA
event name:     C200801070312A
time shift:      1.9289
half duration:   2.1000
latitude:       -0.7920
longitude:     134.0293
depth:          10.0813
Mrr:       7.260934e+24
Mtt:      -6.078158e+24
Mpp:      -1.182776e+24
Mrt:      -1.488445e+24
Mrp:       1.337908e+24
Mtp:       3.198921e+24
