 PDE 2009  2 21 16 53 54.30  55.4500  -35.0700  10.0 5.1 0.0 REYKJANES RIDGE - INV
event name:     C200902211653B
time shift:      2.7700
half duration:   1.2000
latitude:       55.4974
longitude:     -34.9897
depth:           6.9849
Mrr:      -0.144333E+25
Mtt:       0.124508E+24
Mpp:       0.131881E+25
Mrt:       0.195075E+24
Mrp:       0.592540E+24
Mtp:       0.405381E+24
