 PDE 2006 11 30 21 20 11.60 -53.8400 -134.3600  10.0 6.2 6.2 PACIFIC-ANTARCTIC RIDGE
event name:     C200611302120A
time shift:      4.2456
half duration:   3.2000
latitude:      -54.0135
longitude:    -133.9549
depth:          10.3702
Mrr:      -8.772454e+23
Mtt:       1.607661e+25
Mpp:      -1.519937e+25
Mrt:       4.984808e+24
Mrp:       1.387569e+25
Mtp:       2.020667e+25
