 PDE 2009 05 03 16 21 47.00   14.5700  -91.1700 123.8 5.6 6.2 GUATEMALA
event name:    200905031621A
time shift:           1.7756
half duration:        3.3000
latitude:            14.5225
longitude:          -91.6433
depth:              117.5567
Mrr:           -9.442688E+24
Mtt:            1.140610E+25
Mpp:           -1.963437E+24
Mrt:            1.903232E+25
Mrp:           -2.307368E+25
Mtp:           -5.534243E+24
