 PDE 2008 05 02 01 33 37.20   51.8600 -177.5300  14.0 6.3 6.8 ANDREANOF ISLANDS, ALEUTIAN IS.
event name:    200805020133A
time shift:           3.1992
half duration:        4.8000
latitude:            51.9438
longitude:         -177.5162
depth:                9.5603
Mrr:           -2.119304E+23
Mtt:            3.538890E+25
Mpp:           -3.517693E+25
Mrt:            6.914434E+24
Mrp:           -3.688266E+25
Mtp:           -8.739650E+25
