 PDE 2006  5 28 13 23 29.30  74.0800   13.5600  10.0 5.1 4.1 NORWEGIAN SEA - INV
event name:     C200605281323A
time shift:      0.5200
half duration:   0.8000
latitude:       74.0382
longitude:      13.5872
depth:          10.8474
Mrr:       0.273585E+24
Mtt:       0.274046E+23
Mpp:      -0.300990E+24
Mrt:       0.866594E+23
Mrp:       0.206907E+23
Mtp:       0.102519E+23
