 PDE 2006 09 09 04 13 12.00   -7.2100  120.1100 571.7 6.0 6.3 FLORES SEA
event name:   C200609090413A
time shift:           5.1506
half duration:        3.4000
latitude:            -7.2292
longitude:          120.2643
depth:              579.8900
Mrr:           -2.638442E+25
Mtt:            2.547309E+25
Mpp:            9.113336E+23
Mrt:           -2.535899E+25
Mrp:           -1.047856E+25
Mtp:           -4.951730E+24
