 PDE 2007 05 13 11 26 42.90  -19.5100 -179.3300 668.6 5.3 5.8 FIJI ISLANDS REGION
event name:   C200705131126A
time shift:           3.0254
half duration:        2.0000
latitude:           -19.5746
longitude:         -179.0247
depth:              690.7813
Mrr:            5.570154E+24
Mtt:           -2.712539E+24
Mpp:           -2.857614E+24
Mrt:            1.346485E+24
Mrp:           -2.143538E+24
Mtp:           -3.431331E+24
