 PDE 2005 06 07 04 22 00.80  -29.5200 -179.1200 318.3 5.4 0.0 KERMADEC ISLANDS REGION
event name:   C200506070422A
time shift:           3.2491
half duration:        1.8000
latitude:           -29.1926
longitude:         -178.9029
depth:              321.1923
Mrr:           -2.428687E+24
Mtt:           -2.714557E+24
Mpp:            5.143245E+24
Mrt:           -2.919063E+24
Mrp:            8.793491E+23
Mtp:            2.678336E+24
