 PDE 2009 04 26 00 06 53.20  -30.3000 -178.5800 131.7 5.5 6.1 KERMADEC ISLANDS, NEW ZEALAND
event name:   C200904260006A
time shift:           4.5123
half duration:        2.7000
latitude:           -30.1904
longitude:         -178.2366
depth:              149.9334
Mrr:            9.722473E+23
Mtt:           -2.029420E+24
Mpp:            1.057174E+24
Mrt:            4.898437E+24
Mrp:            1.746382E+25
Mtp:           -2.782109E+24
