 PDE 2005 02 07 20 02 17.70   -4.5300  153.1900  36.5 5.7 5.8 NEW IRELAND REGION, P.N.G.
event name:   C200502072002A
time shift:           6.0974
half duration:        2.6000
latitude:            -4.5340
longitude:          153.1906
depth:               53.1333
Mrr:            5.653991E+23
Mtt:            2.003496E+23
Mpp:           -7.657485E+23
Mrt:           -6.086461E+24
Mrp:           -1.368097E+25
Mtp:           -1.192259E+25
