 PDE 2007 11 20 12 52 59.00   -6.9100  155.6700  52.6 5.8 6.0 SOLOMON ISLANDS
event name:   C200711201252A
time shift:           2.8709
half duration:        2.5000
latitude:            -7.0527
longitude:          155.7511
depth:               54.3625
Mrr:            1.208549E+25
Mtt:           -1.334954E+25
Mpp:            1.264053E+24
Mrt:           -9.811059E+23
Mrp:            3.462297E+24
Mtp:            1.059548E+24
