 PDE 2008 03 03 09 31 02.50   46.4100  153.1800  10.0 6.2 6.5 KURIL ISLANDS
event name:    200803030931A
time shift:           6.8169
half duration:        4.2000
latitude:            46.2671
longitude:          153.3516
depth:               11.4946
Mrr:            5.317095E+25
Mtt:           -2.070063E+25
Mpp:           -3.247045E+25
Mrt:            2.501894E+25
Mrp:            4.415580E+25
Mtp:           -3.539241E+25
