 PDE 2006  5  7 14 17 35.20 -36.8100   78.5400  10.0 6.1 6.1 MID-INDIAN RIDGE
event name:     C200605071417A
time shift:      5.4172
half duration:   2.7000
latitude:      -36.8308
longitude:      78.3789
depth:           9.9802
Mrr:      -4.965512e+23
Mtt:      -1.766081e+25
Mpp:       1.815736e+25
Mrt:      -1.400557e+24
Mrp:       5.177927e+24
Mtp:       8.667473e+23
