 PDE 2008 11 19 20 38 58.80 -22.1700 -179.7200 595.6 5.8 5.8 SOUTH OF FIJI ISLANDS
event name:     C200811192038A
time shift:      1.4051
half duration:   2.0000
latitude:      -22.2043
longitude:    -179.3007
depth:         600.7260
Mrr:       3.114020e+24
Mtt:      -8.479380e+23
Mpp:      -2.266082e+24
Mrt:      -1.475992e+24
Mrp:      -4.495907e+24
Mtp:      -2.087677e+24
