 PDE 2008 04 28 18 33 34.20  -19.9400  168.9500  32.0 6.2 6.4 VANUATU ISLANDS
event name:    200804281833A
time shift:           5.7744
half duration:        3.8000
latitude:           -19.9413
longitude:          168.7843
depth:               43.7612
Mrr:            5.089605E+25
Mtt:           -8.184794E+24
Mpp:           -4.271132E+25
Mrt:            5.226948E+24
Mrp:           -1.757724E+24
Mtp:            1.913364E+25
