 PDE 2005 12 11 14 20 43.80  -6.5700  152.2000  10.0 6.6 6.2 NEW BRITAIN REGION, P.N.G.
event name:     200512111420A
time shift:      8.6602
half duration:   4.8000
latitude:       -6.7300
longitude:     152.3396
depth:          10.2382
Mrr:      -1.322184e+26
Mtt:       1.131897e+26
Mpp:       1.902871e+25
Mrt:       8.958689e+24
Mrp:      -1.920587e+25
Mtp:       1.816440e+25
