 PDE 2007 10  4 12 40 31.10   2.5400   92.9000  35.0 6.2 6.2 OFF W COAST OF NORTHERN SUMATRA
event name:     C200710041240A
time shift:     -2.3378
half duration:   3.2000
latitude:        2.4652
longitude:      92.8350
depth:           9.2833
Mrr:      -2.396982e+24
Mtt:      -1.204825e+25
Mpp:       1.444524e+25
Mrt:      -8.717630e+24
Mrp:      -1.065094e+25
Mtp:      -2.020009e+25
