 PDE 2008 11 04 18 35 45.30  -17.1400  168.4600 205.7 5.7 6.3 VANUATU ISLANDS
event name:   C200811041835A
time shift:           5.9921
half duration:        3.6000
latitude:           -17.0391
longitude:          168.3137
depth:              227.8418
Mrr:            1.717172E+25
Mtt:           -3.677563E+25
Mpp:            1.960393E+25
Mrt:            2.448726E+24
Mrp:           -1.422562E+25
Mtp:           -2.213219E+25
