 PDE 2005  8  9 14 12 21.20 -21.1000  173.8700  35.0 6.1 5.9 VANUATU ISLANDS REGION
event name:     C200508091412A
time shift:      0.4151
half duration:   2.6000
latitude:      -21.0764
longitude:     173.9258
depth:           9.7927
Mrr:      -4.661666e+23
Mtt:      -9.670995e+24
Mpp:       1.013716e+25
Mrt:       1.416686e+23
Mrp:       2.221640e+24
Mtp:      -1.109686e+25
