 PDE 2008 11 28 13 42 18.70  40.3500 -126.9800  10.0 5.9 5.9 OFF COAST OF NORTHERN CALIFORNIA
event name:     C200811281342A
time shift:      3.7230
half duration:   2.3000
latitude:       40.3560
longitude:    -127.0342
depth:          16.2661
Mrr:      -1.034298e+24
Mtt:       4.539474e+23
Mpp:       5.803513e+23
Mrt:      -1.234533e+24
Mrp:       1.347047e+24
Mtp:      -9.186616e+24
