 PDE 2007  1  8 12 48 40.50   8.0800   92.4400  11.0 6.1 6.2 NICOBAR ISLANDS, INDIA REGION
event name:     C200701081248A
time shift:      3.5873
half duration:   2.7000
latitude:        8.0328
longitude:      92.3198
depth:           6.9534
Mrr:       1.358015e+25
Mtt:      -2.871457e+24
Mpp:      -1.070870e+25
Mrt:       6.396465e+23
Mrp:      -9.097191e+24
Mtp:       5.872051e+24
