 PDE 2007 04 04 00 39 44.00   -7.1400  156.0500  10.0 5.9 6.0 SOLOMON ISLANDS
event name:   C200704040039A
time shift:           7.9157
half duration:        2.3000
latitude:            -7.3038
longitude:          156.0667
depth:               49.3001
Mrr:            1.033525E+25
Mtt:           -6.835562E+24
Mpp:           -3.499697E+24
Mrt:           -1.772118E+24
Mrp:           -3.012726E+23
Mtp:            5.505733E+24
