 PDE 2007  6 26 22 23  3.00 -10.4900  108.1500  10.0 6.0 6.0 SOUTH OF JAVA, INDONESIA
event name:     C200706262223A
time shift:      2.2490
half duration:   2.4000
latitude:      -10.6555
longitude:     108.1466
depth:          14.8620
Mrr:      -9.694906e+24
Mtt:       1.476354e+25
Mpp:      -5.068635e+24
Mrt:       4.813548e+24
Mrp:       1.034598e+24
Mtp:      -4.570789e+24
