 PDE 2007 12 13 15 51 26.00 -15.2100 -172.3700  10.0 6.2 6.1 SAMOA ISLANDS REGION
event name:     C200712131551A
time shift:      6.6003
half duration:   2.9000
latitude:      -15.2496
longitude:    -171.9673
depth:          19.5860
Mrr:      -1.933667e+25
Mtt:       4.996018e+24
Mpp:       1.434065e+25
Mrt:       4.331380e+24
Mrp:       2.379619e+24
Mtp:      -1.357723e+25
