 PDE 2006  4 21 11 14 15.30  61.3500  167.5200  12.0 6.0 6.1 EASTERN SIBERIA, RUSSIA
event name:     C200604211114A
time shift:      1.8800
half duration:   2.5000
latitude:       61.2703
longitude:     167.6452
depth:          13.2433
Mrr:       1.112861e+25
Mtt:      -2.739463e+24
Mpp:      -8.389144e+24
Mrt:      -1.985684e+24
Mrp:      -2.882078e+24
Mtp:      -5.891596e+24
