 PDE 2008 09 06 05 47 39.90   36.4900   70.9300 191.5 5.5 5.8 HINDU KUSH REGION, AFGHANISTAN
event name:   C200809060547A
time shift:           0.9592
half duration:        2.0000
latitude:            36.4946
longitude:           70.7860
depth:              182.7480
Mrr:            4.587554E+24
Mtt:           -4.220795E+24
Mpp:           -3.667588E+23
Mrt:           -5.617956E+24
Mrp:           -2.404459E+24
Mtp:           -8.751976E+23
