 PDE 2005  6 17  6 21 42.30  40.7700 -126.5700  10.0 6.6 6.5 OFF COAST OF NORTHERN CALIFORNIA
event name:     C200506170621A
time shift:      1.7389
half duration:   5.1000
latitude:       40.6417
longitude:    -126.7627
depth:          14.1908
Mrr:      -4.270924e+24
Mtt:      -7.899786e+25
Mpp:       8.326879e+25
Mrt:       9.438859e+24
Mrp:       1.612041e+25
Mtp:      -8.714101e+25
