 PDE 2008 06 30 06 17 44.90  -58.2200  -22.1000  19.0 6.1 7.0 SOUTH SANDWICH ISLANDS REGION
event name:    200806300617A
time shift:           7.2543
half duration:        7.4000
latitude:           -58.3263
longitude:          -21.7627
depth:               20.7282
Mrr:            2.955364E+23
Mtt:           -4.103189E+26
Mpp:            4.100237E+26
Mrt:           -4.977642E+25
Mrp:           -3.892778E+25
Mtp:            1.155536E+26
