 PDE 2006 09 22 02 32 25.60  -26.8700  -63.1500 598.3 6.1 6.0 SANTIAGO DEL ESTERO PROV., ARG.
event name:   C200609220232A
time shift:           1.4456
half duration:        2.3000
latitude:           -26.8521
longitude:          -63.0494
depth:              600.8244
Mrr:           -8.675670E+24
Mtt:           -3.188787E+23
Mpp:            8.994549E+24
Mrt:           -4.810585E+24
Mrp:            5.754228E+24
Mtp:           -1.944682E+24
