 PDE 2005 10  8 10 46 28.80  34.7300   73.1000   8.0 6.4 6.3 PAKISTAN
event name:     C200510081046A
time shift:      4.3780
half duration:   4.0000
latitude:       34.7143
longitude:      73.1304
depth:           7.9011
Mrr:       4.890209e+25
Mtt:      -2.228807e+25
Mpp:      -2.661402e+25
Mrt:       1.719689e+25
Mrp:      -3.088656e+23
Mtp:       1.969217e+25
