 PDE 2008 05 19 10 08 36.30   42.5000  131.8700 513.4 5.4 5.7 E. RUSSIA-N.E. CHINA BORDER REG.
event name:   C200805191008A
time shift:           0.9144
half duration:        1.6000
latitude:            42.5071
longitude:          131.9605
depth:              528.8103
Mrr:            3.603358E+22
Mtt:            1.570840E+24
Mpp:           -1.606873E+24
Mrt:            1.254521E+24
Mrp:           -2.712121E+24
Mtp:            2.839210E+24
