 PDE 2007  9 23  0 54 29.60  35.2700   27.1200  24.0 5.1 5.6 DODECANESE ISLANDS, GREE - INV
event name:     C200709230054A
time shift:      4.1600
half duration:   1.1000
latitude:       35.2214
longitude:      26.9312
depth:          17.5158
Mrr:      -0.386587E+24
Mtt:      -0.317855E+24
Mpp:       0.704442E+24
Mrt:       0.191011E+24
Mrp:      -0.486231E+24
Mtp:       0.391370E+24
