 PDE 2006 04 30 08 17 34.90  -15.1000  167.4400 127.7 5.4 6.1 VANUATU ISLANDS
event name:   C200604300817A
time shift:           2.8688
half duration:        2.7000
latitude:           -15.1306
longitude:          167.2869
depth:              125.5336
Mrr:            1.778641E+25
Mtt:            8.994883E+23
Mpp:           -1.868592E+25
Mrt:           -3.374206E+24
Mrp:           -1.681141E+23
Mtp:           -2.172220E+24
