 PDE 2008 06 04 17 03 07.40   41.5300  139.0500 212.6 5.5 5.7 HOKKAIDO, JAPAN REGION
event name:   C200806041703A
time shift:           0.1172
half duration:        1.7000
latitude:            41.5930
longitude:          139.1382
depth:              202.2066
Mrr:            1.263675E+24
Mtt:           -1.131059E+24
Mpp:           -1.326174E+23
Mrt:           -7.183835E+23
Mrp:           -3.360018E+24
Mtp:           -2.865716E+24
