 PDE 2007  4 16 13 20 38.20 -58.0100  147.9600  10.0 6.4 6.4 WEST OF MACQUARIE ISLAND
event name:     C200704161320A
time shift:      5.2817
half duration:   3.7000
latitude:      -57.8891
longitude:     148.1421
depth:           8.9173
Mrr:      -1.966016e+24
Mtt:       2.425392e+25
Mpp:      -2.228790e+25
Mrt:       1.571117e+24
Mrp:       2.748749e+24
Mtp:      -3.957508e+25
