 PDE 2008 01 10 01 37 18.50   43.7800 -127.2800  10.0 5.6 6.3 OFF COAST OF OREGON
event name:    200801100137A
time shift:           3.7308
half duration:        3.5000
latitude:            43.5166
longitude:         -128.2721
depth:               13.4659
Mrr:            5.575753E+23
Mtt:           -2.883076E+25
Mpp:            2.827310E+25
Mrt:           -1.417114E+24
Mrp:            4.453938E+24
Mtp:           -2.671225E+25
