 PDE 2006 07 07 07 26 12.50  -15.2400 -173.6100  35.0 5.7 6.0 TONGA ISLANDS
event name:   C200607070726A
time shift:           3.6727
half duration:        2.5000
latitude:           -15.2260
longitude:         -173.4396
depth:               47.4100
Mrr:           -1.300974E+24
Mtt:            2.458280E+24
Mpp:           -1.157304E+24
Mrt:           -1.426906E+25
Mrp:            2.443230E+24
Mtp:            8.358587E+23
