 PDE 2009  3 16  7 13 36.10 -55.1400 -129.7000  10.0 5.9 5.9 PACIFIC-ANTARCTIC RIDGE
event name:     C200903160713A
time shift:      3.3636
half duration:   2.1000
latitude:      -55.2280
longitude:    -129.5652
depth:          12.8247
Mrr:      -6.673624e+23
Mtt:       5.067724e+24
Mpp:      -4.400361e+24
Mrt:       4.573565e+23
Mrp:       4.624959e+23
Mtp:       5.347320e+24
