 PDE 2008 12 02 12 31 43.90   19.1100  145.7500 137.1 5.9 5.9 MARIANA ISLANDS
event name:   C200812021231A
time shift:           0.1205
half duration:        2.3000
latitude:            19.1633
longitude:          145.9870
depth:              115.6483
Mrr:           -1.824775E+24
Mtt:            7.007793E+24
Mpp:           -5.183018E+24
Mrt:           -6.147073E+24
Mrp:            4.478933E+24
Mtp:            1.727068E+24
