 PDE 2009 10 13 20 21 53.20   52.6000 -167.1200  14.0 5.9 6.4 FOX ISLANDS, ALEUTIAN ISLANDS
event name:    200910132021A
time shift:           5.1781
half duration:        3.8000
latitude:            52.4477
longitude:         -167.1963
depth:               12.7936
Mrr:            3.614230E+25
Mtt:           -3.290355E+25
Mpp:           -3.238767E+24
Mrt:            5.318229E+25
Mrp:            3.005363E+25
Mtp:           -1.179463E+25
