 PDE 2007  2  9  2 22 55.00  38.3900   39.0400   2.6 5.1 5.4 TURKEY - INV
event name:     C200702090222A
time shift:      8.4800
half duration:   1.3000
latitude:       38.4900
longitude:      39.0200
depth:          20.4717
Mrr:      -0.240466E+24
Mtt:      -0.674689E+24
Mpp:       0.915155E+24
Mrt:       0.402835E+24
Mrp:      -0.605442E+24
Mtp:       0.995148E+24
