 PDE 2005  8  7 11 35 26.10 -14.4500 -177.2900  10.0 5.9 5.9 FIJI ISLANDS REGION
event name:     C200508071135A
time shift:      5.0892
half duration:   2.3000
latitude:      -14.2544
longitude:    -177.1007
depth:           7.1502
Mrr:      -7.809545e+23
Mtt:       2.192536e+24
Mpp:      -1.411581e+24
Mrt:      -8.185442e+23
Mrp:      -8.304345e+23
Mtp:       9.913610e+24
