 PDE 2005  1 21 13 45 14.10  -1.1300  -80.8300  10.0 6.0 5.9 NEAR COAST OF ECUADOR
event name:     C200501211345A
time shift:      1.1915
half duration:   2.4000
latitude:       -1.2256
longitude:     -81.0459
depth:          10.9263
Mrr:       7.003272e+24
Mtt:       1.780389e+23
Mpp:      -7.181311e+24
Mrt:       5.813386e+23
Mrp:      -1.034261e+25
Mtp:      -1.816367e+23
