 PDE 2008 11 23 07 53 45.40  -20.2600 -175.5700 170.1 5.1 0.0 TONGA ISLANDS
event name:   C200811230753A
time shift:           1.8492
half duration:        1.3000
latitude:           -20.2279
longitude:         -175.1208
depth:              181.5070
Mrr:           -1.293684E+24
Mtt:            1.521018E+24
Mpp:           -2.273322E+23
Mrt:            1.165828E+24
Mrp:           -1.005408E+24
Mtp:            6.730855E+23
