 PDE 2005 07 01 09 36 16.40   31.9200  139.0600 206.4 5.2 0.0 SOUTHEAST OF HONSHU, JAPAN
event name:   C200507010936A
time shift:           0.7327
half duration:        1.4000
latitude:            31.9039
longitude:          139.3036
depth:              199.0612
Mrr:           -2.680227E+23
Mtt:           -1.890066E+23
Mpp:            4.570292E+23
Mrt:           -8.103360E+23
Mrp:           -2.251822E+24
Mtp:           -1.237207E+24
