 PDE 2006  5 10  2 42 51.00  52.5100 -169.2600  18.0 6.4 6.4 FOX ISLANDS, ALEUTIAN ISLANDS
event name:     C200605100242A
time shift:      5.1449
half duration:   3.9000
latitude:       52.2304
longitude:    -169.2102
depth:          27.5653
Mrr:       3.809067e+25
Mtt:      -3.335718e+25
Mpp:      -4.733490e+24
Mrt:       3.293764e+25
Mrp:       1.322348e+25
Mtp:      -1.424157e+25
