 PDE 2008 07 23 15 26 20.00   39.8000  141.4600 108.0 6.6 6.8 EASTERN HONSHU, JAPAN
event name:   C200807231526A
time shift:           3.4116
half duration:        6.1000
latitude:            39.7254
longitude:          141.5117
depth:               95.9648
Mrr:           -1.423209E+26
Mtt:            5.008813E+25
Mpp:            9.223278E+25
Mrt:           -1.595272E+25
Mrp:            1.659108E+26
Mtp:            1.409253E+25
