 PDE 2008 10 16 19 41 25.70   14.4200  -92.3600  24.0 6.1 6.7 NEAR COAST OF CHIAPAS, MEXICO
event name:    200810161941A
time shift:           5.4091
half duration:        5.2000
latitude:            14.2706
longitude:          -92.9033
depth:               29.8199
Mrr:            9.431350E+25
Mtt:           -7.152558E+25
Mpp:           -2.278805E+25
Mrt:            4.767146E+25
Mrp:           -4.490228E+25
Mtp:            4.228992E+25
