 PDE 2007 11 10  1 13 29.40 -51.7800  161.3200  10.0 6.6 6.5 NORTH OF MACQUARIE ISLAND
event name:     C200711100113A
time shift:     14.2992
half duration:   4.7000
latitude:      -51.3691
longitude:     161.2319
depth:          25.3157
Mrr:       1.180611e+25
Mtt:       7.835494e+25
Mpp:      -9.016106e+25
Mrt:      -2.363823e+25
Mrp:       5.368034e+24
Mtp:       2.324825e+25
