 PDE 2008  9 11  0 20 50.90  41.8900  143.7500  25.0 6.8 7.0 HOKKAIDO, JAPAN REGION
event name:     200809110020A
time shift:      5.9206
half duration:   6.5000
latitude:       41.9311
longitude:     144.0242
depth:          18.9610
Mrr:       9.082874e+25
Mtt:      -3.793874e+25
Mpp:      -5.289000e+25
Mrt:       7.656318e+25
Mrp:       1.673673e+26
Mtp:      -5.564994e+25
