 PDE 2008 11 14  2  5  9.90 -53.7900    8.7300  12.0 5.9 5.9 BOUVET ISLAND REGION
event name:     C200811140205A
time shift:      2.1028
half duration:   2.1000
latitude:      -53.7786
longitude:       9.0853
depth:          12.8206
Mrr:      -1.135254e+24
Mtt:       1.039578e+25
Mpp:      -9.260527e+24
Mrt:      -5.683516e+23
Mrp:      -5.941423e+22
Mtp:       2.723157e+24
