 PDE 2005 12  5 12 19 56.60  -6.2200   29.8300  22.0 6.8 7.2 LAKE TANGANYIKA REGION
event name:     C200512051219A
time shift:      6.2930
half duration:   6.0000
latitude:       -6.2221
longitude:      29.6019
depth:          14.6271
Mrr:      -1.467049e+26
Mtt:      -1.943215e+25
Mpp:       1.661371e+26
Mrt:      -7.255225e+25
Mrp:      -1.164720e+25
Mtp:      -2.739934e+25
