 PDE 2008 06 13 23 43 45.40   39.0300  140.8800   7.8 6.5 7.0 EASTERN HONSHU, JAPAN
event name:    200806132343A
time shift:           6.7434
half duration:        6.7000
latitude:            39.0161
longitude:          140.8563
depth:                1.5805
Mrr:            2.482257E+26
Mtt:           -2.944415E+25
Mpp:           -2.187809E+26
Mrt:           -2.282491E+25
Mrp:           -2.862053E+25
Mtp:           -8.106472E+25
