 PDE 2007  5  4 12  6 52.20  -1.4100  -14.9100  10.0 6.2 6.2 NORTH OF ASCENSION ISLAND
event name:     C200705041206A
time shift:      5.3804
half duration:   3.1000
latitude:       -1.1225
longitude:     -14.9238
depth:          11.2956
Mrr:      -1.231389e+24
Mtt:       1.104045e+25
Mpp:      -9.809062e+24
Mrt:       5.854069e+23
Mrp:       1.016240e+25
Mtp:      -2.622541e+25
