 PDE 2009 04 21 05 26 11.50   50.8300  155.0100 152.0 6.0 6.2 KURIL ISLANDS
event name:   C200904210526A
time shift:           2.0169
half duration:        3.0000
latitude:            50.6390
longitude:          155.5849
depth:              151.2023
Mrr:            2.135357E+22
Mtt:           -5.280050E+24
Mpp:            5.258698E+24
Mrt:           -1.180950E+25
Mrp:           -2.009516E+25
Mtp:           -5.885983E+24
