 PDE 2007  7 17 14 10 42.50  -2.7300   36.3600   8.0 5.9 5.9 TANZANIA
event name:     C200707171410A
time shift:      2.4105
half duration:   2.1000
latitude:       -2.7145
longitude:      35.9321
depth:           7.4580
Mrr:      -7.513909e+24
Mtt:       5.136293e+24
Mpp:       2.377615e+24
Mrt:      -1.632581e+24
Mrp:      -4.754661e+23
Mtp:       3.125794e+24
