 PDE 2005  6 15 19 52 24.80 -44.8700  -80.5600  10.0 6.5 5.9 OFF COAST OF SOUTHERN CHILE
event name:     C200506151952A
time shift:      9.6909
half duration:   4.1000
latitude:      -44.9091
longitude:     -80.6731
depth:          14.8133
Mrr:      -4.711663e+24
Mtt:       2.451853e+25
Mpp:      -1.980686e+25
Mrt:       3.656002e+24
Mrp:       2.521398e+24
Mtp:      -6.489454e+25
