 PDE 2007 11 25 02 51 57.20   -2.8100  101.1600  55.9 5.9 5.9 SOUTHERN SUMATRA, INDONESIA
event name:   C200711250251A
time shift:           0.8378
half duration:        2.1000
latitude:            -3.0854
longitude:          100.8179
depth:               48.7065
Mrr:            6.954283E+24
Mtt:           -3.920544E+24
Mpp:           -3.033740E+24
Mrt:            4.340976E+24
Mrp:           -2.655677E+24
Mtp:            4.348290E+24
