 PDE 2008 10 11  9  6 10.80  43.3700   46.2500  16.0 5.8 5.8 EASTERN CAUCASUS
event name:     C200810110906A
time shift:      2.5602
half duration:   2.0000
latitude:       43.3988
longitude:      46.1953
depth:          13.6823
Mrr:       4.141935e+24
Mtt:      -4.515315e+24
Mpp:       3.733797e+23
Mrt:      -7.883582e+23
Mrp:       1.005769e+24
Mtp:       2.653565e+23
