 PDE 2009  9  6 21 49 42.20  41.4800   20.3900   3.0 5.3 5.5 ALBANIA - INV
event name:     C200909062149A
time shift:      3.3200
half duration:   1.3000
latitude:       41.3641
longitude:      20.3540
depth:           8.4978
Mrr:      -0.183201E+25
Mtt:       0.210348E+24
Mpp:       0.162166E+25
Mrt:      -0.840400E+24
Mrp:      -0.517444E+24
Mtp:       0.302081E+24
