 PDE 2005  5 21  5 11 35.40  -3.2900  -80.9900  39.5 6.3 5.9 PERU-ECUADOR BORDER REGION
event name:     C200505210511A
time shift:     -1.4020
half duration:   3.7000
latitude:       -3.3534
longitude:     -81.1367
depth:          20.9932
Mrr:       1.288586e+25
Mtt:       1.455862e+25
Mpp:      -2.744448e+25
Mrt:      -1.249565e+25
Mrp:      -8.953395e+24
Mtp:       3.461669e+25
