 PDE 2006  9  1 10 18 51.60  -6.7600  155.5100  38.0 6.7 6.8 SOLOMON ISLANDS
event name:     200609011018A
time shift:      6.4607
half duration:   5.7000
latitude:       -6.9998
longitude:     155.3823
depth:          42.7860
Mrr:       1.582344e+26
Mtt:      -9.703817e+25
Mpp:      -6.119617e+25
Mrt:       5.390282e+24
Mrp:      -2.794027e+25
Mtp:       8.357309e+25
