 PDE 2009  5 18 14  1  4.90 -15.6600  -74.8400  22.7 5.8 5.8 NEAR COAST OF PERU
event name:     C200905181401A
time shift:      1.7957
half duration:   1.9000
latitude:      -15.8047
longitude:     -75.2758
depth:          12.4506
Mrr:       3.251100e+24
Mtt:      -6.205524e+23
Mpp:      -2.630547e+24
Mrt:       1.638878e+24
Mrp:      -5.254897e+24
Mtp:       1.738341e+24
