 PDE 2005  5 14  5  5 18.50   0.5900   98.4600  34.0 6.7 6.8 NORTHERN SUMATRA, INDONESIA
event name:     200505140505A
time shift:      5.2512
half duration:   5.6000
latitude:        0.4301
longitude:      98.2250
depth:          36.8419
Mrr:       9.533734e+25
Mtt:      -2.356862e+25
Mpp:      -7.176870e+25
Mrt:       5.365191e+25
Mrp:      -9.104078e+25
Mtp:       4.753219e+25
