 PDE 2007  4  6  5 54 20.40 -55.3700 -123.6400  10.0 5.9 5.9 SOUTHERN EAST PACIFIC RISE
event name:     C200704060554A
time shift:      3.5785
half duration:   2.2000
latitude:      -55.6125
longitude:    -123.8672
depth:           8.9794
Mrr:      -1.026064e+25
Mtt:       1.103788e+25
Mpp:      -7.772370e+23
Mrt:       1.052998e+24
Mrp:      -1.815419e+24
Mtp:       9.180047e+23
