 PDE 2008 02 01 12 10 06.40  -21.5000 -179.3500 604.2 5.6 6.0 FIJI ISLANDS REGION
event name:   C200802011210A
time shift:           3.4693
half duration:        2.4000
latitude:           -21.5214
longitude:         -179.2676
depth:              627.2434
Mrr:            2.074699E+23
Mtt:           -9.691530E+23
Mpp:            7.616833E+23
Mrt:           -1.028873E+25
Mrp:           -7.630108E+24
Mtp:            9.366146E+22
