 PDE 2007 01 23 17 16 20.90  -13.1000  167.0500 188.1 5.9 5.9 VANUATU ISLANDS
event name:   C200701231716A
time shift:           2.8077
half duration:        2.1000
latitude:           -13.0908
longitude:          166.8528
depth:              189.0827
Mrr:            6.008378E+24
Mtt:            9.097051E+23
Mpp:           -6.918084E+24
Mrt:           -4.231038E+24
Mrp:           -1.007599E+24
Mtp:            3.472266E+24
