 PDE 2006  9 10 14 56  8.20  26.3200  -86.6100  14.0 5.9 5.8 GULF OF MEXICO
event name:     C200609101456A
time shift:      3.5182
half duration:   2.1000
latitude:       26.3371
longitude:     -86.8414
depth:          28.0924
Mrr:       5.501883e+24
Mtt:      -3.563342e+24
Mpp:      -1.938541e+24
Mrt:       4.778797e+24
Mrp:      -1.706113e+24
Mtp:       3.129314e+24
