 PDE 2007 01 31 03 15 52.30  -29.7800 -178.0000  34.0 6.1 6.5 KERMADEC ISLANDS, NEW ZEALAND
event name:   C200701310315A
time shift:           8.9949
half duration:        4.3000
latitude:           -29.5288
longitude:         -177.4290
depth:               49.8731
Mrr:            7.889787E+25
Mtt:           -3.226205E+24
Mpp:           -7.567169E+25
Mrt:            9.360967E+24
Mrp:            3.367807E+25
Mtp:           -1.989434E+25
