 PDE 2006 11 13 01 26 34.20  -26.0400  -63.2200 551.8 6.3 6.8 SANTIAGO DEL ESTERO PROV., ARG.
event name:   C200611130126A
time shift:           9.2526
half duration:        6.4000
latitude:           -26.0977
longitude:          -63.4602
depth:              572.7374
Mrr:           -5.007376E+25
Mtt:           -2.157931E+25
Mpp:            7.165307E+25
Mrt:           -7.600206E+25
Mrp:            2.121086E+26
Mtp:           -4.035489E+25
