 PDE 2007  2 19 14 14 50.80  49.1800  -28.4100  10.0 5.2 5.0 NORTHERN MID-ATLANTIC RI - INV
event name:     C200702191414A
time shift:      1.7700
half duration:   1.1000
latitude:       49.1982
longitude:     -28.2901
depth:           9.1360
Mrr:      -0.123402E+25
Mtt:      -0.473752E+23
Mpp:       0.128140E+25
Mrt:       0.242610E+24
Mrp:       0.294593E+24
Mtp:      -0.788243E+23
