 PDE 2009 08 30 14 51 32.90  -15.2200 -172.5700  11.0 6.4 6.6 SAMOA ISLANDS REGION
event name:    200908301451A
time shift:           5.4665
half duration:        4.9000
latitude:           -15.1067
longitude:         -172.2896
depth:               12.9665
Mrr:           -9.422207E+25
Mtt:            8.253467E+25
Mpp:            1.168747E+25
Mrt:            2.337715E+24
Mrp:           -1.535071E+25
Mtp:           -5.816372E+25
