 PDE 2005 12 13  3 16  6.40 -15.2700 -178.5700  10.0 6.7 6.8 FIJI ISLANDS REGION
event name:     200512130316A
time shift:      6.4703
half duration:   5.3000
latitude:      -15.0400
longitude:    -178.4747
depth:          13.4154
Mrr:      -1.408949e+25
Mtt:       1.453760e+25
Mpp:      -4.481064e+23
Mrt:      -7.128421e+24
Mrp:      -1.119910e+25
Mtp:       1.360505e+26
