 PDE 2008  4 28 15 57 55.30 -58.7400  -24.7100  35.0 6.1 6.1 SOUTH SANDWICH ISLANDS REGION
event name:     C200804281557A
time shift:      3.9397
half duration:   2.6000
latitude:      -59.0409
longitude:     -24.1492
depth:          16.4924
Mrr:       1.325327e+25
Mtt:       1.857148e+24
Mpp:      -1.511042e+25
Mrt:      -1.404208e+24
Mrp:       1.072357e+25
Mtp:      -1.660681e+23
