 PDE 2009  1 17  2 57 31.90  15.7400  -92.7400 169.1 5.8 5.8 MEXICO-GUATEMALA BORDER REGION
event name:     C200901170257A
time shift:      0.5787
half duration:   2.0000
latitude:       15.8949
longitude:     -92.6872
depth:         165.9156
Mrr:       9.381238e+23
Mtt:      -3.422894e+24
Mpp:       2.484770e+24
Mrt:       3.053936e+24
Mrp:      -4.465916e+24
Mtp:       5.543075e+23
