 PDE 2005 08 06 09 56 13.50  -19.6100 -175.8500 205.4 5.3 0.0 TONGA ISLANDS
event name:   C200508060956A
time shift:           3.9933
half duration:        2.3000
latitude:           -19.5935
longitude:         -175.3464
depth:              217.8547
Mrr:           -4.800318E+24
Mtt:            3.920933E+24
Mpp:            8.793851E+23
Mrt:           -1.560247E+24
Mrp:           -9.625906E+24
Mtp:            6.940575E+24
