 PDE 2007 12 07 00 47 37.60   29.9300  141.0000  85.5 5.8 5.9 SOUTHEAST OF HONSHU, JAPAN
event name:   C200712070047A
time shift:           1.5891
half duration:        2.1000
latitude:            30.0214
longitude:          141.2396
depth:               77.1923
Mrr:            3.688975E+24
Mtt:           -1.370599E+23
Mpp:           -3.551915E+24
Mrt:           -4.038513E+24
Mrp:            2.603287E+24
Mtp:           -6.626504E+24
