 PDE 2005 07 26 14 11 36.40  -15.3500  -72.9600 110.5 5.8 0.0 SOUTHERN PERU
event name:   C200507261411A
time shift:          -1.3406
half duration:        2.2000
latitude:           -15.4120
longitude:          -73.1565
depth:               98.9501
Mrr:           -9.408429E+24
Mtt:            3.486264E+24
Mpp:            5.922163E+24
Mrt:            2.124359E+24
Mrp:           -1.379106E+24
Mtp:           -5.269711E+24
