 PDE 2005 11 22 15 11 31.60   -5.1500  145.2800  68.0 6.0 0.0 EASTERN NEW GUINEA REG., P.N.G.
event name:   C200511221511A
time shift:           4.7056
half duration:        2.9000
latitude:            -5.2042
longitude:          145.3334
depth:               72.7048
Mrr:           -3.661656E+24
Mtt:            6.133772E+24
Mpp:           -2.472116E+24
Mrt:           -2.067339E+25
Mrp:            8.121612E+23
Mtp:           -9.022060E+24
