 PDE 2009  6  4 17 25 25.50 -45.8300   35.1400  16.0 6.0 6.0 PRINCE EDWARD ISLANDS REGION
event name:     C200906041725A
time shift:      5.7438
half duration:   2.6000
latitude:      -45.5606
longitude:      35.0300
depth:          17.0455
Mrr:      -3.205852e+24
Mtt:       1.043799e+25
Mpp:      -7.232143e+24
Mrt:      -1.326417e+24
Mrp:       4.938935e+23
Mtp:       1.156874e+25
