 PDE 2008 08 26 21 00 36.60   -7.6400  -74.3800 154.0 6.0 6.4 PERU-BRAZIL BORDER REGION
event name:   C200808262100A
time shift:           2.4346
half duration:        3.8000
latitude:            -7.7541
longitude:          -74.4960
depth:              155.0756
Mrr:           -4.619810E+25
Mtt:           -6.210047E+24
Mpp:            5.240816E+25
Mrt:            1.677467E+25
Mrp:           -1.734663E+25
Mtp:            5.221705E+21
