 PDE 2009  2 18  3  7 50.30 -52.9700   20.9100  10.0 5.8 5.9 SOUTH OF AFRICA
event name:     C200902180307A
time shift:      2.7458
half duration:   2.0000
latitude:      -53.0531
longitude:      21.2660
depth:           7.8361
Mrr:      -8.789594e+24
Mtt:       8.038320e+24
Mpp:       7.512732e+23
Mrt:       1.329600e+24
Mrp:      -1.856142e+24
Mtp:      -2.432846e+24
