 PDE 2008 08 05 09 49 17.30   32.7600  105.4900   6.0 5.9 6.0 SICHUAN, CHINA
event name:    200808050949A
time shift:           1.6113
half duration:        2.3000
latitude:            32.6804
longitude:          105.5688
depth:                7.4548
Mrr:            1.044292E+25
Mtt:           -1.250453E+24
Mpp:           -9.192476E+24
Mrt:            1.911294E+24
Mrp:            1.597821E+23
Mtp:            3.865164E+24
