 PDE 2007  3  8 11 14 31.50 -58.2200   -7.6100  10.0 6.2 6.2 EAST OF SOUTH SANDWICH ISLANDS
event name:     C200703081114A
time shift:      5.9502
half duration:   3.0000
latitude:      -58.1237
longitude:      -7.9262
depth:          11.9792
Mrr:      -8.321583e+23
Mtt:      -7.768818e+24
Mpp:       8.600975e+24
Mrt:       4.101323e+24
Mrp:      -6.207738e+24
Mtp:       2.589609e+25
