 PDE 2006 10 17  1 25 12.20  -5.8800  150.9800  32.0 6.7 6.9 NEW BRITAIN REGION, P.N.G.
event name:     200610170125A
time shift:      4.9236
half duration:   5.4000
latitude:       -6.0786
longitude:     151.2258
depth:          30.2883
Mrr:       1.555611e+26
Mtt:      -6.198570e+25
Mpp:      -9.357539e+25
Mrt:      -3.821630e+24
Mrp:      -5.942146e+25
Mtp:      -4.502658e+25
