 PDE 2009 11  3  5 25  8.10  37.5000   20.4900  10.0 5.5 5.8 IONIAN SEA - INV
event name:     C200911030525A
time shift:      5.1200
half duration:   2.0000
latitude:       37.3379
longitude:      20.1843
depth:          15.5935
Mrr:       0.247625E+25
Mtt:      -0.108958E+25
Mpp:      -0.138667E+25
Mrt:       0.404994E+25
Mrp:      -0.407870E+25
Mtp:       0.114599E+25
