 PDE 2005  7 10  4 46 31.20 -36.3100  -97.2600  10.0 6.0 5.7 WEST CHILE RISE
event name:     C200507100446A
time shift:      0.6473
half duration:   2.5000
latitude:      -36.3876
longitude:     -97.4652
depth:           9.1732
Mrr:      -6.364510e+23
Mtt:       3.592527e+23
Mpp:       2.771983e+23
Mrt:       1.746946e+24
Mrp:      -4.602552e+24
Mtp:      -1.433844e+25
