 PDE 2006 01 15 11 58 29.10   -7.8300  122.6000 264.8 6.0 0.0 FLORES SEA
event name:   C200601151158A
time shift:           1.5806
half duration:        2.9000
latitude:            -7.9183
longitude:          122.6989
depth:              260.1017
Mrr:           -5.334648E+24
Mtt:            1.372078E+25
Mpp:           -8.386136E+24
Mrt:           -1.533458E+25
Mrp:           -7.460348E+24
Mtp:           -1.128278E+25
