 PDE 2009 09 05 03 58 39.50  -15.1200  -70.2500 210.2 5.2 5.8 SOUTHERN PERU
event name:   C200909050358A
time shift:          -1.2298
half duration:        1.9000
latitude:           -15.4460
longitude:          -70.6924
depth:              206.7023
Mrr:           -3.026940E+24
Mtt:            3.772098E+24
Mpp:           -7.451600E+23
Mrt:            3.296616E+24
Mrp:           -3.120089E+24
Mtp:           -8.076474E+23
