 PDE 2007 12 20  9 48 30.00  39.4200   33.2100  10.0 5.2 5.7 TURKEY - INV
event name:     C200712200948A
time shift:      2.4700
half duration:   1.6000
latitude:       39.4142
longitude:      33.0973
depth:           8.0851
Mrr:      -0.481021E+24
Mtt:      -0.164078E+25
Mpp:       0.212181E+25
Mrt:       0.421430E+24
Mrp:      -0.190479E+25
Mtp:      -0.127327E+25
