 PDE 2008  2 25 18  6  3.90  -2.3300   99.8900  25.0 6.6 6.4 SOUTHERN SUMATRA, INDONESIA
event name:     200802251806A
time shift:      4.2839
half duration:   5.7000
latitude:       -2.5926
longitude:      99.6638
depth:          15.2195
Mrr:       1.728635e+25
Mtt:      -9.996955e+24
Mpp:      -7.289396e+24
Mrt:       6.418355e+25
Mrp:      -4.319041e+25
Mtp:       1.017912e+25
