 PDE 2009 10 14 18 00 21.80  -14.9100 -174.8200  10.0 5.7 6.3 SAMOA ISLANDS REGION
event name:    200910141800A
time shift:           6.0668
half duration:        3.2000
latitude:           -14.9011
longitude:         -174.6017
depth:                9.1528
Mrr:           -1.086054E+24
Mtt:           -9.189103E+24
Mpp:            1.027513E+25
Mrt:           -3.325789E+24
Mrp:            6.761654E+24
Mtp:            2.792664E+25
