 PDE 2006  2 22 22 19  7.80 -21.3200   33.5800  11.0 7.0 7.5 MOZAMBIQUE
event name:     C200602222219A
time shift:      7.0906
half duration:   7.9000
latitude:      -21.2077
longitude:      33.3512
depth:           9.0793
Mrr:      -3.142902e+26
Mtt:      -2.451932e+25
Mpp:       3.388096e+26
Mrt:      -1.965663e+25
Mrp:       2.984097e+26
Mtp:      -1.540553e+26
