 PDE 2008 09 25 01 47 12.10   30.8300   83.4700  10.0 5.6 6.0 XIZANG
event name:    200809250147A
time shift:           0.8308
half duration:        2.3000
latitude:            30.6519
longitude:           83.6813
depth:               18.5662
Mrr:           -2.474379E+24
Mtt:           -7.108612E+24
Mpp:            9.582992E+24
Mrt:            2.381923E+24
Mrp:            2.287648E+23
Mtp:           -4.497886E+24
