 PDE 2009  9 23  2 59 30.50 -52.9600  159.9100  10.0 6.0 6.0 MACQUARIE ISLAND REGION
event name:     C200909230259A
time shift:      6.7069
half duration:   2.4000
latitude:      -52.9457
longitude:     159.5900
depth:          18.5812
Mrr:       1.004646e+23
Mtt:       1.142568e+25
Mpp:      -1.152615e+25
Mrt:       4.724643e+23
Mrp:       2.814982e+23
Mtp:       4.982244e+24
