 PDE 2007 10  2 18  0  6.90  54.5100 -161.7100  32.0 6.3 6.3 ALASKA PENINSULA
event name:     C200710021800A
time shift:      2.1162
half duration:   3.6000
latitude:       54.2199
longitude:    -161.4818
depth:          34.4264
Mrr:       2.646232e+25
Mtt:      -2.556562e+25
Mpp:      -8.966933e+23
Mrt:       2.656420e+25
Mrp:       7.367304e+24
Mtp:      -8.643640e+24
