 PDE 2009 10 02 01 07 39.30  -16.3300 -173.4700   8.0 6.1 6.1 TONGA ISLANDS
event name:    200910020107A
time shift:           6.3585
half duration:        2.8000
latitude:           -16.4500
longitude:         -173.0491
depth:                9.8228
Mrr:           -1.606366E+25
Mtt:            1.005829E+25
Mpp:            6.005418E+24
Mrt:            5.278430E+24
Mrp:            8.516512E+24
Mtp:           -1.393708E+25
