 PDE 2005  6 21 10 43 29.30 -36.1500 -100.9600  10.0 5.8 5.3 SOUTHEAST OF EASTER ISLAND
event name:     C200506211043A
time shift:      1.8137
half duration:   2.0000
latitude:      -36.1714
longitude:    -101.1208
depth:          10.4052
Mrr:      -4.459827e+23
Mtt:      -1.024555e+24
Mpp:       1.470538e+24
Mrt:       3.509969e+23
Mrp:      -1.296038e+24
Mtp:      -6.470755e+24
