 PDE 2008  2  3  7 34 12.20  -2.3000   28.9000  10.0 5.9 5.9 LAKE TANGANYIKA REGION
event name:     C200802030734A
time shift:      1.5881
half duration:   2.3000
latitude:       -2.3702
longitude:      28.8243
depth:           8.1090
Mrr:      -9.144934e+24
Mtt:      -5.600846e+23
Mpp:       9.705018e+24
Mrt:      -9.085939e+23
Mrp:      -3.764879e+24
Mtp:       2.685226e+23
