 PDE 2007 11 27 11 49 58.00 -10.9500  162.1500  16.0 6.6 6.7 SOLOMON ISLANDS
event name:     200711271150A
time shift:      4.6503
half duration:   4.7000
latitude:      -11.1161
longitude:     162.1884
depth:          23.7287
Mrr:       3.151659e+25
Mtt:      -2.951140e+25
Mpp:      -2.005200e+24
Mrt:       1.657110e+25
Mrp:      -5.942782e+25
Mtp:       3.954137e+25
