 PDE 2009  9  7 22 41 37.40  42.6600   43.4400  15.0 6.0 6.0 NORTHWESTERN CAUCASUS
event name:     C200909072241A
time shift:      2.3275
half duration:   2.4000
latitude:       42.6195
longitude:      43.5134
depth:          12.1056
Mrr:       7.651302e+24
Mtt:      -5.129371e+24
Mpp:      -2.521929e+24
Mrt:       5.633808e+24
Mrp:      -1.780196e+24
Mtp:       3.622558e+24
