 PDE 2007 11 29 03 26 22.70  -36.7600  -97.4000  10.0 5.6 6.3 WEST CHILE RISE
event name:    200711290326A
time shift:          15.7501
half duration:        3.6000
latitude:           -36.4239
longitude:          -98.3585
depth:               13.9902
Mrr:            8.360468E+22
Mtt:           -7.183783E+24
Mpp:            7.100154E+24
Mrt:            1.022619E+24
Mrp:           -1.633742E+24
Mtp:           -4.208924E+25
