 PDE 2005  4  2 12 52 36.60  78.6100    6.1000  10.0 6.1 5.8 SVALBARD REGION
event name:     C200504021252A
time shift:      4.7543
half duration:   3.0000
latitude:       78.7331
longitude:       5.5184
depth:          14.5225
Mrr:       3.961165e+23
Mtt:      -2.100772e+25
Mpp:       2.061160e+25
Mrt:      -2.228778e+24
Mrp:      -1.263691e+24
Mtp:      -6.728019e+24
