 PDE 2007  2 21 11  5 29.20  38.3200   39.2700  10.0 5.7 5.7 TURKEY - INV
event name:     C200702211105A
time shift:      4.3900
half duration:   1.8000
latitude:       38.4449
longitude:      39.2263
depth:           8.4914
Mrr:      -0.291576E+25
Mtt:       0.415708E+24
Mpp:       0.250005E+25
Mrt:      -0.198918E+24
Mrp:      -0.227419E+25
Mtp:       0.224667E+25
