 PDE 2007 12 01 01 44 32.00    1.9800   97.8800  44.6 5.8 5.9 NORTHERN SUMATRA, INDONESIA
event name:   C200712010144A
time shift:           2.4818
half duration:        2.2000
latitude:             1.8206
longitude:           97.7595
depth:               47.6564
Mrr:            6.897504E+24
Mtt:           -2.757264E+24
Mpp:           -4.140240E+24
Mrt:            5.431501E+24
Mrp:           -3.096335E+24
Mtp:            3.926827E+24
