 PDE 2008 08 09 16 36 38.20  -60.6900  153.8300  10.0 5.7 6.3 WEST OF MACQUARIE ISLAND
event name:    200808091636A
time shift:           8.0273
half duration:        3.5000
latitude:           -60.8216
longitude:          153.6072
depth:                4.6406
Mrr:           -8.715149E+23
Mtt:            3.167794E+25
Mpp:           -3.080645E+25
Mrt:            4.585061E+24
Mrp:            5.181521E+24
Mtp:           -2.726803E+25
