 PDE 2005 11 17 19 26 56.40  -22.3200  -67.8900 162.6 6.0 0.0 CHILE-BOLIVIA BORDER REGION
event name:   C200511171926A
time shift:           1.9861
half duration:        6.1000
latitude:           -22.4605
longitude:          -68.1329
depth:              150.8691
Mrr:           -8.750877E+25
Mtt:           -4.170898E+25
Mpp:            1.292179E+26
Mrt:           -2.814942E+25
Mrp:           -1.971882E+26
Mtp:           -6.891609E+25
