 PDE 2009 03 28 17 59 32.10   -2.9600  139.5400  96.2 5.8 6.0 NEAR NORTH COAST OF IRIAN JAYA
event name:   C200903281759A
time shift:           1.6664
half duration:        2.3000
latitude:            -2.8877
longitude:          139.6646
depth:               84.6476
Mrr:            9.017602E+24
Mtt:           -4.693490E+24
Mpp:           -4.324112E+24
Mrt:            5.557245E+24
Mrp:           -3.921484E+23
Mtp:            5.292225E+24
