 PDE 2005  4 16 12 18 31.70 -54.9900 -132.1000  10.0 5.9 5.6 PACIFIC-ANTARCTIC RIDGE
event name:     C200504161218A
time shift:      3.6900
half duration:   2.2000
latitude:      -54.4136
longitude:    -132.3105
depth:           9.3526
Mrr:      -5.632984e+23
Mtt:       7.126623e+24
Mpp:      -6.563325e+24
Mrt:       4.927687e+23
Mrp:       2.546784e+24
Mtp:       6.757915e+24
