 PDE 2008 03 13 13 28 44.80  -45.4900   35.0100  10.0 5.3 6.0 PRINCE EDWARD ISLANDS REGION
event name:    200803131328A
time shift:           5.5306
half duration:        2.5000
latitude:           -45.3166
longitude:           35.0784
depth:               14.4372
Mrr:            5.063420E+22
Mtt:            7.711554E+24
Mpp:           -7.762192E+24
Mrt:           -8.151152E+23
Mrp:           -2.239278E+24
Mtp:            1.201112E+25
