 PDE 2008 12 29 03 37 41.80   36.4000   71.0700 157.8 5.9 5.8 AFGHANISTAN-TAJIKISTAN BORD REG.
event name:   C200812290337A
time shift:           0.8300
half duration:        2.0000
latitude:            36.4804
longitude:           70.8998
depth:              151.8520
Mrr:            5.754476E+24
Mtt:           -6.209253E+24
Mpp:            4.547774E+23
Mrt:           -3.576122E+24
Mrp:           -2.456532E+23
Mtp:           -2.700859E+23
