 PDE 2009 09 03 13 26 18.20   31.1400  130.0200 165.5 5.9 6.2 KYUSHU, JAPAN
event name:   C200909031326A
time shift:           1.8648
half duration:        3.0000
latitude:            31.0822
longitude:          130.1955
depth:              165.2976
Mrr:            1.393346E+25
Mtt:           -6.418733E+24
Mpp:           -7.514726E+24
Mrt:            3.513451E+24
Mrp:            1.865365E+25
Mtp:           -7.554981E+24
