 PDE 2005  1 31 20 29  8.40  65.8900   -9.7800  17.7 5.2 4.6 NORWEGIAN SEA - INV
event name:     C200501312029A
time shift:      1.2100
half duration:   1.0000
latitude:       65.8862
longitude:      -9.4252
depth:          12.3468
Mrr:       0.776990E+24
Mtt:      -0.630379E+24
Mpp:      -0.146611E+24
Mrt:      -0.137599E+24
Mrp:       0.209408E+24
Mtp:       0.327533E+24
