 PDE 2008 08 21 12 24 29.50   25.0400   97.6800   1.0 5.6 6.0 MYANMAR-CHINA BORDER REGION
event name:    200808211224A
time shift:           4.0740
half duration:        2.5000
latitude:            24.9358
longitude:           97.9848
depth:               14.6528
Mrr:           -2.006713E+23
Mtt:            2.675548E+24
Mpp:           -2.474877E+24
Mrt:            2.637885E+24
Mrp:           -7.178573E+23
Mtp:            1.130134E+25
