 PDE 2006 10  1  9  6  2.30  46.4700  153.2400  19.0 6.5 6.6 KURIL ISLANDS
event name:     200610010906A
time shift:      6.5016
half duration:   4.6000
latitude:       46.3838
longitude:     153.6002
depth:          10.9250
Mrr:       6.879422e+25
Mtt:      -2.550889e+25
Mpp:      -4.328534e+25
Mrt:       2.431301e+25
Mrp:       4.482416e+25
Mtp:      -3.798271e+25
