 PDE 2008 02 20 18 27 06.00   36.2900   21.7700   9.9 5.7 6.1 SOUTHERN GREECE
event name:    200802201827A
time shift:           5.1925
half duration:        2.9000
latitude:            36.2287
longitude:           21.7438
depth:               17.0212
Mrr:            2.109920E+24
Mtt:           -1.298491E+25
Mpp:            1.087495E+25
Mrt:            6.327255E+24
Mrp:           -4.603975E+24
Mtp:            1.455739E+25
