 PDE 2008 12 08 18 39 09.30  -53.0000  106.8200  10.0 6.2 6.3 SOUTHEAST INDIAN RIDGE
event name:    200812081839A
time shift:           6.3030
half duration:        3.5000
latitude:           -53.0856
longitude:          106.7528
depth:               16.0874
Mrr:           -4.084155E+25
Mtt:            8.997492E+23
Mpp:            3.994173E+25
Mrt:           -7.976284E+24
Mrp:            3.321152E+24
Mtp:           -9.292261E+24
