 PDE 2007  7  3  8 26  0.80   0.7100  -30.2700  10.0 6.3 6.3 CENTRAL MID-ATLANTIC RIDGE
event name:     C200707030826A
time shift:      4.0270
half duration:   3.5000
latitude:        0.8168
longitude:     -30.0427
depth:          15.3932
Mrr:      -1.663146e+24
Mtt:       5.117479e+24
Mpp:      -3.454333e+24
Mrt:      -4.625500e+24
Mrp:       1.533505e+25
Mtp:      -3.630368e+25
