 PDE 2009 09 17 23 21 38.50  -29.1400 -112.2700  10.0 5.7 6.2 EASTER ISLAND REGION
event name:    200909172321A
time shift:           4.6238
half duration:        3.1000
latitude:           -29.2363
longitude:         -112.4396
depth:                5.7514
Mrr:            2.228788E+24
Mtt:           -2.165292E+25
Mpp:            1.942413E+25
Mrt:           -3.742430E+24
Mrp:           -1.815343E+24
Mtp:           -1.824930E+25
