 PDE 2007 07 23 00 08 32.60   -4.4700  149.8500 571.7 5.1 5.9 BISMARCK SEA
event name:   C200707230008A
time shift:           0.9691
half duration:        2.1000
latitude:            -4.4480
longitude:          150.0103
depth:              560.6138
Mrr:           -1.624043E+24
Mtt:           -3.457113E+24
Mpp:            5.081158E+24
Mrt:           -2.044611E+24
Mrp:           -5.817375E+24
Mtp:           -5.341442E+24
