 PDE 2008 03 20 14 10 44.60    6.1800  126.9300  82.5 6.0 6.1 MINDANAO, PHILIPPINES
event name:   C200803201410A
time shift:           0.5120
half duration:        2.6000
latitude:             6.0709
longitude:          127.1110
depth:               57.7073
Mrr:            1.168048E+25
Mtt:            4.034566E+24
Mpp:           -1.571503E+25
Mrt:            5.275354E+23
Mrp:            8.359178E+24
Mtp:           -2.595437E+24
