 PDE 2005  9 23 13 48 31.40  16.1300  -87.4900  29.8 5.8 5.4 NORTH OF HONDURAS
event name:     C200509231348A
time shift:      1.1574
half duration:   2.1000
latitude:       16.3611
longitude:     -87.6599
depth:          23.2546
Mrr:      -5.240574e+23
Mtt:      -3.778630e+24
Mpp:       4.302687e+24
Mrt:      -1.067961e+24
Mrp:       3.419960e+24
Mtp:       3.785922e+24
