 PDE 2009 08 28 01 51 20.40   -7.1500  123.4300 642.4 6.3 6.9 BANDA SEA
event name:   C200908280151A
time shift:           5.6635
half duration:        6.8000
latitude:            -7.0894
longitude:          123.4634
depth:              633.7138
Mrr:           -1.857583E+26
Mtt:            2.135751E+26
Mpp:           -2.781684E+25
Mrt:           -9.767006E+25
Mrp:            1.779448E+26
Mtp:           -1.000270E+26
