 PDE 2005 10 20 21 40  4.10  38.1500   26.7500  10.0 5.8 5.7 AEGEAN SEA
event name:     C200510202140A
time shift:      2.6209
half duration:   2.1000
latitude:       38.1461
longitude:      26.7093
depth:          10.0553
Mrr:      -1.696653e+24
Mtt:       6.256495e+24
Mpp:      -4.559842e+24
Mrt:      -5.271339e+23
Mrp:       1.501313e+24
Mtp:      -8.089379e+23
