 PDE 2005 04 11 17 08 53.90  -21.9800  170.6100  68.0 6.0 0.0 SOUTHEAST OF LOYALTY ISLANDS
event name:   C200504111708A
time shift:           5.3567
half duration:        5.6000
latitude:           -22.0092
longitude:          170.5026
depth:               73.8387
Mrr:           -7.448592E+25
Mtt:           -2.598861E+25
Mpp:            1.004746E+26
Mrt:            9.198541E+25
Mrp:            4.820420E+25
Mtp:            7.894919E+25
