 PDE 2005  1  1 19  8  7.80   7.3400   94.4600  55.4 6.1 5.9 NICOBAR ISLANDS, INDIA REGION
event name:     C200501011908A
time shift:     -2.2672
half duration:   2.7000
latitude:        7.1402
longitude:      94.4862
depth:          15.6446
Mrr:      -1.596437e+24
Mtt:      -1.087125e+25
Mpp:       1.246769e+25
Mrt:      -4.410699e+24
Mrp:       1.659851e+24
Mtp:       9.169880e+24
