 PDE 2009 07 07 19 11 46.70   75.3500  -72.4500  19.0 5.9 6.1 BAFFIN BAY
event name:    200907071911A
time shift:           2.8794
half duration:        2.5000
latitude:            75.3187
longitude:          -72.5088
depth:               15.6726
Mrr:            1.167960E+25
Mtt:            1.146459E+24
Mpp:           -1.282611E+25
Mrt:            3.794558E+24
Mrp:           -9.876634E+23
Mtp:            7.349410E+23
