 PDE 2005 02 05 12 23 18.90    5.2900  123.3400 525.0 6.4 0.0 MINDANAO, PHILIPPINES
event name:   C200502051223A
time shift:           7.5690
half duration:        8.5000
latitude:             5.4695
longitude:          123.6609
depth:              528.8817
Mrr:           -2.905127E+26
Mtt:            1.412409E+25
Mpp:            2.763887E+26
Mrt:           -4.744968E+25
Mrp:           -5.604852E+26
Mtp:           -4.656075E+25
