 PDE 2005  1 18  6 59  3.70  57.0500  -33.8100  10.0 5.5 5.5 REYKJANES RIDGE - INV
event name:     C200501180659A
time shift:      1.2700
half duration:   1.6000
latitude:       57.0762
longitude:     -33.6509
depth:           4.4733
Mrr:      -0.343568E+25
Mtt:       0.398598E+24
Mpp:       0.303708E+25
Mrt:      -0.101005E+25
Mrp:      -0.115437E+25
Mtp:       0.120405E+25
