 PDE 2007 04 21 07 12 48.10   -3.5500  151.2700 407.4 5.8 6.1 NEW IRELAND REGION, P.N.G.
event name:   C200704210712A
time shift:           2.2387
half duration:        2.8000
latitude:            -3.4608
longitude:          151.4487
depth:              406.7025
Mrr:            9.973266E+24
Mtt:           -1.484689E+25
Mpp:            4.873630E+24
Mrt:            1.070422E+25
Mrp:           -8.388464E+24
Mtp:           -1.020389E+25
