 PDE 2007 12 15 08 03 15.80   -7.5300  127.4700 175.9 5.8 6.0 BANDA SEA
event name:   C200712150803A
time shift:           2.2016
half duration:        2.4000
latitude:            -7.7531
longitude:          127.5882
depth:              172.0634
Mrr:            1.238608E+25
Mtt:           -1.058797E+25
Mpp:           -1.798099E+24
Mrt:            4.212643E+24
Mrp:            4.953365E+24
Mtp:            4.347631E+24
