 PDE 2007  8  4 14 24 51.70  -4.8000 -105.4100  10.0 6.1 6.0 CENTRAL EAST PACIFIC RISE
event name:     C200708041424A
time shift:      7.1191
half duration:   2.6000
latitude:       -4.6011
longitude:    -105.6742
depth:          11.0541
Mrr:      -5.208694e+23
Mtt:       4.997754e+24
Mpp:      -4.476885e+24
Mrt:       1.032755e+24
Mrp:       2.563010e+24
Mtp:       1.335074e+25
