 PDE 2005  1 19  6 11 36.40  34.0600  141.4900  27.8 6.5 6.4 OFF EAST COAST OF HONSHU, JAPAN
event name:     200501190611A
time shift:     11.2504
half duration:   4.5000
latitude:       34.0054
longitude:     141.9259
depth:          13.4999
Mrr:       6.095789e+25
Mtt:      -2.113579e+24
Mpp:      -5.884432e+25
Mrt:      -9.766212e+24
Mrp:       6.713434e+25
Mtp:       1.937133e+24
