 PDE 2008  9 28 22 20 21.10  71.3200   -3.8800  10.0 5.3 5.5 JAN MAYEN ISLAND REGION - INV
event name:     C200809282220A
time shift:      2.6000
half duration:   1.4000
latitude:       71.3900
longitude:      -4.1100
depth:           8.4988
Mrr:      -0.216591E+25
Mtt:       0.100582E+25
Mpp:       0.116008E+25
Mrt:      -0.508670E+24
Mrp:      -0.786636E+24
Mtp:       0.109076E+25
