 PDE 2007 12 13  5 20 23.00 -23.1400  -70.4700  21.6 6.0 6.0 NEAR COAST OF NORTHERN CHILE
event name:     C200712130520A
time shift:      2.3707
half duration:   2.3000
latitude:      -23.2011
longitude:     -70.9355
depth:          14.7285
Mrr:       3.793617e+24
Mtt:       4.584237e+22
Mpp:      -3.839459e+24
Mrt:       1.342352e+24
Mrp:      -8.920553e+24
Mtp:       3.058538e+23
