 PDE 2008 02 12 12 50 18.50   16.3600  -94.3000  83.0 6.0 6.4 OAXACA, MEXICO
event name:   C200802121250A
time shift:           1.7930
half duration:        4.2000
latitude:            16.3485
longitude:          -94.5064
depth:               81.8787
Mrr:           -4.532993E+25
Mtt:           -3.406674E+24
Mpp:            4.873662E+25
Mrt:            2.677104E+25
Mrp:           -1.798647E+25
Mtp:           -2.644614E+25
