 PDE 2005 09 21 02 25 08.10   43.8900  146.1500 103.0 6.0 0.0 KURIL ISLANDS
event name:   C200509210225A
time shift:           1.9540
half duration:        2.5000
latitude:            43.9023
longitude:          146.4069
depth:              104.3815
Mrr:           -1.857698E+24
Mtt:            3.118154E+24
Mpp:           -1.260455E+24
Mrt:            1.052868E+25
Mrp:            9.606766E+24
Mtp:            4.050163E+24
