 PDE 2006  3  6 18 13  8.40 -40.1000   78.4900  10.0 6.2 6.1 MID-INDIAN RIDGE
event name:     C200603061813A
time shift:      2.9909
half duration:   3.0000
latitude:      -40.1714
longitude:      78.3365
depth:          10.8138
Mrr:      -2.279943e+24
Mtt:      -2.489325e+25
Mpp:       2.717319e+25
Mrt:      -1.841504e+24
Mrp:       8.334268e+23
Mtp:      -1.120937e+24
