 PDE 2009 01 15 07 27 20.30  -22.3500  170.6300  27.0 5.8 6.7 SOUTHEAST OF LOYALTY ISLANDS
event name:    200901150727A
time shift:           4.8628
half duration:        4.8000
latitude:           -22.5719
longitude:          170.4662
depth:               20.8135
Mrr:            8.286083E+25
Mtt:           -6.617678E+25
Mpp:           -1.668406E+25
Mrt:            6.102797E+25
Mrp:           -2.177559E+25
Mtp:            3.386118E+25
