 PDE 2007  4 20  0 26 40.60  25.7200  125.0900  10.0 6.1 6.1 SOUTHWESTERN RYUKYU ISL., JAPAN
event name:     C200704200026A
time shift:      3.8268
half duration:   2.8000
latitude:       25.6013
longitude:     125.0556
depth:          10.9402
Mrr:      -1.324062e+25
Mtt:       1.810771e+25
Mpp:      -4.867099e+24
Mrt:       5.985605e+23
Mrp:       5.719170e+24
Mtp:       9.309394e+24
