 PDE 2006 10 18 10 45 32.90  -15.0500  167.2700 115.0 5.5 6.3 VANUATU ISLANDS
event name:   C200610181045A
time shift:           5.5483
half duration:        3.7000
latitude:           -15.1201
longitude:          167.2665
depth:              127.0394
Mrr:            4.130682E+25
Mtt:            2.891463E+24
Mpp:           -4.419829E+25
Mrt:           -1.100435E+25
Mrp:           -2.118850E+24
Mtp:           -8.405813E+24
