 PDE 2008  4 28  0  6 28.10  17.8500 -100.1700  56.9 5.8 5.8 GUERRERO, MEXICO
event name:     C200804280006A
time shift:     -0.6081
half duration:   2.0000
latitude:       17.8889
longitude:    -100.0991
depth:          51.4462
Mrr:      -5.553833e+24
Mtt:       2.935735e+24
Mpp:       2.618097e+24
Mrt:       2.199532e+23
Mrp:      -6.341303e+23
Mtp:      -2.978804e+24
