 PDE 2009 10 15 12 11 16.40   -3.0600  139.5400 105.7 5.8 6.0 IRIAN JAYA, INDONESIA
event name:   C200910151211A
time shift:           1.3858
half duration:        2.5000
latitude:            -3.0368
longitude:          139.4513
depth:              101.2247
Mrr:            2.999449E+24
Mtt:           -1.098956E+25
Mpp:            7.990102E+24
Mrt:           -6.628165E+24
Mrp:            2.889872E+24
Mtp:           -6.006492E+24
