 PDE 2009  4 25 17 18 48.60  45.6500   26.6100 100.7 5.3 5.2 ROMANIA - INV
event name:     C200904251718A
time shift:      2.0700
half duration:   1.0000
latitude:       45.6262
longitude:      26.7146
depth:          99.8428
Mrr:       0.820350E+24
Mtt:      -0.580287E+24
Mpp:      -0.240063E+24
Mrt:       0.143736E+24
Mrp:      -0.105322E+24
Mtp:      -0.247480E+24
