 PDE 2008 04 24 12 14 49.90   -1.1800  -23.4700  10.0 5.4 6.5 CENTRAL MID-ATLANTIC RIDGE
event name:    200804241214A
time shift:          14.8347
half duration:        4.2000
latitude:            -1.1536
longitude:          -23.8533
depth:               16.7295
Mrr:           -1.520946E+24
Mtt:            9.697536E+24
Mpp:           -8.176620E+24
Mrt:            8.415748E+24
Mrp:            6.295145E+24
Mtp:           -6.654942E+25
