 PDE 2009  3 26 17 35 14.30  -5.7200  -81.3400  10.0 5.8 5.8 NEAR COAST OF NORTHERN PERU
event name:     C200903261735A
time shift:      1.2907
half duration:   2.0000
latitude:       -5.8940
longitude:     -81.7040
depth:          13.3058
Mrr:       3.207432e+24
Mtt:      -6.534423e+22
Mpp:      -3.142088e+24
Mrt:       1.167251e+24
Mrp:      -6.249581e+24
Mtp:       2.180403e+23
