 PDE 2006 10 16  0 35 33.10 -50.7800  162.1600  10.0 5.8 5.8 AUCKLAND ISLANDS, N.Z. REGION
event name:     C200610160035A
time shift:      8.2724
half duration:   2.0000
latitude:      -50.9461
longitude:     161.8252
depth:          22.5154
Mrr:       5.771741e+23
Mtt:       8.074141e+24
Mpp:      -8.651316e+24
Mrt:       2.554094e+24
Mrp:       1.975253e+24
Mtp:       2.722290e+24
