 PDE 2008 12 17 10 55 59.70  -17.7400 -178.3700 530.3 5.2 5.8 FIJI ISLANDS REGION
event name:   C200812171055A
time shift:           2.7860
half duration:        2.0000
latitude:           -17.7710
longitude:         -178.2990
depth:              545.9978
Mrr:           -3.104414E+24
Mtt:            3.798301E+24
Mpp:           -6.938886E+23
Mrt:           -3.149552E+24
Mrp:           -4.690038E+24
Mtp:            1.657491E+24
