 PDE 2006 11 14 14 21 02.10   -6.4200  127.9800 352.2 5.7 6.1 BANDA SEA
event name:   C200611141421A
time shift:           2.9794
half duration:        2.7000
latitude:            -6.3346
longitude:          127.9919
depth:              350.4640
Mrr:            8.181752E+24
Mtt:           -7.791507E+24
Mpp:           -3.902457E+23
Mrt:           -1.449462E+25
Mrp:            2.997552E+24
Mtp:            7.858563E+24
