 PDE 2009 12 17 20  1 21.60  51.4000  179.9600  35.0 5.8 5.8 RAT ISLANDS, ALEUTIAN ISLANDS
event name:     C200912172001A
time shift:      2.4930
half duration:   2.0000
latitude:       51.2921
longitude:    -179.8868
depth:          41.6168
Mrr:       5.326278e+24
Mtt:      -4.724730e+24
Mpp:      -6.015476e+23
Mrt:       2.420069e+24
Mrp:       2.136868e+24
Mtp:      -2.142781e+24
