 PDE 2007  3 13  2 59  4.40  26.2600 -110.5400  26.1 5.9 6.0 GULF OF CALIFORNIA
event name:     C200703130259A
time shift:     -2.9887
half duration:   2.3000
latitude:       26.2538
longitude:    -110.6934
depth:          10.5976
Mrr:      -8.376484e+23
Mtt:      -7.552835e+24
Mpp:       8.390484e+24
Mrt:       7.396619e+23
Mrp:      -7.788177e+22
Mtp:       1.918517e+24
