 PDE 2007  2 24  2 36 23.60  -7.0100  -80.4900  23.0 6.3 6.4 OFF COAST OF NORTHERN PERU
event name:     C200702240236A
time shift:      1.6532
half duration:   3.6000
latitude:       -7.0244
longitude:     -80.7259
depth:          25.6707
Mrr:       2.122234e+25
Mtt:      -2.737372e+24
Mpp:      -1.848497e+25
Mrt:       5.459821e+24
Mrp:      -3.225349e+25
Mtp:       6.205909e+24
