 PDE 2009 10  8  8 28 48.00 -13.3000  165.9100  35.0 6.7 6.8 VANUATU ISLANDS
event name:     200910080828A
time shift:      3.9571
half duration:   6.1000
latitude:      -13.1407
longitude:     166.0515
depth:          14.4248
Mrr:       1.585545e+26
Mtt:      -1.344431e+25
Mpp:      -1.451102e+26
Mrt:       5.696136e+25
Mrp:      -1.093156e+26
Mtp:       4.083299e+25
