 PDE 2009  2  2 17 53 21.80 -13.5800  -76.5600  21.0 6.0 6.0 NEAR COAST OF PERU
event name:     C200902021753A
time shift:      3.6563
half duration:   2.1000
latitude:      -13.5418
longitude:     -76.9268
depth:          25.9230
Mrr:       4.623986e+24
Mtt:      -3.139112e+23
Mpp:      -4.310075e+24
Mrt:       1.596220e+24
Mrp:      -8.162736e+24
Mtp:       1.807586e+24
