 PDE 2009 05 16 00 53 52.70  -31.5200 -178.7900  54.6 6.1 6.5 KERMADEC ISLANDS REGION
event name:    200905160053A
time shift:           5.2602
half duration:        4.4000
latitude:           -31.5602
longitude:         -178.1242
depth:               44.3031
Mrr:            6.810873E+25
Mtt:            3.076220E+24
Mpp:           -7.118505E+25
Mrt:            7.747830E+24
Mrp:            3.841320E+25
Mtp:           -2.547596E+25
