 PDE 2007  3 31 12 49  3.70 -56.0800 -123.2700  10.0 6.2 6.2 SOUTHERN EAST PACIFIC RISE
event name:     C200703311249A
time shift:      3.9664
half duration:   3.2000
latitude:      -55.9372
longitude:    -123.6140
depth:           8.2773
Mrr:      -1.508912e+24
Mtt:       1.714052e+25
Mpp:      -1.563161e+25
Mrt:      -1.750930e+24
Mrp:      -1.958128e+24
Mtp:       2.350422e+25
