 PDE 2007  5  7 11 15 16.20 -44.8500  -80.4500  10.0 6.0 6.1 OFF COAST OF SOUTHERN CHILE
event name:     C200705071115A
time shift:      0.1914
half duration:   2.5000
latitude:      -45.0007
longitude:     -81.2165
depth:          15.5963
Mrr:      -8.488737e+23
Mtt:       4.683911e+24
Mpp:      -3.835037e+24
Mrt:       7.176135e+23
Mrp:       6.207588e+23
Mtp:      -1.159209e+25
