 PDE 2007  4 13 18 24 19.20 -35.0500 -108.8400  10.0 6.1 6.1 SOUTHERN EAST PACIFIC RISE
event name:     C200704131824A
time shift:      2.6022
half duration:   2.7000
latitude:      -35.0681
longitude:    -108.8480
depth:          10.8828
Mrr:       9.572157e+23
Mtt:       8.764266e+24
Mpp:      -9.721484e+24
Mrt:       2.713756e+24
Mrp:      -1.680438e+24
Mtp:      -1.440851e+25
