 PDE 2008 05 31 04 37 56.20  -41.2200   80.5100  10.0 6.0 6.4 MID-INDIAN RIDGE
event name:    200805310437A
time shift:           4.4080
half duration:        3.9000
latitude:           -41.3503
longitude:           80.4099
depth:                6.2513
Mrr:           -1.626882E+24
Mtt:            6.204011E+25
Mpp:           -6.041324E+25
Mrt:            1.394573E+25
Mrp:            1.072715E+24
Mtp:           -8.137592E+24
