 PDE 2008 10 21 13 00 48.00   -7.4700  127.7300 135.2 5.5 5.6 BANDA SEA
event name:   C200810211300A
time shift:           3.4573
half duration:        1.6000
latitude:            -7.6624
longitude:          127.7318
depth:              147.5509
Mrr:            2.746457E+24
Mtt:           -2.779195E+24
Mpp:            3.273629E+22
Mrt:           -2.145197E+24
Mrp:            7.926773E+23
Mtp:           -4.612939E+23
