 PDE 2008 06 26 21 19 15.60  -20.7700 -173.3400  38.0 6.0 6.2 TONGA ISLANDS
event name:   C200806262119A
time shift:           3.1459
half duration:        2.6000
latitude:           -21.0302
longitude:         -172.9341
depth:               52.1560
Mrr:            1.620399E+25
Mtt:            1.617202E+24
Mpp:           -1.782118E+25
Mrt:            4.477671E+24
Mrp:           -8.553481E+24
Mtp:           -1.466965E+24
