 PDE 2007 12  6 10 52 33.10  71.3300   -9.3400  10.0 5.2 5.4 JAN MAYEN ISLAND REGION - INV
event name:     C200712061052A
time shift:      4.0100
half duration:   1.3000
latitude:       71.3352
longitude:      -9.2482
depth:          14.6286
Mrr:      -0.692928E+23
Mtt:       0.111205E+25
Mpp:      -0.104277E+25
Mrt:       0.151004E+24
Mrp:       0.582089E+24
Mtp:       0.108609E+25
