 PDE 2008 12 09 17 28 58.60  -15.9300  168.1700 224.1 5.5 6.0 VANUATU ISLANDS
event name:   C200812091728A
time shift:           2.5595
half duration:        2.6000
latitude:           -15.9825
longitude:          168.0480
depth:              234.3353
Mrr:            5.653127E+24
Mtt:           -8.516669E+24
Mpp:            2.863540E+24
Mrt:           -1.043567E+25
Mrp:           -4.812522E+24
Mtp:            6.586817E+24
