 PDE 2008 09 08 18 52 07.00  -13.5000  166.9700 110.0 6.4 6.9 VANUATU ISLANDS
event name:   C200809081852A
time shift:           8.0478
half duration:        7.1000
latitude:           -13.3742
longitude:          166.7447
depth:              119.2591
Mrr:            3.720756E+26
Mtt:           -4.440256E+25
Mpp:           -3.276733E+26
Mrt:           -2.048785E+25
Mrp:           -6.713548E+25
Mtp:           -1.655061E+25
