 PDE 2007  6 24  0 25 18.40 -55.6500   -2.6300  10.0 6.5 6.5 SOUTHERN MID-ATLANTIC RIDGE
event name:     C200706240025A
time shift:      8.2905
half duration:   4.3000
latitude:      -55.7729
longitude:      -1.7195
depth:          13.2287
Mrr:      -4.682186e+24
Mtt:      -1.755816e+25
Mpp:       2.224035e+25
Mrt:       2.599298e+25
Mrp:      -1.929709e+25
Mtp:       6.393781e+25
