 PDE 2007  1 20  6 21  4.60 -55.4200  -29.5300  10.0 6.2 6.2 SOUTH SANDWICH ISLANDS REGION
event name:     C200701200621A
time shift:      5.6835
half duration:   3.1000
latitude:      -55.3044
longitude:     -29.3212
depth:          12.6345
Mrr:      -2.739032e+24
Mtt:      -2.467910e+25
Mpp:       2.741813e+25
Mrt:      -3.999604e+24
Mrp:       7.664546e+24
Mtp:       1.323189e+25
