 PDE 2008 06 03 16 20 50.40  -10.5100  161.2700  84.0 6.2 6.2 SOLOMON ISLANDS
event name:   C200806031620A
time shift:           2.2566
half duration:        3.1000
latitude:           -10.4635
longitude:          161.4183
depth:               84.8114
Mrr:           -2.509218E+25
Mtt:            4.146321E+24
Mpp:            2.094583E+25
Mrt:            5.085070E+24
Mrp:           -5.167437E+24
Mtp:            1.493330E+25
