 PDE 2005  1 23 22 36  5.50  35.8000   29.6400  10.0 5.4 5.4 EASTERN MEDITERRANEAN SE - INV
event name:     C200501232236A
time shift:      6.6000
half duration:   2.0000
latitude:       35.8773
longitude:      29.6874
depth:          25.9744
Mrr:      -0.797414E+24
Mtt:      -0.242071E+25
Mpp:       0.321811E+25
Mrt:       0.230078E+25
Mrp:      -0.229454E+25
Mtp:       0.184533E+24
