 PDE 2009 08 16 07 38 21.70   -1.4800   99.4900  20.0 6.5 6.7 SOUTHERN SUMATRA, INDONESIA
event name:    200908160738A
time shift:           6.9758
half duration:        5.2000
latitude:            -1.5762
longitude:           99.4357
depth:                9.3769
Mrr:            1.172771E+26
Mtt:           -1.104582E+25
Mpp:           -1.062311E+26
Mrt:           -3.694807E+25
Mrp:            7.403592E+25
Mtp:            3.558428E+25
