 PDE 2005  4  7 20  4 41.10  30.4900   83.6600  11.0 6.3 6.1 XIZANG
event name:     C200504072004A
time shift:      3.5437
half duration:   3.4000
latitude:       30.2376
longitude:      83.7703
depth:           8.7388
Mrr:      -2.783004e+25
Mtt:      -3.185088e+24
Mpp:       3.101512e+25
Mrt:       2.325326e+23
Mrp:      -3.239126e+24
Mtp:      -6.304179e+24
