 PDE 2005 12 23 21 47 28.00   -1.3900  -77.5200 192.9 5.8 0.0 ECUADOR
event name:   C200512232147A
time shift:           1.4929
half duration:        2.8000
latitude:            -1.5841
longitude:          -77.7583
depth:              193.1832
Mrr:           -1.281285E+25
Mtt:            7.308977E+24
Mpp:            5.503863E+24
Mrt:            1.058018E+25
Mrp:           -1.286232E+25
Mtp:           -1.028049E+25
