 PDE 2008 12 13  8 45 36.30 -48.9800  123.4000  10.0 5.9 5.9 WESTERN INDIAN-ANTARCTIC RIDGE
event name:     C200812130845A
time shift:      0.0952
half duration:   2.3000
latitude:      -49.1130
longitude:     123.8545
depth:           6.7279
Mrr:      -9.987931e+24
Mtt:       1.081074e+25
Mpp:      -8.228092e+23
Mrt:      -2.506570e+24
Mrp:       7.855027e+23
Mtp:      -1.114888e+24
