 PDE 2007 05 12 11 31 03.00   -5.4600  146.1100  43.6 5.7 5.9 EASTERN NEW GUINEA REG., P.N.G.
event name:   C200705121131A
time shift:           6.0734
half duration:        2.1000
latitude:            -5.5545
longitude:          146.2040
depth:               56.9374
Mrr:            8.154021E+24
Mtt:           -6.988225E+24
Mpp:           -1.165794E+24
Mrt:           -5.702646E+23
Mrp:            1.721765E+23
Mtp:            3.445700E+24
