 PDE 2009  5 24 16 17 50.80  41.3000   22.7100   0.1 5.2 5.3 NORTHWESTERN BALKAN REGI - INV
event name:     C200905241617A
time shift:      1.8400
half duration:   1.1000
latitude:       41.1680
longitude:      22.7693
depth:           9.0487
Mrr:      -0.828681E+24
Mtt:       0.813338E+24
Mpp:       0.153410E+23
Mrt:       0.154740E+24
Mrp:      -0.160320E+24
Mtp:       0.227530E+24
