 PDE 2006  8 20 13 35  0.00 -60.9100  -34.0600  10.0 5.8 5.9 SCOTIA SEA
event name:     C200608201335A
time shift:      4.8582
half duration:   2.0000
latitude:      -61.1141
longitude:     -34.0968
depth:           9.7145
Mrr:      -4.142858e+23
Mtt:      -2.758446e+24
Mpp:       3.172731e+24
Mrt:      -1.142375e+23
Mrp:       1.191355e+24
Mtp:       7.566878e+24
