 PDE 2007 11 20 17 55 54.50 -22.9200  -70.4800  35.0 6.1 6.1 NEAR COAST OF NORTHERN CHILE
event name:     C200711201756A
time shift:      1.1637
half duration:   2.7000
latitude:      -22.8991
longitude:     -70.9183
depth:          15.9402
Mrr:       5.422115e+24
Mtt:       1.807349e+23
Mpp:      -5.602850e+24
Mrt:       1.746707e+24
Mrp:      -1.245512e+25
Mtp:       3.320365e+23
