 PDE 2006  3 20 19 44 25.20  36.6200    5.3300  10.0 5.0 4.9 NORTHERN ALGERIA - INV
event name:     C200603201944A
time shift:      1.6100
half duration:   0.9000
latitude:       36.6234
longitude:       5.3055
depth:           7.9293
Mrr:      -0.399777E+23
Mtt:      -0.506309E+22
Mpp:       0.450405E+23
Mrt:      -0.117521E+24
Mrp:      -0.332709E+24
Mtp:      -0.498012E+24
