 PDE 2009 08 10 04 06 31.00  -11.6100  166.0900  35.0 5.8 6.6 SANTA CRUZ ISLANDS
event name:    200908100406A
time shift:           6.9334
half duration:        4.6000
latitude:           -11.5960
longitude:          165.9399
depth:               38.4117
Mrr:            9.280734E+25
Mtt:           -6.725118E+24
Mpp:           -8.608220E+25
Mrt:            8.736203E+22
Mrp:            2.723859E+24
Mtp:            2.407452E+25
