 PDE 2007  9  1 19 14 22.80  24.9100 -109.6900  10.0 6.1 6.3 GULF OF CALIFORNIA
event name:     C200709011914A
time shift:      2.1151
half duration:   2.8000
latitude:       24.7672
longitude:    -109.8901
depth:          13.2240
Mrr:      -2.395236e+24
Mtt:      -1.277167e+25
Mpp:       1.516690e+25
Mrt:      -2.914727e+24
Mrp:       4.547050e+23
Mtp:      -1.051786e+25
