 PDE 2005 10 17 21 59 22.80   11.6800  -85.8500 162.3 5.1 0.0 NICARAGUA
event name:   C200510172159A
time shift:           1.1258
half duration:        1.5000
latitude:            11.6487
longitude:          -86.0684
depth:              158.4544
Mrr:            1.818415E+24
Mtt:           -5.834981E+23
Mpp:           -1.234916E+24
Mrt:            1.330256E+24
Mrp:           -2.303469E+24
Mtp:            3.394021E+23
