 PDE 2009 03 05 19 33 14.90  -17.5100 -179.0600 532.2 5.4 5.9 FIJI ISLANDS REGION
event name:   C200903051933A
time shift:           2.3686
half duration:        2.1000
latitude:           -17.4555
longitude:         -178.9047
depth:              550.7536
Mrr:            1.242623E+24
Mtt:            4.907845E+24
Mpp:           -6.150467E+24
Mrt:            4.029610E+24
Mrp:           -3.181509E+23
Mtp:            4.991544E+24
