 PDE 2006  8 11 14 30 40.70  18.5600 -101.0600  60.1 6.0 6.1 GUERRERO, MEXICO
event name:     C200608111430A
time shift:      1.3450
half duration:   2.4000
latitude:       18.4946
longitude:    -101.0608
depth:          52.1794
Mrr:      -9.508890e+24
Mtt:       9.594023e+24
Mpp:      -8.513202e+22
Mrt:       4.093208e+24
Mrp:      -1.122111e+24
Mtp:      -1.586614e+24
