 PDE 2009 09 24 07 16 19.80   18.8200 -107.3500  10.0 5.8 6.3 OFF COAST OF JALISCO, MEXICO
event name:    200909240716A
time shift:           2.8895
half duration:        3.7000
latitude:            18.8993
longitude:         -107.5009
depth:                9.0285
Mrr:            4.829689E+24
Mtt:           -3.151411E+25
Mpp:            2.668442E+25
Mrt:           -1.545780E+24
Mrp:            3.263196E+24
Mtp:           -3.564450E+25
