 PDE 2006  3  9  9 59 53.00 -59.5400  -29.6600  10.0 5.8 0.0 SOUTH SANDWICH ISLANDS REGION
event name:     C200603090959A
time shift:      5.8036
half duration:   2.0000
latitude:      -59.7098
longitude:     -29.6844
depth:          10.4552
Mrr:      -5.972028e+23
Mtt:      -5.290478e+24
Mpp:       5.887681e+24
Mrt:       9.758291e+23
Mrp:       2.020665e+24
Mtp:       4.942501e+24
