 PDE 2006  2 23  4  4  5.00 -54.6700    1.7600  10.0 6.0 5.5 BOUVET ISLAND REGION
event name:     C200602230404A
time shift:      4.8205
half duration:   2.6000
latitude:      -54.6393
longitude:       1.9487
depth:          12.6245
Mrr:      -1.982292e+24
Mtt:       1.627444e+25
Mpp:      -1.429216e+25
Mrt:      -1.806559e+24
Mrp:       3.735929e+24
Mtp:      -1.086487e+24
