 PDE 2005 11 20 12 53  3.00  53.8400 -164.0900  30.0 6.2 5.8 UNIMAK ISLAND REGION, ALASKA
event name:     C200511201253A
time shift:      3.2067
half duration:   2.9000
latitude:       53.7623
longitude:    -163.9367
depth:          30.9520
Mrr:       1.437651e+25
Mtt:      -1.188080e+25
Mpp:      -2.495707e+24
Mrt:       1.237588e+25
Mrp:       7.642870e+24
Mtp:      -6.945136e+24
