 PDE 2007  4 25  2 11 54.70  47.1600  -27.4600  10.0 5.0 0.0 NORTHERN MID-ATLANTIC RI - INV
event name:     C200704250211A
time shift:      2.2400
half duration:   1.2000
latitude:       47.0600
longitude:     -27.3200
depth:           7.5808
Mrr:      -0.140214E+25
Mtt:      -0.170535E+23
Mpp:       0.141920E+25
Mrt:       0.156612E+24
Mrp:       0.677752E+24
Mtp:      -0.103417E+24
