 PDE 2006  5 16 15 28 25.90   0.0900   97.0500  12.0 6.8 6.8 NORTHERN SUMATRA, INDONESIA
event name:     200605161528A
time shift:      5.3296
half duration:   6.2000
latitude:        0.0155
longitude:      96.9671
depth:          12.5104
Mrr:      -1.139067e+26
Mtt:       3.309298e+25
Mpp:       8.081376e+25
Mrt:       6.970180e+25
Mrp:      -8.326938e+25
Mtp:      -2.000611e+26
