 PDE 2007 11 22 23 02 13.00    4.7400   95.0600  49.3 5.9 5.8 NORTHERN SUMATRA, INDONESIA
event name:   C200711222302A
time shift:           1.3329
half duration:        1.9000
latitude:             4.4797
longitude:           95.0154
depth:               48.5473
Mrr:            4.897401E+24
Mtt:           -2.785510E+24
Mpp:           -2.111891E+24
Mrt:            2.936267E+24
Mrp:           -2.352660E+24
Mtp:            2.823311E+24
