 PDE 2005 02 02 02 30 25.90   14.0800  144.7100 158.7 5.5 0.0 MARIANA ISLANDS
event name:   C200502020230A
time shift:           3.4390
half duration:        3.3000
latitude:            13.8521
longitude:          144.8158
depth:              157.0776
Mrr:           -3.083367E+24
Mtt:           -3.414228E+24
Mpp:            6.497598E+24
Mrt:            1.165746E+25
Mrp:           -8.285608E+23
Mtp:           -3.316748E+25
