 PDE 2009 10 04 10 58 00.20    6.7400  123.3800 620.0 6.4 6.6 MINDANAO, PHILIPPINES
event name:   C200910041058A
time shift:           3.5080
half duration:        5.0000
latitude:             6.7704
longitude:          123.5588
depth:              623.4181
Mrr:            1.014116E+25
Mtt:           -1.493647E+24
Mpp:           -8.647516E+24
Mrt:           -8.037425E+25
Mrp:           -9.131247E+25
Mtp:           -1.820678E+25
