 PDE 2008 10 19  5 10 33.90 -21.8600 -173.8200  29.0 6.9 7.0 TONGA ISLANDS
event name:     200810190510A
time shift:      7.0817
half duration:   6.9000
latitude:      -21.7985
longitude:    -173.6331
depth:          38.4260
Mrr:       3.256355e+26
Mtt:      -6.564424e+24
Mpp:      -3.190711e+26
Mrt:       3.731998e+25
Mrp:       8.234594e+24
Mtp:      -9.053121e+25
