 PDE 2007  7  6  1  9 19.00  16.3500  -93.9900 113.0 6.0 6.0 CHIAPAS, MEXICO
event name:     C200707060109A
time shift:     -0.1106
half duration:   2.6000
latitude:       16.4838
longitude:     -93.8936
depth:         112.6051
Mrr:      -5.578405e+24
Mtt:       1.299860e+23
Mpp:       5.448419e+24
Mrt:       7.342090e+24
Mrp:      -7.446115e+24
Mtp:      -4.564529e+24
