 PDE 2008 04 16 19 19 36.30   39.0300  140.0100 166.0 5.6 5.8 EASTERN HONSHU, JAPAN
event name:   C200804161919A
time shift:           1.2559
half duration:        1.9000
latitude:            39.0851
longitude:          140.1779
depth:              168.4551
Mrr:           -2.036451E+23
Mtt:            1.140276E+24
Mpp:           -9.366299E+23
Mrt:            2.202343E+24
Mrp:            5.941363E+24
Mtp:            2.037021E+24
