 PDE 2006 12  3 20 52 15.90  13.9900  -91.2100  61.2 6.0 5.9 NEAR COAST OF GUATEMALA
event name:     C200612032052A
time shift:     -0.7379
half duration:   2.4000
latitude:       13.8901
longitude:     -91.7786
depth:          42.5410
Mrr:      -5.064362e+24
Mtt:       2.152369e+24
Mpp:       2.911993e+24
Mrt:       6.237851e+24
Mrp:      -6.159321e+24
Mtp:      -3.500938e+24
