 PDE 2007 11 22 08 48 27.50   -5.7600  147.1000  53.0 6.0 6.7 EASTERN NEW GUINEA REG., P.N.G.
event name:   C200711220848A
time shift:           9.7941
half duration:        5.8000
latitude:            -5.9618
longitude:          147.0492
depth:               54.8166
Mrr:            1.754865E+26
Mtt:           -1.618865E+26
Mpp:           -1.360002E+25
Mrt:           -7.601671E+24
Mrp:            1.143062E+25
Mtp:            4.214258E+25
