 PDE 2005  7 30 11  3 49.10 -61.4700  154.2500  10.0 6.0 5.7 BALLENY ISLANDS REGION
event name:     C200507301103A
time shift:      7.0468
half duration:   2.5000
latitude:      -61.4936
longitude:     154.2188
depth:          11.2915
Mrr:      -1.168975e+24
Mtt:       1.191845e+25
Mpp:      -1.074946e+25
Mrt:       6.141903e+23
Mrp:       2.217807e+24
Mtp:      -8.835628e+24
