 PDE 2006 10 22  8 55 16.80 -45.7300   95.9900  10.0 6.0 6.0 SOUTHEAST INDIAN RIDGE
event name:     C200610220855A
time shift:      2.5039
half duration:   2.6000
latitude:      -45.6256
longitude:      95.9004
depth:           8.4465
Mrr:      -8.188234e+21
Mtt:      -1.542027e+25
Mpp:       1.542846e+25
Mrt:       5.024649e+23
Mrp:       1.158295e+24
Mtp:      -4.927104e+24
