 PDE 2007  4  5  3 56 50.50  37.3100  -24.6200  14.0 6.3 6.3 AZORES ISLANDS REGION
event name:     C200704050356A
time shift:      5.3644
half duration:   3.6000
latitude:       37.4470
longitude:     -24.4430
depth:           7.8419
Mrr:      -4.638331e+25
Mtt:       2.873727e+25
Mpp:       1.764604e+25
Mrt:       1.228154e+24
Mrp:      -9.016914e+23
Mtp:      -1.899005e+25
