 PDE 2007  2 14  1 29  7.20 -29.5900 -112.0500  10.0 5.9 5.9 EASTER ISLAND REGION
event name:     C200702140129A
time shift:      1.1371
half duration:   2.2000
latitude:      -29.7415
longitude:    -112.1707
depth:          12.5301
Mrr:      -7.014083e+23
Mtt:      -8.270792e+24
Mpp:       8.972200e+24
Mrt:      -3.463027e+24
Mrp:      -9.268175e+23
Mtp:      -3.018658e+24
