 PDE 2005 04 16 22 41 16.00  -17.6500  -69.6600 118.7 5.6 0.0 PERU-BOLIVIA BORDER REGION
event name:   C200504162241A
time shift:           0.7726
half duration:        2.0000
latitude:           -17.7681
longitude:          -69.9490
depth:              129.0698
Mrr:           -3.061471E+24
Mtt:           -9.690477E+23
Mpp:            4.030519E+24
Mrt:            4.069961E+24
Mrp:           -4.143311E+24
Mtp:           -1.163799E+24
