 PDE 2008 12 23 15 24 22.50  44.5600   10.4100  28.3 5.2 5.4 NORTHERN ITALY - INV
event name:     C200812231524A
time shift:      1.3900
half duration:   1.3000
latitude:       44.5023
longitude:      10.3367
depth:          22.2276
Mrr:       0.884690E+24
Mtt:      -0.884542E+24
Mpp:      -0.148956E+21
Mrt:       0.841323E+24
Mrp:      -0.462177E+23
Mtp:       0.588330E+24
