 PDE 2005 07 23 14 40 25.00   36.3900   70.7200 209.1 5.3 0.0 HINDU KUSH REGION, AFGHANISTAN
event name:   C200507231440A
time shift:           0.4456
half duration:        1.4000
latitude:            36.4113
longitude:           70.6427
depth:              210.9638
Mrr:            1.855228E+24
Mtt:           -1.499101E+24
Mpp:           -3.561264E+23
Mrt:            1.278534E+24
Mrp:           -1.527565E+24
Mtp:            6.888101E+23
