 PDE 2007 07 01 14 34 12.00   -5.9300  130.5600 134.6 5.8 5.9 BANDA SEA
event name:   C200707011434A
time shift:           2.4088
half duration:        2.2000
latitude:            -5.9679
longitude:          130.5551
depth:              139.2487
Mrr:            3.254784E+24
Mtt:           -8.112228E+24
Mpp:            4.857446E+24
Mrt:            4.378402E+24
Mrp:            3.733752E+24
Mtp:            2.252014E+24
