 PDE 2006 10 03 18 03 14.60  -18.8700  169.0000 171.4 5.9 6.3 VANUATU ISLANDS
event name:   C200610031803A
time shift:           2.4542
half duration:        3.5000
latitude:           -19.0197
longitude:          168.9035
depth:              163.5555
Mrr:            2.403588E+25
Mtt:           -1.018936E+25
Mpp:           -1.384649E+25
Mrt:            8.282698E+24
Mrp:           -2.801697E+25
Mtp:            1.566533E+25
