 PDE 2005 10 15 15 51 07.20   25.3200  123.3600 183.4 6.2 0.0 NORTHEAST OF TAIWAN
event name:   C200510151551A
time shift:           3.4801
half duration:        4.0000
latitude:            25.2852
longitude:          123.4257
depth:              190.4526
Mrr:           -5.318570E+24
Mtt:           -2.600383E+25
Mpp:            3.132240E+25
Mrt:            5.562306E+25
Mrp:            2.080070E+25
Mtp:           -5.898178E+24
