 PDE 2007 10 31 13 44 19.80  51.4200 -178.3800  28.0 6.0 6.0 ANDREANOF ISLANDS, ALEUTIAN IS.
event name:     C200710311344A
time shift:      3.5756
half duration:   2.5000
latitude:       51.1565
longitude:    -178.3340
depth:          37.5828
Mrr:       9.761754e+24
Mtt:      -9.601566e+24
Mpp:      -1.601889e+23
Mrt:       5.213677e+24
Mrp:       5.667074e+24
Mtp:      -3.115026e+24
