 PDE 2007 04 03 03 35 07.30   36.4500   70.6900 222.1 5.7 6.2 HINDU KUSH REGION, AFGHANISTAN
event name:   C200704030335A
time shift:           1.9537
half duration:        3.2000
latitude:            36.5247
longitude:           70.6022
depth:              221.2382
Mrr:            1.990500E+25
Mtt:            5.457911E+24
Mpp:           -2.536290E+25
Mrt:            1.472019E+25
Mrp:           -1.713960E+25
Mtp:           -2.284400E+24
