 PDE 2009 02 28 14 33 06.30  -60.5300  -24.8000  15.0 6.1 6.3 SOUTH SANDWICH ISLANDS REGION
event name:    200902281433A
time shift:           5.3917
half duration:        3.4000
latitude:           -61.0324
longitude:          -24.3922
depth:               14.5680
Mrr:           -2.422347E+25
Mtt:            7.248094E+24
Mpp:            1.697545E+25
Mrt:            1.156427E+25
Mrp:            2.859850E+25
Mtp:            3.016813E+25
