 PDE 2009 10 12 03 15 47.30  -17.1000   66.6900  10.0 6.2 6.2 MAURITIUS - REUNION REGION
event name:    200910120315A
time shift:           4.0787
half duration:        3.0000
latitude:           -17.0841
longitude:           66.6014
depth:                9.1330
Mrr:           -5.342644E+24
Mtt:           -2.391302E+25
Mpp:            2.925573E+25
Mrt:           -1.897296E+24
Mrp:           -4.015134E+23
Mtp:            1.148243E+25
