 PDE 2009 10 12 09 37 23.90  -12.5200  166.4800  62.0 5.9 0.0 SANTA CRUZ ISLANDS
event name:   C200910120937A
time shift:           1.6516
half duration:        3.0000
latitude:           -12.4012
longitude:          166.2665
depth:               47.7476
Mrr:            2.497111E+25
Mtt:           -2.286980E+24
Mpp:           -2.268414E+25
Mrt:            6.493407E+23
Mrp:            8.263566E+24
Mtp:            6.913126E+24
