 PDE 2008  3  2  5 11 44.60  51.8600 -179.3100  21.4 5.8 5.8 ANDREANOF ISLANDS, ALEUTIAN IS.
event name:     C200803020511A
time shift:     -0.0776
half duration:   2.0000
latitude:       51.7558
longitude:    -179.2676
depth:          11.2753
Mrr:       8.037954e+22
Mtt:       4.052684e+24
Mpp:      -4.133063e+24
Mrt:       1.202548e+24
Mrp:      -1.335639e+24
Mtp:      -3.426240e+24
