 PDE 2008 05 25 08 21 48.70   32.5700  105.4200  10.0 5.8 6.0 SICHUAN, CHINA
event name:    200805250821A
time shift:           2.8882
half duration:        2.6000
latitude:            32.5616
longitude:          105.4545
depth:               24.2592
Mrr:            2.356366E+23
Mtt:            1.164419E+25
Mpp:           -1.187981E+25
Mrt:            1.660602E+24
Mrp:           -1.321874E+24
Mtp:           -8.253483E+24
