 PDE 2008  3 28 22 41 32.20  20.2500  121.9500  10.0 5.8 5.8 PHILIPPINE ISLANDS REGION
event name:     C200803282241A
time shift:      2.6540
half duration:   1.9000
latitude:       20.0932
longitude:     121.8431
depth:           5.9426
Mrr:      -2.722531e+23
Mtt:       3.173315e+24
Mpp:      -2.901062e+24
Mrt:       7.104727e+23
Mrp:      -4.425953e+23
Mtp:      -4.834799e+24
