 PDE 2007  6 14 13 37 40.90 -36.2100 -100.1500  10.0 5.9 5.9 SOUTHEAST OF EASTER ISLAND
event name:     C200706141337A
time shift:      1.2504
half duration:   2.1000
latitude:      -36.2255
longitude:    -100.3693
depth:          12.9525
Mrr:      -2.789479e+24
Mtt:       1.438471e+24
Mpp:       1.351009e+24
Mrt:       1.808396e+24
Mrp:       6.960432e+23
Mtp:      -8.153945e+24
