 PDE 2005  2 19  0  4 43.60  -5.5600  122.1300  10.0 6.4 6.3 SULAWESI, INDONESIA
event name:     C200502190004A
time shift:      4.2250
half duration:   4.0000
latitude:       -5.5156
longitude:     122.2299
depth:           6.8040
Mrr:       4.158881e+25
Mtt:       1.256860e+25
Mpp:      -5.415741e+25
Mrt:       1.066437e+25
Mrp:      -3.473531e+24
Mtp:      -2.688969e+25
