 PDE 2005 09 04 23 58 34.90    3.0000  123.0700 443.9 5.8 0.0 CELEBES SEA
event name:   C200509042358A
time shift:           3.0692
half duration:        2.4000
latitude:             3.0591
longitude:          123.3141
depth:              449.6795
Mrr:            2.665628E+24
Mtt:            9.607615E+24
Mpp:           -1.227323E+25
Mrt:            5.613209E+24
Mrp:           -8.770477E+23
Mtp:           -3.958830E+24
