 PDE 2009  4  9 19 38 17.40  42.5100   13.3300   2.6 5.0 5.2 CENTRAL ITALY - INV
event name:     C200904091938A
time shift:      3.4900
half duration:   1.0000
latitude:       42.4899
longitude:      13.2398
depth:          11.1796
Mrr:      -0.695229E+24
Mtt:       0.270442E+24
Mpp:       0.424787E+24
Mrt:      -0.262431E+24
Mrp:      -0.587598E+22
Mtp:      -0.314516E+24
