 PDE 2007 10  2 16 34 46.60  57.4900  -33.0300  10.0 5.0 4.8 REYKJANES RIDGE - INV
event name:     C200710021634A
time shift:      2.0100
half duration:   1.0000
latitude:       57.5100
longitude:     -32.9600
depth:           7.9594
Mrr:      -0.781889E+24
Mtt:       0.875077E+23
Mpp:       0.694381E+24
Mrt:       0.147039E+24
Mrp:       0.241572E+24
Mtp:       0.252160E+24
