 PDE 2008 06 27 11 40 14.00   11.0100   91.8200  17.0 6.4 6.7 ANDAMAN ISLANDS, INDIA REGION
event name:    200806271140A
time shift:           5.3966
half duration:        4.7000
latitude:            10.9182
longitude:           91.8060
depth:               18.3283
Mrr:           -7.142720E+25
Mtt:           -4.631377E+25
Mpp:            1.177409E+26
Mrt:           -2.587567E+25
Mrp:            1.297683E+25
Mtp:            2.574452E+25
