 PDE 2007  8  3  0 41 15.00 -62.9700  145.3100  10.0 5.9 5.9 SOUTH OF AUSTRALIA
event name:     C200708030041A
time shift:      4.9286
half duration:   2.2000
latitude:      -62.8069
longitude:     145.5198
depth:           7.8401
Mrr:       8.178334e+24
Mtt:      -2.058032e+24
Mpp:      -6.120302e+24
Mrt:       2.690925e+24
Mrp:      -3.403927e+24
Mtp:       6.237293e+24
