 PDE 2008 08 11 23 38 38.30   -1.0200  -21.8400  13.0 5.4 6.0 CENTRAL MID-ATLANTIC RIDGE
event name:    200808112338A
time shift:           5.0358
half duration:        2.5000
latitude:            -0.7489
longitude:          -21.7459
depth:               17.6799
Mrr:            1.547920E+23
Mtt:            4.938314E+24
Mpp:           -5.093130E+24
Mrt:           -9.336496E+23
Mrp:            1.617976E+24
Mtp:           -1.366298E+25
