 PDE 2008 02 08 09 38 14.10   10.6700  -41.9000   9.0 6.4 6.9 NORTHERN MID-ATLANTIC RIDGE
event name:    200802080938A
time shift:           7.1718
half duration:        7.2000
latitude:            10.8614
longitude:          -41.7011
depth:               13.1623
Mrr:            2.833890E+24
Mtt:           -6.192318E+25
Mpp:            5.908915E+25
Mrt:            5.699796E+24
Mrp:            1.272833E+26
Mtp:           -3.883573E+26
