 PDE 2009 08 17 00 05 49.00   23.5000  123.5000  20.0 6.2 6.7 SOUTHWESTERN RYUKYU ISL., JAPAN
event name:    200908170005A
time shift:           4.9838
half duration:        5.2000
latitude:            23.2785
longitude:          123.5748
depth:               19.3866
Mrr:           -1.305183E+24
Mtt:            1.340674E+26
Mpp:           -1.327619E+26
Mrt:            5.522182E+25
Mrp:            1.182321E+25
Mtp:            8.595077E+24
