 PDE 2006 06 02 07 31 36.50  -20.8400 -178.7000 591.6 5.5 6.0 FIJI ISLANDS REGION
event name:   C200606020731A
time shift:           1.6952
half duration:        2.4000
latitude:           -20.7674
longitude:         -178.5432
depth:              584.4940
Mrr:           -5.005955E+24
Mtt:            2.897425E+24
Mpp:            2.108527E+24
Mrt:           -4.789233E+24
Mrp:           -1.073731E+25
Mtp:           -4.414424E+24
