 PDE 2008 12 16  5 20  1.50  55.5100   13.4100  10.0 4.8 4.4 SWEDEN - INV
event name:     C200812160520A
time shift:      1.7600
half duration:   1.1000
latitude:       55.6138
longitude:      13.8537
depth:          16.9234
Mrr:       0.996142E+21
Mtt:      -0.287267E+23
Mpp:       0.277306E+23
Mrt:       0.231165E+22
Mrp:       0.718927E+22
Mtp:      -0.120128E+23
