 PDE 2005 07 23 08 51 43.60  -30.2500 -178.0700  10.0 5.7 5.6 KERMADEC ISLANDS, NEW ZEALAND
event name:   C200507230851A
time shift:          10.6045
half duration:        2.4000
latitude:           -30.0369
longitude:         -177.6942
depth:               54.5378
Mrr:            1.381603E+25
Mtt:            9.209474E+23
Mpp:           -1.473698E+25
Mrt:           -8.143075E+23
Mrp:            6.768051E+24
Mtp:           -3.839749E+24
