 PDE 2007 05 25 17 47 31.30  -24.2200  -67.0300 180.5 5.5 5.9 CHILE-ARGENTINA BORDER REGION
event name:   C200705251747A
time shift:           0.7482
half duration:        2.1000
latitude:           -24.3320
longitude:          -67.3469
depth:              184.7082
Mrr:           -3.265796E+24
Mtt:           -2.550121E+24
Mpp:            5.815916E+24
Mrt:            4.072554E+24
Mrp:           -7.047925E+24
Mtp:           -7.526590E+23
