 PDE 2009  6 19 14  4 59.00  35.3600   28.4500  28.0 5.6 5.8 EASTERN MEDITERRANEAN SE - INV
event name:     C200906191405A
time shift:      4.6900
half duration:   1.8000
latitude:       35.1078
longitude:      28.5099
depth:          26.0255
Mrr:      -0.457651E+25
Mtt:       0.233919E+25
Mpp:       0.223731E+25
Mrt:      -0.156025E+24
Mrp:      -0.156336E+25
Mtp:       0.338713E+25
