 PDE 2008 10 20 04 54 19.90    0.1000  120.6600 102.3 6.1 5.9 MINAHASSA PENINSULA, SULAWESI
event name:   C200810200454A
time shift:           0.5829
half duration:        2.1000
latitude:             0.2056
longitude:          120.6671
depth:              101.0402
Mrr:            4.625034E+24
Mtt:            1.246433E+23
Mpp:           -4.749679E+24
Mrt:           -4.115204E+24
Mrp:           -4.993173E+24
Mtp:            2.304002E+24
