 PDE 2007 04 02 10 49 17.70   -7.2200  156.2400  34.0 5.8 6.1 SOLOMON ISLANDS
event name:   C200704021049A
time shift:           2.7849
half duration:        2.4000
latitude:            -7.4234
longitude:          156.3056
depth:               48.3919
Mrr:            1.238152E+25
Mtt:           -8.452982E+24
Mpp:           -3.928533E+24
Mrt:           -3.838327E+24
Mrp:            1.716742E+24
Mtp:            5.969183E+24
