 PDE 2006 09 05 04 53 02.10    7.6800  126.4300 135.2 5.5 5.8 MINDANAO, PHILIPPINES
event name:   C200609050453A
time shift:           0.6689
half duration:        1.9000
latitude:             7.6761
longitude:          126.6230
depth:              115.4572
Mrr:            1.765168E+24
Mtt:            1.658553E+24
Mpp:           -3.423722E+24
Mrt:            1.576765E+24
Mrp:            4.603018E+24
Mtp:            2.373425E+24
