 PDE 2009  1 13  6 12 42.90  35.6600   26.3900  42.0 5.1 0.0 CRETE, GREECE - INV
event name:     C200901130612A
time shift:      4.5800
half duration:   1.1000
latitude:       35.6200
longitude:      26.2600
depth:          27.9582
Mrr:      -0.721842E+24
Mtt:      -0.207564E+24
Mpp:       0.929405E+24
Mrt:      -0.130182E+24
Mrp:      -0.475925E+22
Mtp:       0.511252E+24
