 PDE 2006 08 25 00 44 46.20  -24.4100  -67.0300 184.3 5.9 6.6 CHILE-ARGENTINA BORDER REGION
event name:   C200608250044A
time shift:           2.3710
half duration:        4.7000
latitude:           -24.4474
longitude:          -67.1831
depth:              183.7179
Mrr:           -7.295083E+25
Mtt:           -1.879128E+25
Mpp:            9.174211E+25
Mrt:            4.781276E+25
Mrp:           -4.072165E+25
Mtp:           -1.991844E+25
