 PDE 2005  8 26 18 16 33.60  14.4200   52.3700  10.0 6.1 5.9 EASTERN GULF OF ADEN
event name:     C200508261816A
time shift:      5.6071
half duration:   2.9000
latitude:       14.5707
longitude:      51.9575
depth:          10.9764
Mrr:      -1.821271e+24
Mtt:       1.593147e+25
Mpp:      -1.411019e+25
Mrt:      -2.513298e+24
Mrp:       1.370840e+24
Mtp:       1.247561e+25
