 PDE 2008  9 16  7 28 25.00   0.9000  -29.0000  10.0 5.8 5.8 CENTRAL MID-ATLANTIC RIDGE
event name:     C200809160728A
time shift:      3.3414
half duration:   1.9000
latitude:        0.9516
longitude:     -28.7971
depth:          16.5827
Mrr:      -4.897843e+23
Mtt:       1.451173e+24
Mpp:      -9.613891e+23
Mrt:      -6.183923e+23
Mrp:      -6.757599e+23
Mtp:      -6.035278e+24
