 PDE 2007 11 19 15 20  3.70 -21.9700  173.4900  10.0 6.0 5.9 VANUATU ISLANDS REGION
event name:     C200711191520A
time shift:      2.0485
half duration:   2.3000
latitude:      -21.9343
longitude:     173.6593
depth:           9.8022
Mrr:      -1.007872e+23
Mtt:      -3.066911e+24
Mpp:       3.167698e+24
Mrt:      -2.324768e+23
Mrp:       2.744048e+24
Mtp:       9.970112e+24
