 PDE 2008 09 01 04 00 39.40  -25.3900 -177.6400 171.1 5.7 6.0 SOUTH OF FIJI ISLANDS
event name:   C200809010400A
time shift:           0.6800
half duration:        2.4000
latitude:           -25.5063
longitude:         -177.2519
depth:              169.3074
Mrr:            1.329124E+24
Mtt:           -3.167893E+24
Mpp:            1.838769E+24
Mrt:           -8.391032E+24
Mrp:           -8.768479E+24
Mtp:           -3.947703E+24
