 PDE 2005  1 22 20 30 17.40  -7.7300  159.4800  29.0 6.3 6.5 SOLOMON ISLANDS
event name:     C200501222030A
time shift:      4.6661
half duration:   3.7000
latitude:       -7.6499
longitude:     159.6919
depth:          27.2086
Mrr:      -3.536255e+25
Mtt:       3.804656e+25
Mpp:      -2.684014e+24
Mrt:      -2.126308e+25
Mrp:       6.812846e+24
Mtp:      -2.468889e+24
