 PDE 2006 09 03 22 57 30.70  -24.0500  178.8200 568.1 5.1 5.9 SOUTH OF FIJI ISLANDS
event name:   C200609032257A
time shift:           2.5608
half duration:        2.2000
latitude:           -23.9199
longitude:          179.0336
depth:              566.7280
Mrr:           -2.576063E+24
Mtt:           -2.648156E+24
Mpp:            5.224220E+24
Mrt:           -5.034712E+24
Mrp:           -6.541838E+24
Mtp:           -2.650198E+24
