 PDE 2005  1 24  4 16 47.40   7.3300   92.4800  30.0 6.2 6.2 NICOBAR ISLANDS, INDIA REGION
event name:     C200501240416A
time shift:      1.2796
half duration:   3.2000
latitude:        7.2184
longitude:      92.4024
depth:          12.6533
Mrr:      -8.531382e+24
Mtt:      -1.398887e+25
Mpp:       2.252025e+25
Mrt:      -4.089494e+23
Mrp:      -2.882821e+24
Mtp:      -1.994885e+25
