 PDE 2006  7 17 15 45 59.80  -9.4200  108.3200  21.0 6.1 6.1 SOUTH OF JAVA, INDONESIA
event name:     C200607171545A
time shift:      1.7570
half duration:   2.8000
latitude:       -9.5789
longitude:     108.2977
depth:          11.7096
Mrr:      -9.922905e+24
Mtt:       9.454699e+24
Mpp:       4.682051e+23
Mrt:       1.709300e+25
Mrp:      -3.998910e+24
Mtp:      -2.127601e+24
