 PDE 2008 12 20 21  5 16.20 -31.1900  -13.3400   4.0 5.8 5.8 SOUTHERN MID-ATLANTIC RIDGE
event name:     C200812202105A
time shift:      3.6819
half duration:   1.9000
latitude:      -31.2239
longitude:     -13.2651
depth:           8.1846
Mrr:      -6.682326e+24
Mtt:      -3.164699e+23
Mpp:       6.998796e+24
Mrt:      -9.256373e+23
Mrp:       1.220375e+24
Mtp:      -6.450981e+23
