 PDE 2008 03 22 21 24 11.30   52.1800 -178.7200 132.0 5.8 6.2 ANDREANOF ISLANDS, ALEUTIAN IS.
event name:    200803222124A
time shift:           1.9298
half duration:        3.1000
latitude:            51.9951
longitude:         -178.5066
depth:              133.0349
Mrr:           -1.131601E+25
Mtt:            1.453951E+24
Mpp:            9.862035E+24
Mrt:            2.591733E+24
Mrp:           -2.147666E+25
Mtp:           -5.262138E+24
