 PDE 2005  1 24 23 23 26.10  -1.3600  -80.7900  16.9 6.1 5.7 NEAR COAST OF ECUADOR
event name:     C200501242323A
time shift:      2.3581
half duration:   2.7000
latitude:       -1.5159
longitude:     -80.9304
depth:          13.6862
Mrr:       7.242688e+24
Mtt:       4.326191e+23
Mpp:      -7.675307e+24
Mrt:       1.025670e+24
Mrp:      -1.416734e+25
Mtp:      -3.370438e+23
