 PDE 2006 12 26 12 34 13.80  21.9700  120.4900  10.0 6.9 7.1 TAIWAN REGION
event name:     200612261234A
time shift:      9.5184
half duration:   6.9000
latitude:       22.0314
longitude:     120.3548
depth:          34.0551
Mrr:      -3.151746e+25
Mtt:       2.072942e+26
Mpp:      -1.757767e+26
Mrt:       2.034581e+26
Mrp:       1.231656e+25
Mtp:      -7.836163e+25
