 PDE 2006  2  8  5  4 53.60 -54.5000  143.8100  10.0 5.8 5.6 WEST OF MACQUARIE ISLAND
event name:     C200602080504A
time shift:      0.9628
half duration:   2.1000
latitude:      -54.5978
longitude:     143.9457
depth:           7.9447
Mrr:      -2.889623e+23
Mtt:       1.690438e+24
Mpp:      -1.401476e+24
Mrt:       2.128222e+22
Mrp:      -2.651552e+23
Mtp:      -7.674919e+24
