 PDE 2006 09 30 16 26 56.10  -15.5900  -73.1600 106.6 5.6 6.0 SOUTHERN PERU
event name:   C200609301626A
time shift:           0.5314
half duration:        2.3000
latitude:           -15.7157
longitude:          -73.3263
depth:              114.2007
Mrr:           -6.162330E+24
Mtt:           -5.255560E+24
Mpp:            1.141789E+25
Mrt:            4.120555E+24
Mrp:           -8.438638E+23
Mtp:           -2.593097E+24
