 PDE 2007 10 05 07 17 52.80  -25.1900  179.4600 509.4 6.0 6.5 SOUTH OF FIJI ISLANDS
event name:   C200710050717A
time shift:           4.9778
half duration:        4.3000
latitude:           -25.2541
longitude:          179.5107
depth:              535.9325
Mrr:            3.958995E+25
Mtt:           -5.180186E+25
Mpp:            1.221189E+25
Mrt:           -1.517711E+24
Mrp:           -4.348742E+25
Mtp:           -4.062726E+25
