 PDE 2005  4  9 15 16 27.90  56.1700 -154.5200  14.0 5.8 5.7 KODIAK ISLAND REGION, ALASKA
event name:     C200504091516A
time shift:      0.1968
half duration:   2.1000
latitude:       56.1583
longitude:    -154.2371
depth:          14.7664
Mrr:      -1.186419e+23
Mtt:       3.523064e+24
Mpp:      -3.404422e+24
Mrt:       3.846560e+24
Mrp:       3.643064e+24
Mtp:      -2.975848e+24
