 PDE 2008 05 29 15 46 00.50   64.0000  -21.0100  10.0 6.0 6.3 ICELAND
event name:    200805291546A
time shift:           3.3755
half duration:        3.4000
latitude:            63.9324
longitude:          -21.1439
depth:                2.7990
Mrr:           -4.191231E+24
Mtt:            2.405373E+23
Mpp:            3.950682E+24
Mrt:            5.951954E+24
Mrp:           -9.486833E+24
Mtp:            2.833865E+25
