 PDE 2005  7  4 11 36  5.70 -42.2800   42.3700  10.0 6.2 5.7 PRINCE EDWARD ISLANDS REGION
event name:     C200507041136A
time shift:      0.6362
half duration:   3.3000
latitude:      -41.9396
longitude:      42.6505
depth:          18.2052
Mrr:      -8.140418e+22
Mtt:       9.495058e+24
Mpp:      -9.413654e+24
Mrt:       2.962178e+23
Mrp:      -1.865097e+24
Mtp:       3.148430e+25
