 PDE 2007  4 29 12 41 57.40  52.0100 -179.9700 117.0 6.2 6.2 ANDREANOF ISLANDS, ALEUTIAN IS.
event name:     C200704291241A
time shift:      1.3979
half duration:   3.2000
latitude:       51.8939
longitude:    -179.8173
depth:         120.7029
Mrr:      -1.051195e+25
Mtt:      -1.694286e+24
Mpp:       1.220624e+25
Mrt:       1.040598e+25
Mrp:      -1.924977e+25
Mtp:      -4.940473e+24
