 PDE 2006 11 29 15 38 44.50  53.7400  -35.4400  10.0 5.6 5.6 REYKJANES RIDGE - INV
event name:     C200611291538A
time shift:      2.0700
half duration:   1.6000
latitude:       53.7402
longitude:     -35.2521
depth:           6.3859
Mrr:      -0.355422E+25
Mtt:      -0.135277E+23
Mpp:       0.356774E+25
Mrt:       0.221817E+24
Mrp:       0.420934E+24
Mtp:      -0.601066E+23
