 PDE 2008 10 11 10 40 14.10   19.1600  -64.8300  23.0 6.1 6.1 VIRGIN ISLANDS
event name:    200810111040A
time shift:           3.8907
half duration:        2.6000
latitude:            19.3114
longitude:          -64.8524
depth:               26.2154
Mrr:            5.173944E+24
Mtt:            2.975056E+24
Mpp:           -8.149000E+24
Mrt:           -9.929985E+24
Mrp:           -4.348191E+24
Mtp:            1.151552E+25
