 PDE 2007  3 24 17 29 30.00 -53.8100  140.7900  10.0 5.8 5.8 WEST OF MACQUARIE ISLAND
event name:     C200703241729A
time shift:      2.1250
half duration:   1.9000
latitude:      -53.8462
longitude:     140.7429
depth:           8.1055
Mrr:      -4.518523e+22
Mtt:       5.333132e+23
Mpp:      -4.881280e+23
Mrt:      -1.755821e+22
Mrp:       4.049240e+23
Mtp:      -6.331362e+24
