 PDE 2008 05 09 21 51 29.70   12.5200  143.1800  76.0 6.1 6.7 SOUTH OF MARIANA ISLANDS
event name:   C200805092151A
time shift:           5.5105
half duration:        5.8000
latitude:            12.3597
longitude:          143.2794
depth:               79.6781
Mrr:           -8.391754E+25
Mtt:           -8.880032E+25
Mpp:            1.727180E+26
Mrt:            9.021575E+25
Mrp:            8.398309E+24
Mtp:            5.720655E+24
