 PDE 2008 04 19 05 58 42.20  -20.2700  168.8000  14.0 5.7 6.3 LOYALTY ISLANDS
event name:    200804190558A
time shift:           4.1443
half duration:        3.2000
latitude:           -20.3607
longitude:          168.7305
depth:               12.8941
Mrr:            2.075617E+25
Mtt:           -3.088738E+25
Mpp:            1.013120E+25
Mrt:            3.792149E+22
Mrp:            1.946074E+25
Mtp:            1.586738E+25
