 PDE 2006  6 18 18 28  2.20  33.0300  -39.7000  10.0 6.0 5.9 NORTHERN MID-ATLANTIC RIDGE
event name:     C200606181828A
time shift:      2.0968
half duration:   2.3000
latitude:       32.9636
longitude:     -39.7634
depth:           6.7673
Mrr:      -1.077571e+25
Mtt:       6.040166e+23
Mpp:       1.017171e+25
Mrt:      -6.890171e+23
Mrp:      -3.472829e+24
Mtp:       4.380899e+24
