 PDE 2005 11 27 10 22 19.20  26.7700   55.8600  10.0 5.9 5.8 SOUTHERN IRAN
event name:     C200511271022A
time shift:      3.0823
half duration:   2.3000
latitude:       26.6570
longitude:      55.8007
depth:           8.4185
Mrr:       1.018978e+25
Mtt:      -1.037825e+25
Mpp:       1.884788e+23
Mrt:       2.556657e+24
Mrp:      -6.521625e+23
Mtp:      -1.789580e+24
