 PDE 2008 11 21 07 05 34.90   -8.9500  159.5500 118.0 6.0 6.1 SOLOMON ISLANDS
event name:   C200811210705A
time shift:           1.2195
half duration:        2.5000
latitude:            -8.9635
longitude:          159.7296
depth:              120.3902
Mrr:            1.048099E+25
Mtt:           -4.651703E+24
Mpp:           -5.829287E+24
Mrt:           -7.045512E+24
Mrp:            3.296910E+23
Mtp:            5.762047E+24
