 PDE 2006 03 12 20 54 53.50   -5.0700  153.6600  47.3 5.9 5.1 NEW IRELAND REGION, P.N.G.
event name:   C200603122054A
time shift:           3.1678
half duration:        1.9000
latitude:            -5.3124
longitude:          153.5452
depth:               54.7404
Mrr:            2.347417E+24
Mtt:            9.472884E+22
Mpp:           -2.442147E+24
Mrt:           -1.103369E+24
Mrp:           -4.856702E+24
Mtp:            2.703009E+24
