 PDE 2005 02 15 14 42 25.90    4.7600  126.4200  39.7 6.1 6.0 TALAUD ISLANDS, INDONESIA
event name:   C200502151442A
time shift:           6.4019
half duration:        4.4000
latitude:             4.8104
longitude:          126.6576
depth:               53.5346
Mrr:            2.527311E+25
Mtt:           -7.513159E+24
Mpp:           -1.775995E+25
Mrt:            1.298844E+25
Mrp:            6.193730E+25
Mtp:           -2.768419E+25
