 PDE 2009 09 18 18 34 22.10    1.7500  127.1900  92.7 5.7 5.8 HALMAHERA, INDONESIA
event name:   C200909181834A
time shift:           4.5303
half duration:        1.9000
latitude:             1.7627
longitude:          127.1291
depth:               95.0281
Mrr:           -8.941095E+23
Mtt:            3.736639E+24
Mpp:           -2.842529E+24
Mrt:           -5.550477E+24
Mrp:           -1.413250E+24
Mtp:            2.334127E+24
