 PDE 2007 03 09 03 22 42.80   43.2200  133.5300 441.2 6.1 6.0 PRIMOR'YE, RUSSIA
event name:   C200703090322A
time shift:           0.7061
half duration:        2.5000
latitude:            43.2215
longitude:          133.6472
depth:              448.1217
Mrr:            4.182862E+24
Mtt:            2.143695E+24
Mpp:           -6.326556E+24
Mrt:           -5.961932E+24
Mrp:           -1.320198E+25
Mtp:           -2.171041E+24
