 PDE 2008 02 23 15 57 19.80  -57.3300  -23.4200  10.0 6.2 6.7 SOUTH SANDWICH ISLANDS REGION
event name:    200802231557A
time shift:           8.6894
half duration:        5.8000
latitude:           -57.1240
longitude:          -23.1210
depth:               10.7168
Mrr:           -1.498138E+26
Mtt:           -9.357163E+25
Mpp:            2.433848E+26
Mrt:           -3.458929E+25
Mrp:            6.380805E+25
Mtp:           -8.347910E+25
