 PDE 2008  2 15 10 36 19.10  33.3300   35.3100  10.0 5.0 5.3 JORDAN - SYRIA REGION - INV
event name:     C200802151036A
time shift:      1.7100
half duration:   0.9000
latitude:       33.2733
longitude:      35.3148
depth:          11.6789
Mrr:      -0.110712E+24
Mtt:       0.356640E+24
Mpp:      -0.245928E+24
Mrt:      -0.778518E+23
Mrp:      -0.221540E+24
Mtp:      -0.440740E+24
