 PDE 2009  2  9 14  9  3.00  -6.5700  -81.1500  15.0 5.9 6.0 NEAR COAST OF NORTHERN PERU
event name:     C200902091409A
time shift:     -1.0240
half duration:   2.1000
latitude:       -6.7811
longitude:     -81.5128
depth:          10.6471
Mrr:       3.739941e+24
Mtt:      -2.736371e+23
Mpp:      -3.466304e+24
Mrt:       2.022713e+24
Mrp:      -7.981535e+24
Mtp:       6.915653e+23
