 PDE 2005 08 03 10 41 18.20    3.0100  128.1500  69.0 5.7 0.0 NORTH OF HALMAHERA, INDONESIA
event name:   C200508031041A
time shift:           3.8764
half duration:        2.1000
latitude:             3.1209
longitude:          128.1306
depth:               74.1811
Mrr:            7.731845E+24
Mtt:            2.094711E+23
Mpp:           -7.941316E+24
Mrt:            7.900420E+22
Mrp:           -2.911793E+24
Mtp:            2.110392E+24
