 PDE 2008  5 24  4 58 18.90  42.3900  -30.5100  10.0 5.4 5.4 AZORES ISLANDS REGION - INV
event name:     C200805240458A
time shift:      3.7400
half duration:   1.3000
latitude:       42.4367
longitude:     -30.4678
depth:          13.9596
Mrr:      -0.153598E+25
Mtt:       0.235034E+25
Mpp:      -0.814366E+24
Mrt:      -0.573883E+24
Mrp:      -0.475471E+24
Mtp:      -0.826620E+24
