 PDE 2006 06 09 05 58 27.80  -17.5300 -178.7500 564.4 5.3 6.1 FIJI ISLANDS REGION
event name:   C200606090558A
time shift:           3.8784
half duration:        2.7000
latitude:           -17.3658
longitude:         -178.6233
depth:              582.8189
Mrr:           -3.380868E+24
Mtt:            6.780247E+24
Mpp:           -3.399379E+24
Mrt:            6.098166E+24
Mrp:           -1.213603E+25
Mtp:            1.199892E+25
