 PDE 2008 06 01 01 57 24.30   20.1300  121.3700  35.0 6.0 6.3 PHILIPPINE ISLANDS REGION
event name:    200806010157A
time shift:           3.1756
half duration:        3.6000
latitude:            20.1628
longitude:          121.2084
depth:               26.5616
Mrr:            1.744046E+25
Mtt:            9.945001E+24
Mpp:           -2.738539E+25
Mrt:           -1.230589E+25
Mrp:           -2.883668E+25
Mtp:           -7.669188E+24
