 PDE 2005  2 16 20 27 52.50 -36.3200  -16.5600  10.0 6.6 6.1 SOUTHERN MID-ATLANTIC RIDGE
event name:     C200502162027A
time shift:     13.3188
half duration:   5.0000
latitude:      -35.3879
longitude:     -15.9990
depth:          13.8040
Mrr:       2.270868e+24
Mtt:      -5.177794e+25
Mpp:       4.950707e+25
Mrt:       8.815238e+24
Mrp:       5.412970e+24
Mtp:       9.913876e+25
