 PDE 2008 12 11 21 40 52.30    0.0600  123.4300 133.2 6.1 5.9 MINAHASSA PENINSULA, SULAWESI
event name:   C200812112140A
time shift:           1.2366
half duration:        2.2000
latitude:            -0.0026
longitude:          123.6413
depth:              130.1035
Mrr:            3.429589E+24
Mtt:           -3.056122E+24
Mpp:           -3.734667E+23
Mrt:            8.554112E+24
Mrp:            1.038897E+24
Mtp:            2.257245E+24
