 PDE 2008 09 11 00 00 02.70    1.8800  127.3600  96.0 6.2 6.6 HALMAHERA, INDONESIA
event name:   C200809110000A
time shift:           4.9218
half duration:        4.8000
latitude:             1.9093
longitude:          127.3367
depth:              112.6914
Mrr:            3.250571E+25
Mtt:            2.493267E+25
Mpp:           -5.743838E+25
Mrt:           -7.546027E+25
Mrp:           -4.230362E+25
Mtp:           -1.571807E+25
