 PDE 2008 01 09 08 26 45.50   32.2900   85.1700  10.0 6.3 6.4 XIZANG
event name:    200801090826A
time shift:           2.8634
half duration:        3.9000
latitude:            32.2888
longitude:           85.3056
depth:                8.8146
Mrr:           -4.503358E+25
Mtt:            4.382476E+23
Mpp:            4.459526E+25
Mrt:            1.292157E+25
Mrp:           -5.541729E+24
Mtp:            1.529098E+25
