 PDE 2007 11 19 00 52 12.50  -21.1800 -178.7500 558.3 6.2 6.3 FIJI ISLANDS REGION
event name:   C200711190052A
time shift:           2.8865
half duration:        3.4000
latitude:           -21.0457
longitude:         -178.6286
depth:              559.9739
Mrr:           -3.095707E+25
Mtt:            3.185711E+25
Mpp:           -9.000514E+23
Mrt:           -1.095621E+25
Mrp:           -7.910619E+24
Mtp:           -3.485453E+24
