 PDE 2006 11 06 20 56 48.70   -5.4100  146.6500 111.2 5.8 6.0 EASTERN NEW GUINEA REG., P.N.G.
event name:   C200611062056A
time shift:           9.4979
half duration:        2.3000
latitude:            -5.4766
longitude:          146.7172
depth:              155.8992
Mrr:           -8.581922E+24
Mtt:           -3.177086E+24
Mpp:            1.175900E+25
Mrt:            1.939129E+23
Mrp:           -3.247203E+24
Mtp:            3.336498E+24
