 PDE 2009 11 08 19 41 43.40   -8.2100  118.6300  18.0 6.3 6.6 SUMBAWA REGION, INDONESIA
event name:    200911081941A
time shift:           6.8575
half duration:        5.0000
latitude:            -8.2228
longitude:          118.7203
depth:               19.8027
Mrr:            7.887875E+25
Mtt:           -7.764087E+25
Mpp:           -1.237820E+24
Mrt:           -6.036999E+25
Mrp:           -2.710961E+25
Mtp:           -1.540663E+25
