 PDE 2005  4 11 12 20  6.00  -3.4800  145.9100  11.4 6.6 6.7 NEAR N COAST OF NEW GUINEA, PNG.
event name:     200504111220A
time shift:      6.0502
half duration:   5.0000
latitude:       -3.3268
longitude:     146.1524
depth:          11.9423
Mrr:      -4.891269e+24
Mtt:      -1.049416e+25
Mpp:       1.538543e+25
Mrt:       4.560185e+24
Mrp:      -2.621126e+25
Mtp:       1.175727e+26
