 PDE 2007  3 25  0 41 57.80  37.3400  136.5900   8.0 6.7 6.8 NEAR WEST COAST OF HONSHU, JAPAN
event name:     200703250041A
time shift:      5.9082
half duration:   5.3000
latitude:       37.2779
longitude:     136.5694
depth:          13.5259
Mrr:       9.784709e+25
Mtt:       1.777884e+25
Mpp:      -1.156259e+26
Mrt:      -8.141657e+23
Mrp:      -2.376309e+25
Mtp:      -6.489377e+25
