 PDE 2009 12 09 16 00 43.30   -0.6400  -21.0700  10.0 5.5 6.4 CENTRAL MID-ATLANTIC RIDGE
event name:    200912091600A
time shift:          12.1959
half duration:        3.9000
latitude:            -0.6205
longitude:          -20.8018
depth:               19.1575
Mrr:           -1.226907E+24
Mtt:            1.850211E+25
Mpp:           -1.727525E+25
Mrt:            2.373588E+24
Mrp:            9.329639E+24
Mtp:           -5.325513E+25
