 PDE 2008 11 15 23 03 16.80   13.0500  -88.7500  49.0 5.4 5.8 EL SALVADOR
event name:   C200811152303A
time shift:           3.6498
half duration:        1.9000
latitude:            12.9796
longitude:          -89.0821
depth:               55.3657
Mrr:            1.715656E+21
Mtt:           -8.570433E+23
Mpp:            8.553277E+23
Mrt:            5.413993E+24
Mrp:           -4.007577E+24
Mtp:            8.295360E+23
