 PDE 2007  7 16  1 13 22.40  37.5300  138.4500  12.0 6.6 6.6 NEAR WEST COAST OF HONSHU, JAPAN
event name:     200707160113A
time shift:      6.5679
half duration:   5.0000
latitude:       37.4877
longitude:     138.4515
depth:           6.8966
Mrr:       8.841906e+25
Mtt:      -3.640577e+25
Mpp:      -5.201329e+25
Mrt:      -4.139505e+25
Mrp:      -3.658452e+25
Mtp:      -4.383429e+25
