 PDE 2007 03 08 05 03 32.30   29.9100  140.2000 139.6 5.9 6.1 SOUTHEAST OF HONSHU, JAPAN
event name:   C200703080503A
time shift:           1.4493
half duration:        2.7000
latitude:            29.8930
longitude:          140.5194
depth:              132.2032
Mrr:            1.939550E+24
Mtt:           -7.213546E+24
Mpp:            5.273996E+24
Mrt:           -3.359042E+24
Mrp:           -8.426233E+24
Mtp:           -1.373834E+25
