 PDE 2005 09 12 21 15 03.60  -17.4200 -177.3200 383.9 5.3 0.0 FIJI ISLANDS REGION
event name:   C200509122115A
time shift:           2.5660
half duration:        1.8000
latitude:           -17.5010
longitude:         -177.0904
depth:              412.7829
Mrr:           -1.556370E+23
Mtt:            9.860091E+23
Mpp:           -8.303721E+23
Mrt:           -2.964329E+24
Mrp:           -5.441358E+24
Mtp:            6.641955E+23
