 PDE 2008 11 19 15 20 58.00  47.3700  -27.4500  10.0 5.0 0.0 NORTHERN MID-ATLANTIC RI - INV
event name:     C200811191520A
time shift:      1.3100
half duration:   1.0000
latitude:       47.1400
longitude:     -27.2300
depth:           6.8153
Mrr:      -0.827985E+24
Mtt:       0.259502E+23
Mpp:       0.802034E+24
Mrt:       0.449455E+23
Mrp:       0.998182E+23
Mtp:      -0.157442E+24
