 PDE 2007 02 12 02 08 55.20   -4.9800  144.9800  35.0 5.6 5.8 NEAR N COAST OF NEW GUINEA, PNG.
event name:   C200702120208A
time shift:           6.2013
half duration:        2.1000
latitude:            -5.0374
longitude:          144.9856
depth:               62.7835
Mrr:            7.558630E+24
Mtt:           -5.575080E+24
Mpp:           -1.983547E+24
Mrt:           -4.841602E+23
Mrp:            2.695129E+23
Mtp:            3.524891E+24
