 PDE 2005 05 18 09 10 53.70  -56.4100  -26.8600 102.2 5.8 0.0 SOUTH SANDWICH ISLANDS REGION
event name:   C200505180910A
time shift:           3.9650
half duration:        2.4000
latitude:           -56.4385
longitude:          -26.5055
depth:              106.5390
Mrr:            7.159867E+23
Mtt:            1.028235E+25
Mpp:           -1.099833E+25
Mrt:           -3.570746E+24
Mrp:            4.801935E+24
Mtp:            3.864026E+24
