 PDE 2008 09 04 09 37 04.00  -12.1400  167.1000 272.0 5.5 5.7 SANTA CRUZ ISLANDS
event name:   C200809040937A
time shift:          -0.2373
half duration:        1.6000
latitude:           -12.1663
longitude:          167.0380
depth:              258.8179
Mrr:            3.069490E+24
Mtt:           -5.754610E+23
Mpp:           -2.494028E+24
Mrt:            1.782466E+24
Mrp:           -1.750670E+24
Mtp:           -1.615721E+24
