 PDE 2006  4 26  1 46  3.90 -57.4800  147.5700  10.0 6.1 6.1 WEST OF MACQUARIE ISLAND
event name:     C200604260146A
time shift:      0.9160
half duration:   2.7000
latitude:      -57.5986
longitude:     148.0465
depth:           8.9959
Mrr:      -8.583799e+23
Mtt:       9.936011e+24
Mpp:      -9.077635e+24
Mrt:       1.670830e+24
Mrp:       3.603633e+23
Mtp:      -1.551794e+25
