 PDE 2008 01 06 05 14 20.20   37.2200   22.6900  75.0 6.1 6.2 SOUTHERN GREECE
event name:   C200801060514A
time shift:           1.7421
half duration:        3.0000
latitude:            36.9649
longitude:           22.9348
depth:               84.7085
Mrr:            8.036426E+24
Mtt:           -1.810117E+25
Mpp:            1.006476E+25
Mrt:            1.320197E+25
Mrp:           -9.181609E+24
Mtp:           -4.641194E+24
