 PDE 2005  6 27 11 35 45.60  18.7800 -107.3000  20.0 6.2 5.9 OFF COAST OF JALISCO, MEXICO
event name:     C200506271135A
time shift:     -0.6593
half duration:   2.9000
latitude:       18.8949
longitude:    -107.3665
depth:           8.3632
Mrr:      -1.984494e+24
Mtt:      -1.187147e+25
Mpp:       1.385597e+25
Mrt:      -4.010752e+24
Mrp:       6.613158e+24
Mtp:      -1.613075e+25
