 PDE 2008 02 27 06 54 20.60   26.8200  142.4400  15.0 5.8 6.2 BONIN ISLANDS, JAPAN REGION
event name:    200802270654A
time shift:           3.4230
half duration:        3.2000
latitude:            26.7224
longitude:          142.7949
depth:               15.3965
Mrr:            2.231056E+25
Mtt:            1.519787E+24
Mpp:           -2.383033E+25
Mrt:            6.490949E+24
Mrp:            2.928457E+25
Mtp:           -4.828516E+24
