 PDE 2005  2 22  2 25 22.80  30.7400   56.8300  14.0 6.4 6.5 NORTHERN AND CENTRAL IRAN
event name:     C200502220225A
time shift:      6.4743
half duration:   3.9000
latitude:       30.7638
longitude:      56.8154
depth:           9.5720
Mrr:       3.889122e+25
Mtt:      -5.088115e+25
Mpp:       1.198993e+25
Mrt:      -3.644749e+24
Mrp:       2.889750e+24
Mtp:      -1.289795e+25
