 PDE 2009 12 19 23 19 15.60  -10.1100   33.8200   6.0 6.0 6.0 MALAWI
event name:    200912192319A
time shift:           3.6296
half duration:        2.3000
latitude:           -10.0225
longitude:           33.9447
depth:                5.2522
Mrr:           -1.159111E+25
Mtt:            1.982850E+24
Mpp:            9.608250E+24
Mrt:            1.513716E+24
Mrp:           -2.796897E+24
Mtp:           -4.370010E+24
