 PDE 2009  9 28 19 22 57.10  27.9300  127.8200   9.0 5.8 5.8 RYUKYU ISLANDS, JAPAN
event name:     C200909281922A
time shift:      1.3640
half duration:   2.0000
latitude:       27.7746
longitude:     127.8310
depth:           7.8720
Mrr:      -4.852036e+24
Mtt:       3.044472e+24
Mpp:       1.807564e+24
Mrt:      -5.426333e+23
Mrp:       1.427044e+24
Mtp:       3.599812e+24
