 PDE 2006 11  7 17 38 33.60  -6.4800  151.2000  10.0 6.5 6.5 NEW BRITAIN REGION, P.N.G.
event name:     200611071738A
time shift:      9.6321
half duration:   4.6000
latitude:       -6.5756
longitude:     151.5549
depth:           8.9034
Mrr:      -8.667856e+25
Mtt:       6.331458e+25
Mpp:       2.336399e+25
Mrt:      -2.668481e+25
Mrp:      -2.422192e+25
Mtp:       4.403578e+25
