 PDE 2008 11  2 13 48 42.80  51.5500 -174.3700  36.0 6.1 6.1 ANDREANOF ISLANDS, ALEUTIAN IS.
event name:     C200811021348A
time shift:      1.5605
half duration:   2.6000
latitude:       51.3703
longitude:    -174.4872
depth:          19.8955
Mrr:       1.211953e+25
Mtt:      -1.066063e+25
Mpp:      -1.458899e+24
Mrt:       9.907065e+24
Mrp:       4.639692e+24
Mtp:      -4.222006e+24
