 PDE 2007 11  9  1 43  4.20  38.7300   25.7200   9.0 5.0 5.5 AEGEAN SEA - INV
event name:     C200711090143A
time shift:      4.1900
half duration:   1.0000
latitude:       38.7650
longitude:      25.6699
depth:           5.8420
Mrr:      -0.175801E+24
Mtt:       0.462695E+24
Mpp:      -0.286893E+24
Mrt:      -0.725957E+23
Mrp:       0.207870E+24
Mtp:      -0.392565E+24
