 PDE 2007 10 15 21 28 23.70 -44.7900  167.4600  19.0 6.1 6.1 SOUTH ISLAND, NEW ZEALAND
event name:     C200710152128A
time shift:      4.6323
half duration:   2.6000
latitude:      -44.6189
longitude:     167.2454
depth:          21.3282
Mrr:       9.930150e+24
Mtt:       1.305265e+24
Mpp:      -1.123542e+25
Mrt:      -5.107399e+24
Mrp:      -8.925331e+24
Mtp:      -5.883925e+24
