 PDE 2008 04 29 19 10 02.20   -6.1100  127.4800 404.7 5.6 5.9 BANDA SEA
event name:   C200804291910A
time shift:           3.3599
half duration:        2.2000
latitude:            -6.0815
longitude:          127.6007
depth:              411.5094
Mrr:            9.376875E+23
Mtt:           -3.012803E+24
Mpp:            2.075114E+24
Mrt:           -8.210848E+24
Mrp:            2.396386E+24
Mtp:           -5.954651E+24
