 PDE 2008  4 16  5 54 19.70  51.8800 -179.1600  13.0 6.6 6.6 ANDREANOF ISLANDS, ALEUTIAN IS.
event name:     C200804160554A
time shift:      3.8004
half duration:   4.8000
latitude:       51.8047
longitude:    -179.1659
depth:          12.8282
Mrr:      -8.075625e+24
Mtt:       5.835363e+25
Mpp:      -5.027801e+25
Mrt:       1.903735e+25
Mrp:      -1.849788e+25
Mtp:      -6.286352e+25
