 PDE 2009  1 13  1  4 42.60 -13.1500   66.0800  10.0 6.0 6.0 MID-INDIAN RIDGE
event name:     C200901130104A
time shift:      1.7432
half duration:   2.4000
latitude:      -13.6181
longitude:      66.1895
depth:          11.6247
Mrr:      -7.224367e+23
Mtt:      -1.218404e+25
Mpp:       1.290648e+25
Mrt:      -1.913133e+24
Mrp:       2.219846e+24
Mtp:       4.387255e+24
