 PDE 2008  3 28  0 16 19.90  34.7600   25.3400  45.0 5.3 5.6 CRETE, GREECE - INV
event name:     C200803280016A
time shift:      1.9700
half duration:   1.4000
latitude:       34.3800
longitude:      25.3200
depth:          59.1400
Mrr:       0.151943E+25
Mtt:      -0.219597E+25
Mpp:       0.676536E+24
Mrt:       0.169032E+25
Mrp:       0.722372E+23
Mtp:       0.449354E+24
