 PDE 2008 11 22 18 49 42.40  -1.2300  -13.9300  10.0 6.3 6.3 NORTH OF ASCENSION ISLAND
event name:     C200811221849A
time shift:      6.4881
half duration:   3.4000
latitude:       -0.7648
longitude:     -13.8034
depth:          16.2032
Mrr:      -2.321607e+24
Mtt:       1.383826e+25
Mpp:      -1.151666e+25
Mrt:      -5.330021e+24
Mrp:       1.193289e+25
Mtp:      -3.024242e+25
