 PDE 2006  5 22 11 12  0.40  60.7700  165.7400  16.5 6.6 6.7 EASTERN SIBERIA, RUSSIA
event name:     C200605221112A
time shift:      3.4344
half duration:   4.9000
latitude:       60.8547
longitude:     165.8045
depth:           9.4922
Mrr:       1.635738e+25
Mtt:      -5.794912e+25
Mpp:       4.159174e+25
Mrt:       8.380779e+24
Mrp:      -4.886715e+24
Mtp:       7.618749e+25
