 PDE 2005 11 25  9 30 56.90  35.0200   23.3200  32.0 5.2 4.6 CRETE, GREECE - INV
event name:     C200511250930A
time shift:      2.5200
half duration:   1.0000
latitude:       34.7496
longitude:      23.2344
depth:          45.6593
Mrr:       0.585780E+24
Mtt:      -0.473090E+24
Mpp:      -0.112690E+24
Mrt:       0.188547E+24
Mrp:      -0.279184E+24
Mtp:       0.429154E+24
