 PDE 2005 03 19 17 34 46.20  -21.8900 -179.5500 598.7 5.9 0.0 FIJI ISLANDS REGION
event name:   C200503191734A
time shift:           1.9954
half duration:        3.4000
latitude:           -21.8725
longitude:         -179.2736
depth:              605.8802
Mrr:            5.169676E+24
Mtt:           -8.198575E+24
Mpp:            3.028899E+24
Mrt:           -1.554581E+25
Mrp:           -3.337395E+25
Mtp:           -8.628024E+24
