 PDE 2009 11 22 07 48 20.60  -17.7900 -178.4300 522.6 5.7 6.4 FIJI ISLANDS REGION
event name:   C200911220748A
time shift:           3.2895
half duration:        3.5000
latitude:           -17.7198
longitude:         -178.3609
depth:              544.5574
Mrr:           -1.724580E+25
Mtt:            2.321825E+25
Mpp:           -5.972442E+24
Mrt:           -1.904993E+25
Mrp:           -2.558729E+25
Mtp:            7.117742E+24
