 PDE 2009 10  7 20 52 13.00  81.5700  119.5300   8.0 5.8 5.8 EAST OF SEVERNAYA ZEMLYA
event name:     C200910072052A
time shift:      1.3030
half duration:   2.0000
latitude:       81.5591
longitude:     120.0113
depth:           8.7320
Mrr:      -6.542911e+24
Mtt:       9.879216e+23
Mpp:       5.554990e+24
Mrt:      -3.354097e+23
Mrp:      -1.625627e+24
Mtp:      -2.801184e+24
