 PDE 2008 10 22 12 55 57.40  -18.4100 -175.3500 233.4 5.9 6.4 TONGA ISLANDS
event name:   C200810221255A
time shift:           3.9935
half duration:        3.7000
latitude:           -18.4030
longitude:         -174.9761
depth:              244.3097
Mrr:           -1.924920E+25
Mtt:            1.169670E+25
Mpp:            7.552493E+24
Mrt:           -1.804140E+25
Mrp:           -3.695207E+25
Mtp:            1.424581E+25
