 PDE 2008 04 15 22 59 51.30   51.8500 -179.3600  10.0 6.1 6.4 ANDREANOF ISLANDS, ALEUTIAN IS.
event name:    200804152259A
time shift:           4.3176
half duration:        4.1000
latitude:            51.7688
longitude:         -179.2771
depth:               12.1875
Mrr:           -1.522713E+24
Mtt:            1.672860E+25
Mpp:           -1.520590E+25
Mrt:            9.623383E+24
Mrp:           -1.595055E+25
Mtp:           -5.441999E+25
