 PDE 2009 11  5  9 43 20.70 -52.2900  160.7000  10.0 6.0 6.0 MACQUARIE ISLAND REGION
event name:     C200911050943A
time shift:      4.1584
half duration:   2.4000
latitude:      -52.2296
longitude:     160.3113
depth:          21.2677
Mrr:       1.109220e+24
Mtt:       9.498551e+24
Mpp:      -1.060778e+25
Mrt:      -3.563876e+24
Mrp:       1.434272e+24
Mtp:       6.167754e+24
