 PDE 2006 08 07 22 18 54.00  -15.7800  167.8000 140.6 6.0 6.8 VANUATU ISLANDS
event name:   C200608072218A
time shift:           6.3116
half duration:        6.1000
latitude:           -15.7672
longitude:          167.6287
depth:              155.5111
Mrr:           -1.273874E+26
Mtt:            1.492705E+26
Mpp:           -2.188334E+25
Mrt:           -4.428490E+25
Mrp:           -1.107530E+26
Mtp:            1.471413E+26
