 PDE 2009 03 12 23 23 34.80    5.6900  -82.7700   9.0 6.1 6.3 SOUTH OF PANAMA
event name:    200903122323A
time shift:           3.0882
half duration:        3.4000
latitude:             5.5121
longitude:          -82.5947
depth:               15.2069
Mrr:           -8.832206E+22
Mtt:            2.131226E+24
Mpp:           -2.042916E+24
Mrt:            5.444880E+24
Mrp:           -4.441465E+23
Mtp:            3.540234E+25
