 PDE 2007 11 27  4 27  0.60  16.0800  119.8500  52.5 5.9 5.9 LUZON, PHILIPPINES
event name:     C200711270427A
time shift:      2.0216
half duration:   2.1000
latitude:       16.2339
longitude:     119.7842
depth:          41.3178
Mrr:       6.041905e+24
Mtt:       1.993782e+23
Mpp:      -6.241284e+24
Mrt:      -8.133875e+23
Mrp:       4.028365e+24
Mtp:      -9.063197e+23
