 PDE 2006  7 28 12 56 49.00  59.1700  -30.6800  10.0 5.2 5.0 REYKJANES RIDGE - INV
event name:     C200607281256A
time shift:      0.7900
half duration:   1.2000
latitude:       59.2100
longitude:     -30.6200
depth:           6.4541
Mrr:      -0.986891E+24
Mtt:       0.427695E+23
Mpp:       0.944121E+24
Mrt:       0.171247E+24
Mrp:      -0.510342E+24
Mtp:       0.903498E+24
