 PDE 2006 07 15 07 10 48.20   -4.4500  126.1700 367.8 5.8 5.8 BANDA SEA
event name:   C200607150710A
time shift:           2.7752
half duration:        1.9000
latitude:            -4.3856
longitude:          126.3076
depth:              381.9002
Mrr:           -5.677618E+24
Mtt:            6.418010E+24
Mpp:           -7.403917E+23
Mrt:            4.141472E+24
Mrp:            1.758676E+24
Mtp:           -2.292485E+23
