 PDE 2015  3 16  3  0  5.90  -4.0700  152.0300 196.0 5.9 5.9 NEW BRITAIN REGION, P.N.G.
event name:     C201503160300A
time shift:      0.7841
half duration:   2.3000
latitude:       -4.0950
longitude:     152.0032
depth:         195.5401
Mrr:      -3.943451e+24
Mtt:       8.335172e+24
Mpp:      -4.391721e+24
Mrt:       2.816142e+23
Mrp:      -6.754820e+24
Mtp:      -9.423030e+23
