 PDE 2010 08 16 19 35 49.00  -20.8000 -178.8300 603.2 5.7 6.2 FIJI ISLANDS REGION
event name:   C201008161935A
time shift:           2.7627
half duration:        2.9000
latitude:           -20.7395
longitude:         -178.6699
depth:              603.1983
Mrr:           -1.456766E+25
Mtt:            1.148123E+25
Mpp:            3.086426E+24
Mrt:           -9.083420E+24
Mrp:           -1.195317E+25
Mtp:           -1.078734E+25
