 PDE 2015  6 20  2 10  7.10 -36.3600  -73.8100  11.0 6.4 6.4 NEAR COAST OF CENTRAL CHILE
event name:     201506200210A
time shift:      5.2854
half duration:   3.9000
latitude:      -36.3441
longitude:     -74.1549
depth:          12.4720
Mrr:       3.359594e+25
Mtt:       9.515979e+23
Mpp:      -3.454754e+25
Mrt:      -1.311627e+25
Mrp:      -4.891922e+25
Mtp:      -7.533806e+24
