 PDE 2014  3 23  4 31  1.60 -20.6700 -178.8100 606.9 5.8 5.9 FIJI ISLANDS REGION
event name:     C201403230431A
time shift:      3.6162
half duration:   2.0000
latitude:      -20.6276
longitude:    -178.8186
depth:         620.3541
Mrr:      -3.833777e+24
Mtt:      -8.063567e+23
Mpp:       4.640133e+24
Mrt:      -4.733326e+24
Mrp:      -3.226669e+24
Mtp:       2.456666e+24
