 PDE 2014  5  9 10 32 22.20 -18.9600 -175.5400 192.3 6.0 5.9 TONGA ISLANDS
event name:     C201405091032A
time shift:      7.2661
half duration:   2.3000
latitude:      -18.9877
longitude:    -175.1515
depth:         227.3762
Mrr:      -8.661915e+22
Mtt:       2.751008e+24
Mpp:      -2.664389e+24
Mrt:      -4.603445e+24
Mrp:      -9.355592e+24
Mtp:       2.401255e+24
