 PDE 2012  1 22  5 53 42.10 -56.7600  -25.1500  13.0 5.9 6.1 SOUTH SANDWICH ISLANDS REGION
event name:     C201201220553A
time shift:      6.9270
half duration:   2.3000
latitude:      -56.8018
longitude:     -24.5130
depth:          11.1817
Mrr:       9.060007e+24
Mtt:       2.274469e+23
Mpp:      -9.287454e+24
Mrt:      -5.447384e+24
Mrp:       1.067813e+25
Mtp:       1.237906e+24
