 PDE 2017 11  9  7 42 11.00  32.5200  141.4400  12.0 6.0 6.0 SOUTHEAST OF HONSHU, JAPAN
event name:     C201711090742A
time shift:      5.2588
half duration:   2.4000
latitude:       32.4400
longitude:     141.5097
depth:          15.1267
Mrr:       9.782288e+24
Mtt:       9.814155e+23
Mpp:      -1.076371e+25
Mrt:      -8.539095e+23
Mrp:       5.932801e+24
Mtp:       1.794128e+23
