 PDE 2014 07 05 09 39 27.80    1.9300   96.9400  20.0 0.0 6.0 OFF W COAST OF NORTHERN SUMATRA
event name:   C201407050939A
time shift:           4.2380
half duration:        2.6000
latitude:             1.7171
longitude:           96.7401
depth:               19.5604
Mrr:            6.364582E+24
Mtt:           -4.033906E+24
Mpp:           -2.330676E+24
Mrt:            1.018905E+25
Mrp:           -1.192177E+25
Mtp:            3.106041E+24
