 PDE 2011  2  4 13 53 44.20  24.6400   94.6800  66.0 6.3 6.3 MYANMAR-INDIA BORDER REGION
event name:     C201102041353A
time shift:      3.2381
half duration:   3.3000
latitude:       24.4643
longitude:      94.7041
depth:         100.3751
Mrr:       1.842852e+25
Mtt:      -2.542839e+25
Mpp:       6.999867e+24
Mrt:       3.690431e+23
Mrp:      -1.261367e+25
Mtp:       1.235560e+25
