 PDE 2018  7 23 10 35 59.60  -0.3000  -19.2500  10.0 6.0 6.0 CENTRAL MID-ATLANTIC RIDGE
event name:     C201807231036A
time shift:      4.3533
half duration:   2.3000
latitude:       -0.1849
longitude:     -19.1949
depth:           7.8813
Mrr:      -1.061461e+24
Mtt:       4.179013e+24
Mpp:      -3.117552e+24
Mrt:       3.356485e+24
Mrp:       2.361673e+23
Mtp:      -1.070525e+25
