 PDE 2018  7 19 13 31 53.80  17.9300  -97.7200  48.5 5.9 5.8 OAXACA, MEXICO
event name:     C201807191331A
time shift:      2.2425
half duration:   2.1000
latitude:       17.9537
longitude:     -97.7211
depth:          50.3551
Mrr:      -6.482346e+24
Mtt:       4.855825e+24
Mpp:       1.626521e+24
Mrt:      -1.728107e+24
Mrp:      -7.104962e+23
Mtp:      -3.337199e+24
