 PDE 2015  9 22  7 13  0.50 -31.4400  -71.2600  58.0 6.0 6.0 NEAR COAST OF CENTRAL CHILE
event name:     C201509220712A
time shift:      3.4177
half duration:   2.6000
latitude:      -31.5707
longitude:     -71.3791
depth:          62.1866
Mrr:       1.252672e+25
Mtt:       5.021186e+23
Mpp:      -1.302884e+25
Mrt:       3.078305e+24
Mrp:      -8.614928e+24
Mtp:       1.582037e+24
