 PDE 2019  7  4 17 33 49.00  35.7100 -117.5000  10.5 6.5 6.5 CENTRAL CALIFORNIA
event name:     C201907041733B
time shift:      6.7631
half duration:   4.1000
latitude:       35.6873
longitude:    -117.5415
depth:          10.9327
Mrr:      -2.896463e+24
Mtt:      -4.844770e+25
Mpp:       5.134417e+25
Mrt:       2.711383e+23
Mrp:      -4.975795e+24
Mtp:       3.369893e+24
