 PDE 2012 12 17 17 41 32.30   -4.1800 -104.4900  10.0 5.1 5.9 CENTRAL EAST PACIFIC RISE
event name:   C201212171741A
time shift:           3.7653
half duration:        2.2000
latitude:            -3.9588
longitude:         -104.3490
depth:               10.9651
Mrr:           -6.164080E+23
Mtt:            3.134228E+23
Mpp:            3.029853E+23
Mrt:            1.070297E+24
Mrp:            3.656708E+22
Mtp:            9.742756E+24
