 PDE 2019  7 27 18 31  7.50  33.1500  137.3000 367.0 6.3 6.3 NEAR S. COAST OF HONSHU, JAPAN
event name:     C201907271831A
time shift:      2.5561
half duration:   3.6000
latitude:       33.1676
longitude:     137.1305
depth:         372.2989
Mrr:       1.227680e+25
Mtt:       1.212371e+25
Mpp:      -2.440051e+25
Mrt:       8.327199e+24
Mrp:      -2.826230e+25
Mtp:      -7.040710e+24
