 PDE 2013 10 30 02 51 47.00  -35.3100  -73.3900  41.5 0.0 6.2 OFF COAST OF CENTRAL CHILE
event name:   C201310300251A
time shift:           9.8234
half duration:        3.3000
latitude:           -35.4350
longitude:          -73.4730
depth:               11.2824
Mrr:            1.904723E+25
Mtt:           -6.218753E+23
Mpp:           -1.842534E+25
Mrt:           -9.052671E+24
Mrp:           -3.258916E+25
Mtp:           -6.809089E+24
