 PDE 2018 10 30  2 13 39.50 -39.0600  174.9600 225.5 6.1 6.1 NORTH ISLAND, NEW ZEALAND
event name:     C201810300213A
time shift:      2.3411
half duration:   2.8000
latitude:      -39.0682
longitude:     174.9439
depth:         223.0937
Mrr:       1.052119e+25
Mtt:       2.088608e+24
Mpp:      -1.260980e+25
Mrt:       1.284448e+25
Mrp:      -1.228805e+22
Mtp:      -8.281253e+24
