 PDE 2017 11  7 21 26 38.50  -4.2400  143.4900 110.6 6.5 6.5 NEW GUINEA, PAPUA NEW GUINEA
event name:     201711072126A
time shift:      2.4839
half duration:   4.2000
latitude:       -4.2666
longitude:     143.4551
depth:         113.3590
Mrr:       4.823023e+25
Mtt:      -4.885360e+25
Mpp:       6.233616e+23
Mrt:       4.265237e+25
Mrp:      -5.609545e+24
Mtp:      -3.491334e+23
