 PDE 2018  3 24 11 23 32.00  -5.5000  151.5000  33.0 6.3 6.3 NEW BRITAIN REGION, P.N.G.
event name:     201803241123A
time shift:      3.8497
half duration:   3.7000
latitude:       -5.7396
longitude:     151.4595
depth:          39.2154
Mrr:       4.126362e+25
Mtt:      -3.336502e+25
Mpp:      -7.898595e+24
Mrt:       2.298872e+24
Mrp:       3.364466e+23
Mtp:      -2.004679e+25
