 PDE 2013 06 24 22 04 13.50   10.7000  -42.5900  10.0 6.1 6.6 NORTHERN MID-ATLANTIC RIDGE
event name:   C201306242204A
time shift:           5.4663
half duration:        4.2000
latitude:            10.9115
longitude:          -42.4597
depth:               15.7704
Mrr:           -4.996803E+24
Mtt:           -9.743459E+24
Mpp:            1.474026E+25
Mrt:            1.044154E+25
Mrp:            2.779284E+25
Mtp:           -7.995935E+25
