 PDE 2012 05 28 05 07 23.50  -28.0400  -63.0900 586.9 6.0 6.8 SANTIAGO DEL ESTERO PROV., ARG.
event name:   C201205280507A
time shift:           3.4433
half duration:        5.3000
latitude:           -28.2529
longitude:          -63.0765
depth:              591.3478
Mrr:           -7.863441E+25
Mtt:           -9.219529E+24
Mpp:            8.785393E+25
Mrt:           -5.098121E+25
Mrp:            1.011372E+26
Mtp:            9.125700E+24
