 PDE 2019  6  4  4 39 17.00  29.0700  139.3000 422.0 6.4 6.4 SOUTHEAST OF HONSHU, JAPAN
event name:     C201906040439A
time shift:      2.3531
half duration:   3.9000
latitude:       29.0804
longitude:     139.1709
depth:         435.6849
Mrr:      -3.540965e+24
Mtt:       6.629697e+24
Mpp:      -3.088732e+24
Mrt:       7.283814e+24
Mrp:      -4.670039e+25
Mtp:      -9.696258e+24
