 PDE 2010 09 13 07 15 49.80  -14.6100  -70.7800 181.0 5.6 5.9 CENTRAL PERU
event name:   C201009130715A
time shift:          -0.3526
half duration:        2.0000
latitude:           -14.7298
longitude:          -71.0945
depth:              167.9077
Mrr:           -5.269368E+24
Mtt:            5.257992E+24
Mpp:            1.137490E+22
Mrt:           -4.378608E+23
Mrp:           -2.480980E+24
Mtp:           -5.501098E+24
