 PDE 2014  7 31 13 41  0.80  12.4400   95.2100  10.0 5.8 5.8 ANDAMAN ISLANDS, INDIA REGION
event name:     C201407311341A
time shift:      2.3281
half duration:   2.0000
latitude:       12.3002
longitude:      95.1906
depth:          12.0025
Mrr:      -4.404866e+24
Mtt:       2.514924e+24
Mpp:       1.889942e+24
Mrt:       1.128339e+24
Mrp:       8.056416e+23
Mtp:       6.178943e+24
