 PDE 2016  7 27  1 25 12.90 -44.4100  -79.0600  10.0 5.9 5.9 OFF COAST OF SOUTHERN CHILE
event name:     C201607270125A
time shift:      4.4158
half duration:   2.1000
latitude:      -44.6253
longitude:     -79.4810
depth:          14.4470
Mrr:      -4.259308e+23
Mtt:       3.706916e+24
Mpp:      -3.280985e+24
Mrt:       2.233349e+23
Mrp:      -2.488300e+23
Mtp:      -7.581515e+24
