 PDE 2015  7 20 11  8 19.40 -35.5300 -105.0800  14.0 5.8 5.7 SOUTHERN EAST PACIFIC RISE
event name:     C201507201108A
time shift:      3.0070
half duration:   1.9000
latitude:      -35.4585
longitude:    -104.8285
depth:          12.1784
Mrr:      -6.833152e+23
Mtt:      -1.628499e+24
Mpp:       2.311814e+24
Mrt:       9.720467e+23
Mrp:      -1.882565e+24
Mtp:      -6.089590e+24
