 PDE 2016  7 20 15 13 16.50 -18.9300  169.0500 167.0 6.1 6.1 VANUATU ISLANDS
event name:     C201607201513A
time shift:      2.4114
half duration:   2.7000
latitude:      -18.9716
longitude:     168.8548
depth:         171.2154
Mrr:       1.243217e+24
Mtt:      -1.984626e+24
Mpp:       7.414078e+23
Mrt:       1.981798e+24
Mrp:      -1.581884e+25
Mtp:       3.415255e+24
