 PDE 2010  1  3 21 48  5.30  -8.7400  157.4800  26.0 6.6 6.6 SOLOMON ISLANDS
event name:     201001032148A
time shift:     10.1508
half duration:   5.1000
latitude:       -9.1089
longitude:     157.4324
depth:          10.1856
Mrr:       7.506576e+25
Mtt:      -2.871832e+25
Mpp:      -4.634744e+25
Mrt:       6.784766e+25
Mrp:      -6.485915e+25
Mtp:       3.624248e+25
