 PDE 2011 12 11  9 54 55.20 -56.0100  -28.1800 116.0 6.2 6.2 SOUTH SANDWICH ISLANDS REGION
event name:     C201112110954A
time shift:      4.6356
half duration:   3.3000
latitude:      -55.9692
longitude:     -27.7782
depth:         122.1685
Mrr:       2.343514e+25
Mtt:      -2.465187e+25
Mpp:       1.216728e+24
Mrt:      -9.515923e+24
Mrp:      -1.501073e+25
Mtp:       1.159192e+25
