 PDE 2014 07 02 05 53 29.20  -62.3000  155.1900  10.0 0.0 6.0 BALLENY ISLANDS REGION
event name:   C201407020553A
time shift:           5.7573
half duration:        2.5000
latitude:           -62.3098
longitude:          154.9972
depth:                9.5285
Mrr:            5.120454E+23
Mtt:            1.287080E+25
Mpp:           -1.338284E+25
Mrt:           -2.585542E+24
Mrp:           -2.144188E+24
Mtp:           -8.417294E+24
