 PDE 2013 10 19 17 54 54.70   26.0900 -110.3200   9.4 0.0 6.6 GULF OF CALIFORNIA
event name:   C201310191754A
time shift:           8.6063
half duration:        4.7000
latitude:            26.1775
longitude:         -110.5325
depth:               13.9996
Mrr:            6.773710E+21
Mtt:           -8.692345E+25
Mpp:            8.691667E+25
Mrt:           -1.907989E+24
Mrp:           -1.358609E+25
Mtp:           -8.741101E+24
