 PDE 2011  7 31 23 38 56.60  -3.5200  144.8300  10.0 6.6 6.6 NEAR N COAST OF NEW GUINEA, PNG.
event name:     201107312338A
time shift:      6.5243
half duration:   4.9000
latitude:       -3.3963
longitude:     144.6229
depth:           9.0514
Mrr:      -9.162510e+24
Mtt:      -6.604573e+24
Mpp:       1.576708e+25
Mrt:       7.111898e+24
Mrp:       9.851500e+24
Mtp:       1.095251e+26
