 PDE 2014 07 11 19 22 00.80   37.0100  142.4500  20.0 0.0 6.5 OFF EAST COAST OF HONSHU, JAPAN
event name:   C201407111922A
time shift:           4.7274
half duration:        4.5000
latitude:            36.9680
longitude:          142.3915
depth:               12.3281
Mrr:           -6.519940E+25
Mtt:           -1.007078E+25
Mpp:            7.527019E+25
Mrt:           -2.795726E+25
Mrp:           -5.591680E+25
Mtp:            2.574897E+25
