 PDE 2013 11 23 07 48 32.10  -17.1200 -176.5400 371.0 0.0 6.5 FIJI ISLANDS REGION
event name:   C201311230748A
time shift:           3.2304
half duration:        4.3000
latitude:           -17.0878
longitude:         -176.3866
depth:              384.3159
Mrr:            2.837848E+25
Mtt:           -2.062267E+24
Mpp:           -2.631622E+25
Mrt:           -3.074749E+25
Mrp:           -6.275075E+25
Mtp:           -4.539636E+24
