 PDE 2012 08 05 13 55 10.40  -21.1500 -178.3600 484.3 5.5 5.9 FIJI ISLANDS REGION
event name:   C201208051355A
time shift:           3.4587
half duration:        1.9000
latitude:           -21.0314
longitude:         -178.2609
depth:              490.2639
Mrr:           -4.058218E+24
Mtt:            1.550980E+24
Mpp:            2.507236E+24
Mrt:           -4.247062E+24
Mrp:           -3.194614E+24
Mtp:            6.651579E+23
