 PDE 2017  6 22 12 31  3.50  13.7200  -90.9700  38.1 6.8 6.8 NEAR COAST OF GUATEMALA
event name:     201706221231A
time shift:      5.0923
half duration:   6.0000
latitude:       13.5877
longitude:     -91.4297
depth:          35.4382
Mrr:       1.610593e+26
Mtt:      -1.246696e+26
Mpp:      -3.638968e+25
Mrt:       5.921546e+25
Mrp:      -4.303958e+25
Mtp:       6.898367e+25
