 PDE 2011  2  2  0 38 19.70  55.0600 -160.4800  54.7 5.9 5.9 ALASKA PENINSULA
event name:     C201102020038A
time shift:     -0.5052
half duration:   2.2000
latitude:       54.7846
longitude:    -160.2213
depth:          44.9940
Mrr:       6.448972e+24
Mtt:      -5.509830e+24
Mpp:      -9.391425e+23
Mrt:       4.360687e+24
Mrp:       2.221517e+24
Mtp:      -2.949157e+24
