 PDE 2017  9 10  3  7 22.40  15.4000  -94.5300  29.0 5.8 5.8 NEAR COAST OF OAXACA, MEXICO
event name:     C201709100307A
time shift:      3.5096
half duration:   2.1000
latitude:       15.5818
longitude:     -94.6645
depth:          23.5137
Mrr:       2.814637e+24
Mtt:      -1.915678e+24
Mpp:      -8.989602e+23
Mrt:       4.066393e+24
Mrp:      -4.475993e+24
Mtp:       1.542556e+24
