 PDE 2015  3 18 18 27 29.50 -36.1100  -73.5200  13.0 6.1 6.2 NEAR COAST OF CENTRAL CHILE
event name:     C201503181827A
time shift:      5.0771
half duration:   2.8000
latitude:      -36.1621
longitude:     -73.9111
depth:          12.3067
Mrr:       1.141430e+25
Mtt:       4.530638e+23
Mpp:      -1.186736e+25
Mrt:      -3.439924e+24
Mrp:      -1.768603e+25
Mtp:      -2.108952e+24
