 PDE 2018  1 25 16 39 43.50  40.4600 -126.3300   8.9 5.8 5.8 OFF COAST OF NORTHERN CALIFORNIA
event name:     C201801251639A
time shift:      3.7307
half duration:   2.0000
latitude:       40.5010
longitude:    -126.5482
depth:          11.8782
Mrr:      -5.835215e+23
Mtt:      -2.717732e+23
Mpp:       8.552947e+23
Mrt:       1.053362e+24
Mrp:       3.009500e+24
Mtp:      -5.781608e+24
