 PDE 2014  2  2  9 26 37.80 -32.9100 -177.8800  44.3 6.4 6.5 SOUTH OF KERMADEC ISLANDS
event name:     C201402020926A
time shift:      4.0700
half duration:   4.0000
latitude:      -32.9700
longitude:    -177.6744
depth:          45.2628
Mrr:       4.917459e+25
Mtt:      -2.018210e+25
Mpp:      -2.899249e+25
Mrt:      -1.236471e+25
Mrp:      -5.947186e+24
Mtp:      -2.769665e+25
