 PDE 2011 12 13  7 52 11.90   0.0400  123.0300 161.0 6.1 6.0 MINAHASSA PENINSULA, SULAWESI
event name:     C201112130752A
time shift:      0.5713
half duration:   2.6000
latitude:        0.0043
longitude:     123.1399
depth:         158.1784
Mrr:       1.387225e+25
Mtt:      -1.282459e+25
Mpp:      -1.047656e+24
Mrt:       7.775007e+24
Mrp:       2.333069e+24
Mtp:       4.272678e+24
