 PDE 2017 12  8  9 51  8.10  10.0100  140.1900   8.0 6.3 6.3 W. CAROLINE ISLANDS, MICRONESIA
event name:     C201712080951A
time shift:      2.0738
half duration:   3.4000
latitude:       10.0068
longitude:     140.1586
depth:           7.1404
Mrr:       8.558711e+23
Mtt:       3.357088e+25
Mpp:      -3.442674e+25
Mrt:      -1.155247e+23
Mrp:      -1.006144e+25
Mtp:       6.784126e+24
