 PDE 2011 12 09 19 42 57.30   47.0100  144.5500 392.2 5.7 5.8 SEA OF OKHOTSK
event name:   C201112091942A
time shift:           0.5594
half duration:        1.8000
latitude:            46.9300
longitude:          144.5949
depth:              387.6629
Mrr:            7.617567E+23
Mtt:            2.564801E+24
Mpp:           -3.326560E+24
Mrt:           -3.023818E+24
Mrp:           -3.620997E+24
Mtp:           -2.345668E+24
