 PDE 2012 11 11 01 12 38.90   23.0000   95.8900  13.7 6.3 6.8 MYANMAR
event name:   C201211110112A
time shift:          17.4651
half duration:        6.5000
latitude:            22.7273
longitude:           96.0333
depth:               14.2801
Mrr:           -3.912840E+24
Mtt:            8.500312E+24
Mpp:           -4.587469E+24
Mrt:            1.076902E+26
Mrp:            1.420189E+25
Mtp:            1.379674E+26
