 PDE 2013 09 15 16 21 36.90   51.5500 -174.6800  22.3 5.9 6.1 ANDREANOF ISLANDS, ALEUTIAN IS.
event name:   C201309151621A
time shift:           5.6178
half duration:        2.7000
latitude:            51.5000
longitude:         -174.6622
depth:               24.3349
Mrr:            1.567975E+25
Mtt:           -1.452049E+25
Mpp:           -1.159253E+24
Mrt:            1.145718E+25
Mrp:            6.624673E+24
Mtp:           -6.207010E+24
