 PDE 2017 12 12 21 41 31.10  30.8300   57.3000   8.0 6.0 6.0 NORTHERN AND CENTRAL IRAN
event name:     C201712122141A
time shift:      1.8477
half duration:   2.5000
latitude:       30.7299
longitude:      57.1384
depth:           6.3275
Mrr:       1.061422e+25
Mtt:      -9.834718e+24
Mpp:      -7.795042e+23
Mrt:      -7.075001e+24
Mrp:       1.631429e+24
Mtp:       3.777640e+24
