 PDE 2011  1 17 19 20 57.20  -5.0300  102.6500  36.0 6.0 6.0 SOUTHERN SUMATRA, INDONESIA
event name:     C201101171920A
time shift:      2.0872
half duration:   2.4000
latitude:       -5.3530
longitude:     102.4669
depth:          29.5752
Mrr:       7.580713e+24
Mtt:      -4.867450e+24
Mpp:      -2.713264e+24
Mrt:       6.627921e+24
Mrp:      -4.501088e+24
Mtp:       4.001394e+24
