 PDE 2014 06 30 19 55 32.40   28.3400  138.8400 511.0 0.0 6.2 BONIN ISLANDS, JAPAN REGION
event name:   C201406301955A
time shift:           4.8990
half duration:        3.2000
latitude:            28.4173
longitude:          138.7522
depth:              521.6179
Mrr:            7.382188E+24
Mtt:            9.585389E+24
Mpp:           -1.696758E+25
Mrt:            1.765142E+25
Mrp:           -1.708024E+25
Mtp:            3.774579E+24
