 PDE 2010 01 12 21 53 10.20   18.4500  -72.5500  13.0 0.0 7.0 HAITI REGION
event name:    201001122153A
time shift:           6.9698
half duration:        8.1000
latitude:            18.5950
longitude:          -72.6214
depth:               11.7989
Mrr:            2.241499E+26
Mtt:           -5.381159E+26
Mpp:            3.139662E+26
Mrt:           -1.118415E+26
Mrp:           -1.442585E+26
Mtp:            3.756535E+26
