 PDE 2016  5  8  7 34  0.70  16.4100  -97.8400  22.0 5.9 5.8 OAXACA, MEXICO
event name:     C201605080734A
time shift:      2.5271
half duration:   2.1000
latitude:       16.6079
longitude:     -97.7911
depth:          23.1058
Mrr:       3.313944e+24
Mtt:      -2.436850e+24
Mpp:      -8.770942e+23
Mrt:       4.619207e+24
Mrp:      -4.060676e+24
Mtp:       1.496942e+24
