 PDE 2018 12 30  8 39 12.40  -2.6800  102.3500 166.0 5.8 5.7 SOUTHERN SUMATRA, INDONESIA
event name:     C201812300839A
time shift:      2.2451
half duration:   1.9000
latitude:       -2.6748
longitude:     102.2573
depth:         172.3882
Mrr:      -1.126320e+24
Mtt:      -4.835300e+22
Mpp:       1.174672e+24
Mrt:      -2.172435e+23
Mrp:      -4.376605e+24
Mtp:      -3.185997e+24
