 PDE 2010 08 12 11 54 15.60   -1.2700  -77.3100 206.7 6.4 7.1 ECUADOR
event name:   C201008121154A
time shift:           4.6788
half duration:        8.4000
latitude:            -1.5081
longitude:          -77.5202
depth:              202.9168
Mrr:           -3.250055E+26
Mtt:            1.300318E+26
Mpp:            1.949736E+26
Mrt:            3.697789E+26
Mrp:           -3.025482E+26
Mtp:           -2.666799E+26
