 PDE 2017  5 29 14 35 21.50  -1.2900  120.4300  12.0 6.6 6.6 SULAWESI, INDONESIA
event name:     201705291435A
time shift:      6.5635
half duration:   4.8000
latitude:       -1.2394
longitude:     120.3676
depth:           8.9905
Mrr:      -7.346506e+25
Mtt:       8.500219e+25
Mpp:      -1.153712e+25
Mrt:       3.748649e+25
Mrp:       1.752580e+23
Mtp:      -2.635643e+25
