 PDE 2011  8 10  0 53 24.70  27.7200   65.0800  37.0 5.8 5.8 PAKISTAN
event name:     C201108100053A
time shift:      5.0064
half duration:   1.9000
latitude:       27.5730
longitude:      65.0035
depth:          56.3706
Mrr:      -1.272572e+24
Mtt:       1.940735e+24
Mpp:      -6.681626e+23
Mrt:       1.284366e+24
Mrp:      -1.757206e+24
Mtp:       4.506932e+24
