 PDE 2013 02 14 13 13 53.10   67.6300  142.5100  11.0 6.5 6.7 EASTERN SIBERIA, RUSSIA
event name:   C201302141313A
time shift:           6.4017
half duration:        5.3000
latitude:            67.6504
longitude:          142.5059
depth:               10.8675
Mrr:            1.094951E+26
Mtt:           -6.661044E+25
Mpp:           -4.288458E+25
Mrt:            2.687826E+25
Mrp:            1.283973E+25
Mtp:            7.662192E+25
