 PDE 2018  4  7  5 48 40.00  -5.8400  142.5300  18.1 6.3 6.3 NEW GUINEA, PAPUA NEW GUINEA
event name:     C201804070548A
time shift:      5.0577
half duration:   3.3000
latitude:       -5.9474
longitude:     142.5697
depth:          24.0190
Mrr:       2.065363e+25
Mtt:      -1.134475e+25
Mpp:      -9.308869e+24
Mrt:       4.362526e+24
Mrp:      -4.461789e+23
Mtp:       2.544707e+25
