 PDE 2011 07 29 07 42 22.60  -23.7800  179.7600 523.0 6.2 6.7 SOUTH OF FIJI ISLANDS
event name:   C201107290742A
time shift:           4.2791
half duration:        5.6000
latitude:           -23.7695
longitude:          179.9243
depth:              535.4190
Mrr:            1.324579E+26
Mtt:           -1.505098E+26
Mpp:            1.805181E+25
Mrt:           -7.127048E+25
Mrp:           -5.676376E+25
Mtp:           -2.614694E+25
