 PDE 2012 10  9 12 32  9.80 -60.3300  153.7000  10.0 6.6 6.6 WEST OF MACQUARIE ISLAND
event name:     C201210091232A
time shift:      9.6036
half duration:   4.7000
latitude:      -60.6467
longitude:     153.3996
depth:          16.1898
Mrr:      -1.121449e+25
Mtt:       7.415065e+25
Mpp:      -6.293616e+25
Mrt:       1.161966e+25
Mrp:       1.232031e+25
Mtp:      -6.009089e+25
