 PDE 2013 04 19 17 51 41.40  -11.9800  121.6300  15.2 6.0 5.8 SOUTH OF TIMOR, INDONESIA
event name:   C201304191751A
time shift:           4.8612
half duration:        2.0000
latitude:           -12.0028
longitude:          121.7142
depth:               28.0634
Mrr:           -1.500229E+24
Mtt:            5.680939E+24
Mpp:           -4.180709E+24
Mrt:           -4.122738E+24
Mrp:           -4.204570E+24
Mtp:           -9.349133E+23
