 PDE 2012  6 29 15 31 46.70 -24.7400   -9.6700  10.0 5.8 5.8 SOUTH ATLANTIC OCEAN
event name:     C201206291531A
time shift:      1.7484
half duration:   1.9000
latitude:      -24.6345
longitude:      -9.6744
depth:           9.9573
Mrr:       6.911936e+24
Mtt:      -1.006918e+23
Mpp:      -6.811244e+24
Mrt:       3.075368e+23
Mrp:       2.354432e+24
Mtp:       2.704785e+24
