 PDE 2013 04 26 06 53 28.90  -28.6800 -178.9200 351.0 5.8 6.2 KERMADEC ISLANDS REGION
event name:   C201304260653A
time shift:           2.8216
half duration:        2.9000
latitude:           -28.6590
longitude:         -178.8134
depth:              353.6595
Mrr:            4.281201E+24
Mtt:           -1.424798E+25
Mpp:            9.966779E+24
Mrt:           -1.146780E+25
Mrp:           -1.476960E+25
Mtp:           -4.899302E+24
