 PDE 2018 10 22  6 16 26.50  49.3300 -129.2900  10.0 6.8 6.8 VANCOUVER ISLAND, CANADA REGION
event name:     C201810220616A
time shift:      8.8323
half duration:   5.8000
latitude:       49.1449
longitude:    -129.9068
depth:          11.1640
Mrr:      -1.134461e+25
Mtt:      -1.468290e+26
Mpp:       1.581735e+26
Mrt:       1.040224e+25
Mrp:       5.609894e+23
Mtp:      -3.754418e+25
