 PDE 2019  7  6  3 19 53.00  35.7700 -117.6000   8.0 7.0 7.1 CENTRAL CALIFORNIA
event name:     C201907060319A
time shift:     10.1913
half duration:   8.0000
latitude:       35.7799
longitude:    -117.5839
depth:          12.2938
Mrr:      -2.069867e+25
Mtt:      -3.612262e+26
Mpp:       3.819248e+26
Mrt:       4.476689e+25
Mrp:       4.344128e+25
Mtp:       7.934236e+25
