 PDE 2015  5 24  4 53 23.60 -16.8500  -14.1700  10.0 6.3 6.3 SOUTHERN MID-ATLANTIC RIDGE
event name:     C201505240453A
time shift:      3.9782
half duration:   3.5000
latitude:      -16.7862
longitude:     -14.0940
depth:           7.4862
Mrr:       4.700462e+25
Mtt:      -1.555813e+23
Mpp:      -4.684903e+25
Mrt:      -1.112974e+24
Mrp:      -1.821624e+24
Mtp:       7.036638e+24
