 PDE 2012  1 14 16 36 21.00  19.2000  121.1600  17.0 5.8 5.8 PHILIPPINE ISLANDS REGION
event name:     C201201141636A
time shift:      4.8350
half duration:   1.9000
latitude:       19.3358
longitude:     120.8995
depth:          30.1255
Mrr:       4.627269e+24
Mtt:      -8.444759e+23
Mpp:      -3.782793e+24
Mrt:      -1.330364e+24
Mrp:      -3.404360e+24
Mtp:      -2.076389e+24
