 PDE 2013 11 25 05 56 50.10   45.5600  151.0100  34.0 0.0 6.0 KURIL ISLANDS
event name:   C201311250556A
time shift:           3.0903
half duration:        2.3000
latitude:            45.5757
longitude:          151.1889
depth:               34.6418
Mrr:            8.968278E+24
Mtt:           -3.704672E+24
Mpp:           -5.263605E+24
Mrt:            1.705524E+24
Mrp:            5.041017E+24
Mtp:           -5.501245E+24
