 PDE 2017  9 23 12 53  1.50  16.6300  -95.0800  10.0 6.0 6.1 OAXACA, MEXICO
event name:     C201709231253A
time shift:      2.1544
half duration:   2.6000
latitude:       16.7144
longitude:     -95.1200
depth:          11.6350
Mrr:      -1.216496e+25
Mtt:       1.267314e+25
Mpp:      -5.081686e+23
Mrt:       8.370826e+23
Mrp:      -3.301798e+24
Mtp:       6.700197e+24
