 PDE 2016  5 18  7 57  2.70   0.4300  -79.7900  16.0 6.7 6.7 NEAR COAST OF ECUADOR
event name:     201605180757A
time shift:      1.9979
half duration:   5.5000
latitude:        0.4383
longitude:     -80.0849
depth:          27.7552
Mrr:       6.205420e+25
Mtt:       3.367041e+24
Mpp:      -6.542124e+25
Mrt:       1.096786e+25
Mrp:      -1.007229e+26
Mtp:      -1.529077e+25
