 PDE 2019  7 13  0 57 44.30  29.3500  128.1500 251.0 6.1 6.1 NORTHWEST OF RYUKYU ISLANDS
event name:     C201907130057A
time shift:      1.3742
half duration:   2.8000
latitude:       29.3798
longitude:     128.1642
depth:         248.0923
Mrr:      -1.629119e+25
Mtt:      -3.216102e+22
Mpp:       1.632334e+25
Mrt:      -4.373649e+24
Mrp:      -5.786055e+24
Mtp:      -2.922216e+24
