 PDE 2017 10 24 10 47 47.90  -7.2200  123.0700 553.8 6.7 6.7 BANDA SEA
event name:     201710241047A
time shift:      3.3154
half duration:   5.6000
latitude:       -7.2499
longitude:     122.9825
depth:         555.3601
Mrr:      -1.281675e+26
Mtt:       1.295725e+26
Mpp:      -1.405002e+24
Mrt:       5.149112e+24
Mrp:       7.734321e+25
Mtp:       4.508622e+25
