 PDE 2011 10 27 00 15 24.50  -17.9400 -179.5300 602.9 5.3 6.0 FIJI ISLANDS REGION
event name:   C201110270015A
time shift:           2.2185
half duration:        2.4000
latitude:           -17.9709
longitude:         -179.3998
depth:              608.6462
Mrr:           -4.369664E+24
Mtt:            4.997223E+24
Mpp:           -6.275599E+23
Mrt:            5.142046E+24
Mrp:           -9.077319E+24
Mtp:           -3.505978E+24
