 PDE 2016  9 24 11  4 29.50  -1.9500  140.6000   8.0 5.9 5.9 IRIAN JAYA REGION, INDONESIA
event name:     C201609241104A
time shift:      2.2429
half duration:   2.2000
latitude:       -1.9001
longitude:     140.5831
depth:           8.1905
Mrr:      -7.308612e+24
Mtt:       7.746642e+24
Mpp:      -4.380309e+23
Mrt:       3.751240e+24
Mrp:       1.408463e+23
Mtp:       1.049107e+23
