 PDE 2017  6 30 22 29 45.10  -0.2800  -80.4900  13.0 6.0 6.0 NEAR COAST OF ECUADOR
event name:     C201706302229A
time shift:      0.2669
half duration:   2.5000
latitude:       -0.3639
longitude:     -80.7277
depth:          13.6361
Mrr:       7.250578e+24
Mtt:       1.655487e+23
Mpp:      -7.416127e+24
Mrt:       3.418252e+23
Mrp:      -1.162395e+25
Mtp:      -1.551355e+24
