 PDE 2012  8 11 12 23 18.20  38.3300   46.8300  11.0 6.5 6.7 ARMENIA-AZERBAIJAN-IRAN BORD REG
event name:     C201208111223A
time shift:      1.9490
half duration:   4.1000
latitude:       38.3082
longitude:      46.7991
depth:          14.3968
Mrr:       6.452332e+24
Mtt:       4.296155e+24
Mpp:      -1.074849e+25
Mrt:       7.308247e+24
Mrp:      -3.375575e+24
Mtp:      -4.805148e+25
