 PDE 2012 12 17 09 16 30.90   -0.6500  123.8100  44.2 6.0 6.1 MINAHASSA PENINSULA, SULAWESI
event name:   C201212170916A
time shift:           2.1044
half duration:        2.8000
latitude:            -0.6951
longitude:          123.9317
depth:               35.9343
Mrr:           -1.524135E+24
Mtt:            1.618880E+25
Mpp:           -1.466468E+25
Mrt:            9.106341E+22
Mrp:            1.334394E+25
Mtp:            2.238453E+24
