 PDE 2019 12 24 19  3 52.50   3.5400  -74.0200  11.0 6.0 6.0 COLOMBIA
event name:     C201912241903A
time shift:      4.6198
half duration:   2.3000
latitude:        3.4551
longitude:     -74.1079
depth:          18.0723
Mrr:       2.910015e+24
Mtt:       5.651213e+24
Mpp:      -8.561228e+24
Mrt:      -3.946932e+24
Mrp:      -1.034231e+24
Mtp:       2.740791e+24
