 PDE 2012  3 17 19 50 20.60 -34.9000 -107.6400  11.8 5.9 5.8 SOUTHERN EAST PACIFIC RISE
event name:     C201203171950A
time shift:      4.4475
half duration:   2.1000
latitude:      -35.0978
longitude:    -107.7934
depth:          13.2887
Mrr:      -1.990889e+23
Mtt:      -2.802047e+24
Mpp:       3.001136e+24
Mrt:       8.191690e+23
Mrp:      -2.447395e+24
Mtp:      -7.719519e+24
