 PDE 2010  1  5 12 15 32.20  -9.0200  157.5500  15.4 6.8 6.8 SOLOMON ISLANDS
event name:     201001051215A
time shift:     11.2185
half duration:   6.4000
latitude:       -9.0977
longitude:     157.7510
depth:          11.4668
Mrr:       1.344817e+26
Mtt:      -8.753461e+25
Mpp:      -4.694707e+25
Mrt:       7.031363e+25
Mrp:      -1.251147e+26
Mtp:       1.003241e+26
