 PDE 2015  9 28 15 28  5.80 -23.8000  -66.6000 219.0 6.0 5.9 JUJUY PROVINCE, ARGENTINA
event name:     C201509281528A
time shift:      1.5625
half duration:   2.4000
latitude:      -23.8450
longitude:     -66.8919
depth:         215.2847
Mrr:      -7.099743e+23
Mtt:      -1.484433e+23
Mpp:       8.584175e+23
Mrt:       7.881736e+23
Mrp:      -1.107364e+25
Mtp:      -1.703072e+23
