 PDE 2018  4  2  5 57 35.70 -24.7200 -176.8900  92.0 6.2 6.1 SOUTH OF FIJI ISLANDS
event name:     C201804020557A
time shift:      2.5291
half duration:   3.0000
latitude:      -24.7401
longitude:    -176.7492
depth:          94.3929
Mrr:      -1.221539e+25
Mtt:       1.416314e+24
Mpp:       1.079907e+25
Mrt:      -1.773706e+24
Mrp:      -1.265859e+25
Mtp:      -1.171766e+25
