 PDE 2010  8  4 12 58 24.20  51.4200 -178.6500  27.0 6.4 6.4 ANDREANOF ISLANDS, ALEUTIAN IS.
event name:     C201008041258A
time shift:      4.6919
half duration:   3.9000
latitude:       51.1356
longitude:    -178.4896
depth:          30.4542
Mrr:       3.254438e+25
Mtt:      -3.254225e+25
Mpp:      -2.127716e+21
Mrt:       2.618932e+25
Mrp:       2.210834e+25
Mtp:      -1.106639e+25
