 PDE 2011  1 31  6  3 27.30 -22.0100 -175.6200  76.0 6.0 6.0 TONGA ISLANDS REGION
event name:     C201101310603A
time shift:      1.9681
half duration:   2.4000
latitude:      -21.9089
longitude:    -175.1350
depth:          87.5887
Mrr:      -8.737238e+23
Mtt:       7.400751e+24
Mpp:      -6.527027e+24
Mrt:       4.613422e+24
Mrp:      -6.377173e+24
Mtp:      -6.033505e+24
