 PDE 2017  5  2 15 10 22.40 -11.7300  -13.9200  10.0 6.0 5.9 ASCENSION ISLAND REGION
event name:     C201705021510A
time shift:      2.8017
half duration:   2.3000
latitude:      -11.6356
longitude:     -13.9758
depth:           5.0051
Mrr:       3.438024e+23
Mtt:      -4.497657e+24
Mpp:       4.153854e+24
Mrt:      -2.359510e+24
Mrp:       9.925860e+23
Mtp:       8.786252e+24
