 PDE 2017 11 19 15  9  2.90 -21.5000  168.6000  13.0 6.5 6.6 LOYALTY ISLANDS
event name:     201711191509A
time shift:      6.8153
half duration:   4.2000
latitude:      -21.4433
longitude:     168.5490
depth:           9.5142
Mrr:      -8.284470e+25
Mtt:       3.102248e+25
Mpp:       5.182222e+25
Mrt:      -3.691481e+24
Mrp:       2.669912e+25
Mtp:      -3.654461e+25
