 PDE 2012  5 19  8 35 10.70 -25.7300  -70.5600  28.0 5.9 5.9 NEAR COAST OF NORTHERN CHILE
event name:     C201205190835A
time shift:      3.6804
half duration:   2.1000
latitude:      -25.8460
longitude:     -71.1320
depth:          32.6597
Mrr:       7.944221e+24
Mtt:       5.137147e+23
Mpp:      -8.457936e+24
Mrt:       3.065565e+24
Mrp:      -1.842402e+24
Mtp:      -2.039606e+23
