 PDE 2017  1  2 13 13 48.70  -4.8900  -76.3700 106.0 5.9 5.9 NORTHERN PERU
event name:     C201701021313A
time shift:     -0.7173
half duration:   2.2000
latitude:       -4.9662
longitude:     -76.4598
depth:         113.7828
Mrr:      -8.199116e+24
Mtt:      -3.069491e+23
Mpp:       8.506066e+24
Mrt:      -1.466582e+24
Mrp:       2.321832e+24
Mtp:      -2.260484e+24
