 PDE 2013 02 07 18 59 16.30  -11.0000  165.6500  11.0 6.4 6.9 SANTA CRUZ ISLANDS
event name:   C201302071859A
time shift:           5.9534
half duration:        5.7000
latitude:           -10.9338
longitude:          165.5942
depth:               14.0033
Mrr:           -2.125084E+25
Mtt:            3.871232E+25
Mpp:           -1.746150E+25
Mrt:           -5.127455E+25
Mrp:            9.782035E+25
Mtp:           -1.459578E+26
