 PDE 2010 10 21 17 53 13.10  24.6900 -109.1600  10.0 6.7 6.8 GULF OF CALIFORNIA
event name:     C201010211753A
time shift:      2.9423
half duration:   5.3000
latitude:       24.8076
longitude:    -109.2964
depth:          14.7980
Mrr:       1.927244e+23
Mtt:      -1.072216e+26
Mpp:       1.070288e+26
Mrt:      -9.832252e+24
Mrp:       2.991793e+24
Mtp:      -1.750798e+25
