 PDE 2015 12 25 19 14 47.20  36.4900   71.1300 206.0 6.3 6.3 AFGHANISTAN-TAJIKISTAN BORD REG.
event name:     C201512251914A
time shift:      2.5729
half duration:   3.5000
latitude:       36.4588
longitude:      71.0586
depth:         208.4944
Mrr:       4.945964e+25
Mtt:      -2.739984e+25
Mpp:      -2.205980e+25
Mrt:       6.619830e+24
Mrp:      -6.744415e+24
Mtp:      -4.184442e+24
