 PDE 2010 06 24 05 32 27.40   -5.5100  151.1600  40.0 5.8 6.1 NEW BRITAIN REGION, P.N.G.
event name:   C201006240532A
time shift:           5.2619
half duration:        2.9000
latitude:            -5.8535
longitude:          151.1778
depth:               49.5672
Mrr:            2.087455E+25
Mtt:           -2.104913E+25
Mpp:            1.745711E+23
Mrt:            4.230327E+24
Mrp:           -2.509636E+24
Mtp:           -7.055936E+24
