 PDE 2014 05 06 20 52 28.30  -36.1700  -97.0500  16.8 0.0 6.3 WEST CHILE RISE
event name:   C201405062052A
time shift:           6.1362
half duration:        3.2000
latitude:           -36.4043
longitude:          -97.6067
depth:               13.5328
Mrr:           -2.139799E+24
Mtt:            3.958725E+23
Mpp:            1.743926E+24
Mrt:            5.522652E+24
Mrp:           -1.033638E+25
Mtp:           -3.113195E+25
