 PDE 2013 12 17 23 38 06.80   20.7700  146.7900   9.0 0.0 6.2 MARIANA ISLANDS REGION
event name:   C201312172338A
time shift:           5.3415
half duration:        3.0000
latitude:            20.8578
longitude:          146.9898
depth:               10.0468
Mrr:           -3.399957E+25
Mtt:            1.266728E+25
Mpp:            2.133230E+25
Mrt:            8.335558E+22
Mrp:            6.385089E+24
Mtp:           -1.560742E+25
