 PDE 2011 08 19 03 54 26.80  -16.5200 -177.0000 407.9 5.5 6.2 FIJI ISLANDS REGION
event name:   C201108190354A
time shift:           2.1844
half duration:        3.2000
latitude:           -16.5140
longitude:         -176.7323
depth:              413.1234
Mrr:            1.487146E+25
Mtt:           -1.688175E+25
Mpp:            2.010298E+24
Mrt:           -1.123768E+24
Mrp:           -1.986025E+25
Mtp:            1.796976E+25
