 PDE 2010 04 11 22 08 12.80   36.9700   -3.5400 609.8 6.0 6.3 STRAIT OF GIBRALTAR
event name:   C201004112208A
time shift:           3.3106
half duration:        3.6000
latitude:            37.0942
longitude:           -3.6821
depth:              617.4847
Mrr:           -2.288229E+25
Mtt:            5.571515E+24
Mpp:            1.731077E+25
Mrt:           -2.196197E+23
Mrp:            3.434512E+25
Mtp:            1.804672E+25
