 PDE 2014  8 29  3 45  7.50  36.6900   23.7100  80.0 5.8 5.8 SOUTHERN GREECE
event name:     C201408290345A
time shift:     -0.3476
half duration:   2.0000
latitude:       36.4648
longitude:      23.6416
depth:          93.3307
Mrr:       8.515964e+23
Mtt:       8.236687e+22
Mpp:      -9.339633e+23
Mrt:      -9.596754e+23
Mrp:       1.842763e+24
Mtp:      -5.741223e+24
