 PDE 2013 07 26 21 33 00.00  -57.9200  -23.8400  13.0 6.2 6.3 SOUTH SANDWICH ISLANDS REGION
event name:   C201307262132A
time shift:           5.7236
half duration:        3.3000
latitude:           -58.1254
longitude:          -23.5003
depth:               14.2373
Mrr:           -3.192327E+24
Mtt:           -3.098842E+25
Mpp:            3.418074E+25
Mrt:           -1.186893E+25
Mrp:            1.798917E+25
Mtp:            1.446818E+25
