 PDE 2013 08 13 15 43 15.20    5.7700  -78.2000  12.0 0.0 6.7 SOUTH OF PANAMA
event name:   C201308131543A
time shift:           4.5951
half duration:        5.0000
latitude:             5.7671
longitude:          -78.2131
depth:               19.1804
Mrr:           -5.419514E+25
Mtt:            1.253343E+26
Mpp:           -7.113917E+25
Mrt:            1.130797E+25
Mrp:            3.448559E+25
Mtp:            3.673179E+25
