 PDE 2012  6  7  4  5  4.50 -36.0700  -70.5700   8.0 6.0 6.0 CHILE-ARGENTINA BORDER REGION
event name:     C201206070405A
time shift:      4.6033
half duration:   2.4000
latitude:      -36.2296
longitude:     -70.9635
depth:          14.7471
Mrr:      -2.445096e+24
Mtt:       1.889871e+24
Mpp:       5.552239e+23
Mrt:       3.830488e+24
Mrp:      -3.976241e+23
Mtp:       1.091402e+25
