 PDE 2012  4 12  7 15 48.50  28.7000 -113.1000  13.0 7.0 7.0 BAJA CALIFORNIA, MEXICO
event name:     C201204120715A
time shift:     14.1911
half duration:   8.1000
latitude:       28.5776
longitude:    -112.7655
depth:          15.6981
Mrr:      -2.077064e+25
Mtt:      -3.870015e+26
Mpp:       4.077722e+26
Mrt:      -8.214608e+25
Mrp:      -7.466260e+25
Mtp:      -5.561186e+25
