 PDE 2019 12  3  8 46 35.80 -18.5000  -70.5800  38.0 6.0 6.0 NEAR COAST OF NORTHERN CHILE
event name:     C201912030846A
time shift:      3.0265
half duration:   2.5000
latitude:      -18.5867
longitude:     -70.9852
depth:          52.7301
Mrr:       9.453098e+24
Mtt:       2.494025e+23
Mpp:      -9.702500e+24
Mrt:       1.604183e+24
Mrp:      -6.980007e+24
Mtp:       3.289938e+24
