 PDE 2012  4 17  7 13 49.00  -5.4600  147.1200 198.0 6.9 6.8 EASTERN NEW GUINEA REG., P.N.G.
event name:     201204170713A
time shift:      5.4595
half duration:   6.5000
latitude:       -5.6596
longitude:     147.1415
depth:         203.5236
Mrr:       1.949925e+26
Mtt:      -2.433071e+26
Mpp:       4.831455e+25
Mrt:       4.050242e+25
Mrp:      -9.699003e+25
Mtp:       7.189613e+25
