 PDE 2016 11 25 14 24 30.70  39.2700   73.9800  17.0 6.6 6.6 TAJIKISTAN-XINJIANG BORDER REG.
event name:     201611251424A
time shift:      8.2065
half duration:   5.1000
latitude:       39.2685
longitude:      74.0961
depth:          17.7438
Mrr:      -5.372163e+24
Mtt:      -5.540955e+25
Mpp:       6.078172e+25
Mrt:      -1.047122e+25
Mrp:      -1.754483e+25
Mtp:      -7.245987e+25
