 PDE 2014 11 10 10 04 21.10  -22.7700  171.4500   7.0 0.0 5.9 SOUTHEAST OF LOYALTY ISLANDS
event name:   C201411101004A
time shift:           5.4217
half duration:        2.1000
latitude:           -22.7878
longitude:          171.4035
depth:               17.2729
Mrr:            2.560255E+24
Mtt:           -2.282538E+24
Mpp:           -2.777181E+23
Mrt:            8.827297E+24
Mrp:           -1.965502E+24
Mtp:            3.872267E+24
