 PDE 2015  6 23 12 18 30.30  27.7400  139.7300 460.0 6.5 6.5 BONIN ISLANDS, JAPAN REGION
event name:     201506231218A
time shift:      4.0026
half duration:   4.4000
latitude:       27.6851
longitude:     139.8528
depth:         460.1326
Mrr:      -4.671147e+25
Mtt:       2.201714e+25
Mpp:       2.469434e+25
Mrt:      -4.061709e+24
Mrp:      -5.120459e+25
Mtp:      -4.285139e+25
