 PDE 2011 12  7 22 23  9.70 -27.9000  -70.9200  20.0 6.1 6.1 NEAR COAST OF NORTHERN CHILE
event name:     C201112072223A
time shift:      3.4448
half duration:   2.7000
latitude:      -28.0315
longitude:     -71.5453
depth:          23.5860
Mrr:       1.001374e+25
Mtt:       7.956573e+23
Mpp:      -1.080940e+25
Mrt:       2.015161e+24
Mrp:      -9.398850e+24
Mtp:      -8.381637e+23
