 PDE 2018  2 26  8 26 57.30  -6.4000  143.2600   9.0 5.8 5.9 NEW GUINEA, PAPUA NEW GUINEA
event name:     C201802260826A
time shift:      3.6601
half duration:   2.0000
latitude:       -6.4539
longitude:     143.1444
depth:           9.3942
Mrr:       4.760550e+24
Mtt:      -2.511024e+24
Mpp:      -2.249526e+24
Mrt:       3.721103e+24
Mrp:      -3.689235e+24
Mtp:       2.666929e+24
