 PDE 2019  4  9 17 53 58.40 -58.6300  -25.3000  38.0 6.5 6.5 SOUTH SANDWICH ISLANDS REGION
event name:     C201904091754A
time shift:      6.3598
half duration:   4.5000
latitude:      -58.7066
longitude:     -24.6071
depth:          41.1316
Mrr:       5.186702e+25
Mtt:      -6.577741e+25
Mpp:       1.391039e+25
Mrt:       2.532898e+25
Mrp:       3.629757e+25
Mtp:      -1.839803e+24
