 PDE 2013 10 04 17 26 13.60  -38.6100   78.3700  12.7 0.0 6.4 MID-INDIAN RIDGE
event name:   C201310041726A
time shift:           9.2481
half duration:        3.8000
latitude:           -38.6358
longitude:           78.2105
depth:                9.4695
Mrr:           -5.223375E+24
Mtt:           -5.072552E+25
Mpp:            5.594890E+25
Mrt:            9.572472E+24
Mrp:            4.395901E+24
Mtp:           -6.546468E+24
