 PDE 2013 08 17 16 32 31.40  -34.8800   54.1000  10.0 0.0 6.1 SOUTHWEST INDIAN RIDGE
event name:   C201308171632A
time shift:           4.3256
half duration:        3.0000
latitude:           -34.8877
longitude:           54.1188
depth:               10.2262
Mrr:           -3.904844E+24
Mtt:            4.729075E+24
Mpp:           -8.242325E+23
Mrt:            1.008384E+23
Mrp:            2.646580E+24
Mtp:            2.753571E+25
