 PDE 2016 10 30  6 40 18.70  42.8600   13.1000   8.0 6.6 6.6 CENTRAL ITALY
event name:     C201610300640A
time shift:      4.2590
half duration:   4.8000
latitude:       42.7516
longitude:      13.1542
depth:           7.2705
Mrr:      -8.881766e+25
Mtt:       1.497145e+25
Mpp:       7.384622e+25
Mrt:       3.936582e+24
Mrp:      -3.026297e+25
Mtp:      -2.812576e+25
