 PDE 2011  2 15 13 33 53.20  -2.5000  121.4800  16.2 6.1 6.1 SULAWESI, INDONESIA
event name:     C201102151333A
time shift:      0.1250
half duration:   2.6000
latitude:       -2.4553
longitude:     121.5720
depth:           9.3001
Mrr:      -1.192164e+24
Mtt:       8.985085e+24
Mpp:      -7.792922e+24
Mrt:       3.849790e+24
Mrp:       4.761881e+24
Mtp:       1.065410e+25
