 PDE 2014 10  7 13 49 39.70  23.3800  100.4700   8.5 6.1 6.1 YUNNAN, CHINA
event name:     C201410071349A
time shift:      2.6263
half duration:   2.8000
latitude:       23.3764
longitude:     100.5368
depth:           9.1156
Mrr:      -1.817174e+23
Mtt:      -1.304482e+25
Mpp:       1.322654e+25
Mrt:       1.598788e+24
Mrp:       2.936964e+24
Mtp:       7.367905e+24
