 PDE 2017  7 26 10 32 57.40  26.9000  130.1800  12.0 6.0 6.0 SOUTHEAST OF RYUKYU ISLANDS
event name:     C201707261032A
time shift:      3.8379
half duration:   2.3000
latitude:       26.8810
longitude:     130.1473
depth:           6.6577
Mrr:      -9.624731e+24
Mtt:       2.488550e+24
Mpp:       7.136181e+24
Mrt:       2.221611e+24
Mrp:       3.828669e+24
Mtp:       4.887871e+24
