 PDE 2014 06 29 07 52 55.20  -55.4700  -28.3700   8.0 0.0 6.9 SOUTH SANDWICH ISLANDS REGION
event name:   C201406290752A
time shift:           9.9142
half duration:        6.5000
latitude:           -55.3397
longitude:          -28.3060
depth:               20.5358
Mrr:            1.229162E+26
Mtt:           -1.229916E+26
Mpp:            7.545786E+22
Mrt:           -1.343802E+26
Mrp:            2.403792E+26
Mtp:            1.321144E+26
