 PDE 2010 03 08 09 47 11.60   19.3300  144.7100 456.8 6.0 6.1 MARIANA ISLANDS
event name:   C201003080947A
time shift:           1.2135
half duration:        2.7000
latitude:            19.2611
longitude:          144.6738
depth:              432.7965
Mrr:           -1.637672E+25
Mtt:            4.914869E+24
Mpp:            1.146187E+25
Mrt:           -4.183660E+24
Mrp:            1.872067E+24
Mtp:           -9.029132E+24
