 PDE 2015  5 19 15 25 21.10 -54.3300 -132.1600   7.2 6.6 6.7 PACIFIC-ANTARCTIC RIDGE
event name:     C201505191525A
time shift:      6.7638
half duration:   5.0000
latitude:      -54.5275
longitude:    -132.3864
depth:          11.6932
Mrr:      -3.294228e+24
Mtt:       7.616058e+25
Mpp:      -7.286635e+25
Mrt:      -3.769580e+24
Mrp:       3.057567e+25
Mtp:       7.978918e+25
