 PDE 2019 12 24 16 43 33.80 -26.9900  -63.3800 581.6 6.0 6.0 SANTIAGO DEL ESTERO PROV., ARG.
event name:     C201912241643A
time shift:     -0.6843
half duration:   2.5000
latitude:      -26.9004
longitude:     -63.2853
depth:         573.2149
Mrr:      -1.171139e+25
Mtt:      -9.499635e+23
Mpp:       1.266136e+25
Mrt:      -4.142747e+24
Mrp:       3.581882e+24
Mtp:      -1.872370e+24
