 PDE 2019  5  3  7 25 29.20  -6.9300  160.1400  10.0 6.2 6.2 SOLOMON ISLANDS
event name:     C201905030725A
time shift:      5.1463
half duration:   3.1000
latitude:       -6.8889
longitude:     160.1020
depth:          25.0324
Mrr:      -1.319274e+25
Mtt:       1.558235e+25
Mpp:      -2.389607e+24
Mrt:       7.698796e+24
Mrp:       9.506614e+24
Mtp:      -1.543485e+25
