 PDE 2018  4  2 13 40 34.80 -20.6600  -63.0100 559.0 6.8 6.8 SOUTHERN BOLIVIA
event name:     C201804021340A
time shift:      5.6511
half duration:   6.3000
latitude:      -20.6501
longitude:     -62.8334
depth:         561.6430
Mrr:      -1.863663e+26
Mtt:      -1.501660e+25
Mpp:       2.013829e+26
Mrt:       2.134868e+25
Mrp:       7.234697e+25
Mtp:      -5.548912e+25
