 PDE 2011 10  6  7 37  1.40   9.7000  138.2400  20.0 5.9 5.9 W. CAROLINE ISLANDS, MICRONESIA
event name:     C201110060737A
time shift:      1.8791
half duration:   2.1000
latitude:        9.6997
longitude:     138.2087
depth:          18.6618
Mrr:       3.924509e+24
Mtt:       4.363473e+24
Mpp:      -8.287982e+24
Mrt:       3.033772e+24
Mrp:       1.127118e+24
Mtp:      -1.550338e+24
