 PDE 2012  7 18  4 25 25.60 -55.6600 -128.8900  10.0 5.9 5.9 PACIFIC-ANTARCTIC RIDGE
event name:     C201207180425A
time shift:      3.2689
half duration:   2.1000
latitude:      -55.3549
longitude:    -128.9605
depth:          13.2351
Mrr:      -9.155890e+23
Mtt:       4.970478e+24
Mpp:      -4.054889e+24
Mrt:      -3.448299e+23
Mrp:       6.559057e+23
Mtp:       5.773342e+24
