 PDE 2013 09 21 01 39 14.80   -7.2600  119.9600 536.8 0.0 6.1 FLORES SEA
event name:   C201309210139A
time shift:           3.6454
half duration:        2.6000
latitude:            -7.3172
longitude:          119.9256
depth:              547.7032
Mrr:           -1.208039E+25
Mtt:            1.607415E+25
Mpp:           -3.993763E+24
Mrt:            5.673494E+24
Mrp:            9.461632E+24
Mtp:            6.002007E+23
