 PDE 2016  7 25 19 38 45.60  -2.9700  148.0400  14.0 6.4 6.4 ADMIRALTY ISLANDS REGION, P.N.G.
event name:     201607251938A
time shift:      3.2952
half duration:   3.9000
latitude:       -2.9783
longitude:     148.1640
depth:           8.0865
Mrr:      -1.065195e+24
Mtt:       3.424376e+25
Mpp:      -3.317856e+25
Mrt:       4.568333e+24
Mrp:       1.680817e+25
Mtp:       4.588072e+25
