 PDE 2011  2 14  3 40  9.90 -35.3800  -72.8300  21.0 6.6 6.6 NEAR COAST OF CENTRAL CHILE
event name:     201102140340A
time shift:      4.4411
half duration:   5.1000
latitude:      -35.6801
longitude:     -73.6953
depth:          13.6871
Mrr:       6.373455e+25
Mtt:      -2.019781e+24
Mpp:      -6.171478e+25
Mrt:      -1.279735e+25
Mrp:      -1.018903e+26
Mtp:      -1.809719e+25
