 PDE 2015  9 26  2 51 18.80 -30.8200  -71.3200  46.0 6.3 6.3 NEAR COAST OF CENTRAL CHILE
event name:     C201509260251A
time shift:      3.5612
half duration:   3.3000
latitude:      -30.8834
longitude:     -71.6055
depth:          51.6904
Mrr:       2.962100e+25
Mtt:       1.023697e+24
Mpp:      -3.064469e+25
Mrt:       2.303953e+24
Mrp:      -1.346284e+25
Mtp:       3.174440e+24
