 PDE 2012  8 30 13 43 25.20  71.4400  -10.6200  14.0 6.7 6.8 JAN MAYEN ISLAND REGION
event name:     C201208301343A
time shift:      9.9284
half duration:   5.7000
latitude:       71.4344
longitude:      -9.8404
depth:          21.0333
Mrr:       1.376749e+24
Mtt:       1.096987e+26
Mpp:      -1.110754e+26
Mrt:      -5.726903e+24
Mrp:       2.524200e+25
Mtp:       1.219785e+26
