 PDE 2018  5 16 17 22 17.30 -33.7800 -179.5000  34.0 5.9 5.9 SOUTH OF KERMADEC ISLANDS
event name:     C201805161722A
time shift:      3.9974
half duration:   2.1000
latitude:      -33.8960
longitude:    -179.1959
depth:          37.5852
Mrr:       6.618406e+24
Mtt:      -1.496672e+23
Mpp:      -6.468740e+24
Mrt:       4.297541e+23
Mrp:       3.309353e+24
Mtp:      -2.233559e+24
