 PDE 2016 10 21  5  7 23.00  35.3700  133.8100   5.6 6.2 6.2 WESTERN HONSHU, JAPAN
event name:     C201610210507B
time shift:      3.7217
half duration:   3.2000
latitude:       35.3998
longitude:     133.7251
depth:          13.9043
Mrr:      -1.521017e+24
Mtt:       1.690165e+25
Mpp:      -1.538064e+25
Mrt:      -1.862306e+24
Mrp:      -7.022634e+24
Mtp:      -1.830392e+25
