 PDE 2019  2  4 17 45 48.10  -2.4000  -79.8300  70.0 5.8 5.8 NEAR COAST OF ECUADOR
event name:     C201902041745A
time shift:      0.1090
half duration:   2.0000
latitude:       -2.4839
longitude:     -80.0642
depth:          68.6671
Mrr:      -1.789314e+24
Mtt:      -4.074041e+24
Mpp:       5.863355e+24
Mrt:       3.314385e+24
Mrp:       8.151169e+23
Mtp:       2.202690e+24
