 PDE 2019  1  5 19 25 38.50  -8.1400  -71.5900 570.4 6.8 6.8 WESTERN BRAZIL
event name:     C201901051925A
time shift:      3.5824
half duration:   5.9000
latitude:       -8.1018
longitude:     -71.6966
depth:         585.1672
Mrr:      -1.626223e+26
Mtt:       8.616293e+24
Mpp:       1.540060e+26
Mrt:      -3.802060e+25
Mrp:       4.149332e+25
Mtp:      -4.849603e+25
