 PDE 2012 11 29 11 10 21.70   -3.4200  145.5600  10.0 5.7 5.9 NEAR N COAST OF NEW GUINEA, PNG.
event name:   C201211291110A
time shift:           7.3632
half duration:        2.5000
latitude:            -3.3821
longitude:          145.7135
depth:                8.3592
Mrr:           -2.210996E+23
Mtt:           -8.191660E+23
Mpp:            1.040265E+24
Mrt:            4.447334E+24
Mrp:           -1.411439E+24
Mtp:            1.612365E+25
