 PDE 2013  6 15 11 20 36.00 -33.8500  179.4000 195.0 6.0 6.0 SOUTH OF KERMADEC ISLANDS
event name:     C201306151120A
time shift:      3.3080
half duration:   2.5000
latitude:      -33.8140
longitude:     179.6339
depth:         197.6257
Mrr:       7.845750e+24
Mtt:       3.463530e+23
Mpp:      -8.192103e+24
Mrt:      -8.497224e+23
Mrp:       9.952273e+24
Mtp:      -4.307975e+24
