 PDE 2016  6  8  8 31 39.80  -4.0600 -104.5500  10.0 5.8 5.9 CENTRAL EAST PACIFIC RISE
event name:     C201606080831A
time shift:      2.8435
half duration:   2.0000
latitude:       -3.8697
longitude:    -104.3890
depth:           7.7510
Mrr:      -6.421008e+23
Mtt:       4.463260e+23
Mpp:       1.957749e+23
Mrt:       3.231877e+23
Mrp:       3.860102e+23
Mtp:       6.824686e+24
