 PDE 2013 02 07 00 30 10.80  -11.6600  164.9400   8.0 6.0 6.0 SANTA CRUZ ISLANDS REGION
event name:   C201302070030A
time shift:           1.7215
half duration:        2.5000
latitude:           -11.8523
longitude:          165.0460
depth:                8.4156
Mrr:           -1.497145E+25
Mtt:            4.733577E+24
Mpp:            1.023789E+25
Mrt:           -6.783479E+24
Mrp:           -6.868103E+23
Mtp:           -7.132118E+24
