 PDE 2016  1 25  4 22  2.70  35.6500   -3.6800  12.0 6.4 6.3 STRAIT OF GIBRALTAR
event name:     C201601250422A
time shift:      3.8187
half duration:   3.8000
latitude:       35.5905
longitude:      -3.6049
depth:          10.1035
Mrr:       1.405984e+24
Mtt:      -3.531261e+25
Mpp:       3.390662e+25
Mrt:       3.098432e+24
Mrp:      -1.868521e+25
Mtp:      -1.722425e+25
