 PDE 2013 02 02 04 16 17.50  -10.9600  165.3600  22.2 5.4 5.9 SANTA CRUZ ISLANDS
event name:   C201302020416A
time shift:           3.1913
half duration:        2.0000
latitude:           -11.0544
longitude:          165.1874
depth:               18.6659
Mrr:            4.542238E+24
Mtt:           -1.429777E+24
Mpp:           -3.112461E+24
Mrt:            3.661751E+24
Mrp:           -6.021922E+24
Mtp:            2.437687E+24
