 PDE 2017 12  1  2 32 46.00  30.7400   57.3100   9.0 6.1 6.1 NORTHERN AND CENTRAL IRAN
event name:     C201712010232A
time shift:      0.4305
half duration:   2.7000
latitude:       30.6420
longitude:      57.1502
depth:           8.9980
Mrr:       1.115511e+25
Mtt:      -7.977550e+24
Mpp:      -3.177560e+24
Mrt:      -5.802555e+24
Mrp:       5.607370e+24
Mtp:       6.060745e+24
