 PDE 2014 06 23 19 19 15.90  -29.9800 -177.7300  20.0 0.0 6.9 KERMADEC ISLANDS, NEW ZEALAND
event name:   C201406231919A
time shift:           9.0377
half duration:        6.7000
latitude:           -30.0313
longitude:         -177.1259
depth:               26.2860
Mrr:            2.283190E+26
Mtt:           -9.721485E+24
Mpp:           -2.185976E+26
Mrt:            5.726068E+25
Mrp:            2.074651E+26
Mtp:           -6.533746E+25
