 PDE 2019  3 10 18  4 59.10  58.3500  -31.9500  10.0 5.8 5.9 REYKJANES RIDGE
event name:     C201903101804A
time shift:      1.6060
half duration:   2.1000
latitude:       58.3840
longitude:     -31.6709
depth:           6.1544
Mrr:      -6.586653e+24
Mtt:       2.971589e+23
Mpp:       6.289494e+24
Mrt:       1.863202e+24
Mrp:      -4.585540e+23
Mtp:       2.232136e+24
