 PDE 2018  1 31  7  7  0.30  36.5300   70.8500 193.7 6.2 6.2 HINDU KUSH REGION, AFGHANISTAN
event name:     C201801310707A
time shift:      2.2233
half duration:   3.2000
latitude:       36.5008
longitude:      70.7331
depth:         200.2643
Mrr:       2.425993e+25
Mtt:      -1.824881e+25
Mpp:      -6.011127e+24
Mrt:       1.037104e+25
Mrp:       1.461185e+25
Mtp:      -9.572721e+24
