 PDE 2019 12  4 20 10  3.60 -19.0700  169.5700 266.0 6.0 6.0 VANUATU ISLANDS
event name:     C201912042010A
time shift:      1.4871
half duration:   2.5000
latitude:      -19.0681
longitude:     169.4842
depth:         267.6105
Mrr:       4.875135e+24
Mtt:      -4.535081e+24
Mpp:      -3.400532e+23
Mrt:       1.213872e+24
Mrp:      -9.391304e+24
Mtp:      -8.783122e+24
