 PDE 2017  4 18 17 11 47.00 -18.0900 -178.3700 628.0 6.1 6.0 FIJI ISLANDS REGION
event name:     C201704181711A
time shift:      4.2764
half duration:   2.7000
latitude:      -18.0173
longitude:    -178.3771
depth:         646.5771
Mrr:      -8.182326e+24
Mtt:      -2.619767e+24
Mpp:       1.080210e+25
Mrt:       1.183380e+25
Mrp:      -4.654937e+24
Mtp:      -6.693549e+24
