 PDE 2017  1 17  9  8  2.00  19.8500  -76.5900  11.0 5.8 5.8 CUBA REGION
event name:     C201701170908A
time shift:      3.3656
half duration:   2.0000
latitude:       19.9618
longitude:     -76.5898
depth:           8.2322
Mrr:       5.000042e+24
Mtt:      -4.314834e+24
Mpp:      -6.852083e+23
Mrt:       4.357731e+24
Mrp:      -1.949364e+24
Mtp:       1.715164e+24
