 PDE 2017  7 20 22 31 11.20  36.9200   27.4100   7.0 6.6 6.6 DODECANESE ISLANDS, GREECE
event name:     201707202231A
time shift:      4.2849
half duration:   5.1000
latitude:       36.7788
longitude:      27.5046
depth:           7.1473
Mrr:      -9.675722e+25
Mtt:       1.020524e+26
Mpp:      -5.295167e+24
Mrt:      -3.690430e+25
Mrp:      -7.397029e+24
Mtp:      -6.996154e+24
