 PDE 2010  1 10  0 27 39.30  40.6500 -124.6900  29.3 6.5 6.5 NEAR COAST OF NORTHERN CALIF.
event name:     C201001100027A
time shift:      4.5549
half duration:   4.4000
latitude:       40.5302
longitude:    -124.8099
depth:          18.9986
Mrr:      -3.175612e+24
Mtt:      -6.570584e+25
Mpp:       6.888146e+25
Mrt:       3.517927e+24
Mrp:      -5.786549e+24
Mtp:       1.971351e+25
