 PDE 2013 04 01 18 53 17.40   39.5300  143.1700  14.0 5.6 6.0 OFF EAST COAST OF HONSHU, JAPAN
event name:   C201304011853A
time shift:           5.2241
half duration:        2.3000
latitude:            39.5621
longitude:          143.2335
depth:               22.1260
Mrr:            6.534624E+24
Mtt:            2.249865E+21
Mpp:           -6.536874E+24
Mrt:            4.603528E+24
Mrp:            9.669321E+24
Mtp:           -1.768656E+24
