 PDE 2010 11 10 04 05 24.40  -45.4600   96.3900  10.0 6.0 6.5 SOUTHEAST INDIAN RIDGE
event name:    201011100405A
time shift:           5.1581
half duration:        4.1000
latitude:           -45.4638
longitude:           96.0760
depth:                3.9724
Mrr:           -3.673907E+24
Mtt:           -6.194077E+25
Mpp:            6.561471E+25
Mrt:           -1.697125E+25
Mrp:            2.113567E+24
Mtp:           -2.339959E+25
