 PDE 2019  1 22  5 10  3.50 -10.4100  119.0200  24.0 6.4 6.3 SUMBA REGION, INDONESIA
event name:     C201901220510A
time shift:      5.0298
half duration:   4.0000
latitude:      -10.3597
longitude:     119.0738
depth:          18.5681
Mrr:       4.356897e+25
Mtt:      -4.632958e+25
Mpp:       2.760610e+24
Mrt:       4.700024e+25
Mrp:      -1.249382e+24
Mtp:      -3.556830e+24
