 PDE 2012  7 28 20  3 56.80  -4.6500  153.1700  41.0 6.5 6.5 NEW IRELAND REGION, P.N.G.
event name:     201207282004A
time shift:      5.9142
half duration:   4.5000
latitude:       -4.8400
longitude:     153.0514
depth:          54.0786
Mrr:       5.672939e+25
Mtt:      -6.580085e+25
Mpp:       9.071470e+24
Mrt:       3.043304e+25
Mrp:       1.700054e+25
Mtp:       1.171557e+25
