 PDE 2019  5 16 22 52 44.00  -4.5900 -105.7300  10.0 5.8 5.9 CENTRAL EAST PACIFIC RISE
event name:     C201905162252A
time shift:      1.3738
half duration:   2.0000
latitude:       -4.4986
longitude:    -105.7610
depth:           5.8090
Mrr:      -2.515930e+23
Mtt:       2.284552e+24
Mpp:      -2.032959e+24
Mrt:       4.328475e+23
Mrp:       2.393886e+24
Mtp:       6.347993e+24
