 PDE 2014 05 11 12 35 17.50  -47.8500   99.6900  10.0 0.0 5.8 SOUTHEAST INDIAN RIDGE
event name:   C201405111235A
time shift:           1.2512
half duration:        2.2000
latitude:           -47.7550
longitude:           99.7429
depth:                8.3832
Mrr:           -3.424808E+23
Mtt:            9.879942E+24
Mpp:           -9.537458E+24
Mrt:           -5.197757E+23
Mrp:            5.581420E+23
Mtp:            3.851541E+24
