 PDE 2014 05 11 01 10 15.70   -3.4300  146.1100  10.0 0.0 5.9 BISMARCK SEA
event name:   C201405110110A
time shift:           3.4824
half duration:        2.1000
latitude:            -3.3213
longitude:          146.1808
depth:                9.3902
Mrr:           -6.163812E+22
Mtt:           -7.787950E+23
Mpp:            8.404332E+23
Mrt:            4.957081E+23
Mrp:           -1.556505E+24
Mtp:            1.010125E+25
