 PDE 2014 04 03 01 58 30.50  -20.3100  -70.5800  23.6 0.0 6.5 NEAR COAST OF NORTHERN CHILE
event name:   C201404030158A
time shift:           8.7320
half duration:        4.8000
latitude:           -20.3331
longitude:          -70.8571
depth:               31.7127
Mrr:            8.131397E+25
Mtt:            8.683162E+23
Mpp:           -8.218227E+25
Mrt:            1.696551E+25
Mrp:           -7.209559E+25
Mtp:            1.349382E+25
