 PDE 2012 11 19 09 44 34.10   -5.7000  151.6000  13.0 5.9 6.0 NEW BRITAIN REGION, P.N.G.
event name:   C201211190944A
time shift:           4.1976
half duration:        2.4000
latitude:            -5.8990
longitude:          151.7983
depth:               19.8240
Mrr:           -1.009980E+25
Mtt:            6.371910E+24
Mpp:            3.727881E+24
Mrt:           -3.875852E+24
Mrp:           -7.706822E+24
Mtp:            5.887787E+24
