 PDE 2015  4 17 15 52 51.50 -15.8800 -178.6000  10.0 6.5 6.5 FIJI ISLANDS REGION
event name:     201504171552A
time shift:      7.1193
half duration:   4.2000
latitude:      -15.8910
longitude:    -178.5263
depth:          12.3218
Mrr:      -8.819352e+22
Mtt:      -6.386077e+24
Mpp:       6.474271e+24
Mrt:       1.271271e+24
Mrp:      -1.517919e+25
Mtp:       6.825311e+25
