 PDE 2019  4 23 20 15 50.80  28.4100   94.5600  14.0 6.1 5.9 EASTERN XIZANG-INDIA BORDER REG.
event name:     C201904232015A
time shift:      3.8990
half duration:   2.7000
latitude:       28.3574
longitude:      94.6626
depth:           9.0698
Mrr:       1.434455e+24
Mtt:      -1.539229e+24
Mpp:       1.047743e+23
Mrt:       1.439373e+25
Mrp:      -1.465822e+24
Mtp:      -1.327362e+24
