 PDE 2013 02 01 05 36 41.80  -11.1000  165.5300  15.0 5.5 6.0 SANTA CRUZ ISLANDS
event name:   C201302010536A
time shift:           4.1330
half duration:        2.4000
latitude:           -11.3431
longitude:          165.3812
depth:               18.7582
Mrr:            8.433424E+24
Mtt:           -2.724801E+24
Mpp:           -5.708623E+24
Mrt:            7.015750E+24
Mrp:           -9.276293E+24
Mtp:            3.737104E+24
