 PDE 2015  6  1 20 11 30.60  44.5000 -129.9600  10.0 5.9 5.9 OFF COAST OF OREGON
event name:     C201506012011A
time shift:      1.1293
half duration:   2.3000
latitude:       44.3782
longitude:    -130.2367
depth:           7.6542
Mrr:      -9.147370e+23
Mtt:      -6.327181e+24
Mpp:       7.241918e+24
Mrt:       1.464003e+24
Mrp:       5.634652e+23
Mtp:      -6.847873e+24
