 PDE 2018 11 15 23  9  1.10 -56.2400 -122.0400  10.0 6.3 6.3 SOUTHERN EAST PACIFIC RISE
event name:     C201811152309A
time shift:      3.0137
half duration:   3.4000
latitude:      -56.2243
longitude:    -122.2718
depth:           6.6031
Mrr:      -3.214762e+24
Mtt:       1.470928e+25
Mpp:      -1.149452e+25
Mrt:      -7.926909e+24
Mrp:      -8.863902e+24
Mtp:       2.849451e+25
