 PDE 2015  9 13  8 14 12.20  25.1400 -109.4300  10.0 6.6 6.7 GULF OF CALIFORNIA
event name:     C201509130814A
time shift:      1.8800
half duration:   4.9000
latitude:       25.0922
longitude:    -109.5201
depth:          12.4853
Mrr:      -3.653161e+24
Mtt:      -8.031232e+25
Mpp:       8.396548e+25
Mrt:      -1.491747e+24
Mrp:      -8.045932e+23
Mtp:      -1.398348e+25
