 PDE 2017  6 19  9 15 45.50 -20.7500 -176.5400 278.0 5.9 5.9 FIJI ISLANDS REGION
event name:     C201706190915A
time shift:      0.4436
half duration:   2.1000
latitude:      -20.7119
longitude:    -176.4661
depth:         290.8607
Mrr:      -1.172759e+23
Mtt:      -7.794897e+24
Mpp:       7.912173e+24
Mrt:      -1.486409e+24
Mrp:       1.872964e+24
Mtp:      -2.095113e+24
