 PDE 2019  1 27 10 16 28.70 -20.1000 -177.8200 562.4 5.8 5.8 FIJI ISLANDS REGION
event name:     C201901271016A
time shift:      0.9887
half duration:   2.0000
latitude:      -20.0221
longitude:    -177.8151
depth:         568.7884
Mrr:      -2.258046e+24
Mtt:       5.637270e+24
Mpp:      -3.379223e+24
Mrt:      -7.795789e+23
Mrp:      -2.822468e+24
Mtp:      -3.109089e+24
