 PDE 2019  8  8  0 45 26.70  36.5300   70.0600 226.0 5.9 5.8 HINDU KUSH REGION, AFGHANISTAN
event name:     C201908080045A
time shift:      0.5381
half duration:   2.1000
latitude:       36.4956
longitude:      70.0327
depth:         224.6441
Mrr:       3.190303e+24
Mtt:      -3.325157e+24
Mpp:       1.348534e+23
Mrt:       6.961963e+24
Mrp:      -3.475433e+23
Mtp:       6.146084e+23
