 PDE 2018 11 10  8 33 21.10 -20.4500 -174.0100  35.0 6.1 6.1 TONGA ISLANDS
event name:     C201811100833A
time shift:      3.0901
half duration:   2.7000
latitude:      -20.5145
longitude:    -173.7084
depth:          18.9568
Mrr:       1.540326e+25
Mtt:      -8.400351e+23
Mpp:      -1.456321e+25
Mrt:       4.745434e+24
Mrp:       9.288149e+24
Mtp:      -5.690557e+24
