 PDE 2013 02 28 14 05 50.30   50.9700  157.2700  41.0 6.4 6.9 KURIL ISLANDS
event name:   C201302281405A
time shift:           8.1653
half duration:        6.2000
latitude:            50.8373
longitude:          157.9069
depth:               43.7276
Mrr:            2.111491E+26
Mtt:           -6.890192E+25
Mpp:           -1.422470E+26
Mrt:            6.100963E+25
Mrp:            7.771609E+25
Mtp:           -9.231352E+25
