 PDE 2016  4  3  8 23 52.30 -14.3200  166.8500  26.0 6.8 6.9 VANUATU ISLANDS
event name:     201604030823A
time shift:      6.1359
half duration:   6.3000
latitude:      -14.2458
longitude:     166.6314
depth:          30.9040
Mrr:       2.194016e+26
Mtt:       5.970865e+24
Mpp:      -2.253724e+26
Mrt:       5.579858e+25
Mrp:      -6.113295e+24
Mtp:       4.298442e+25
