 PDE 2013 09 03 20 19 06.90   51.2300 -130.4500   5.5 5.6 6.1 QUEEN CHARLOTTE ISLANDS REGION
event name:   C201309032019A
time shift:           4.1330
half duration:        2.7000
latitude:            51.1167
longitude:         -130.6181
depth:                9.0533
Mrr:           -1.568388E+24
Mtt:           -5.768911E+24
Mpp:            7.337299E+24
Mrt:           -3.463601E+23
Mrp:           -6.710881E+24
Mtp:            1.527110E+25
