 PDE 2018  9 10  4 19  2.60 -31.7500 -179.3700 115.0 7.0 6.9 KERMADEC ISLANDS REGION
event name:     C201809100418A
time shift:      5.7754
half duration:   7.3000
latitude:      -31.9207
longitude:    -179.1586
depth:         116.3578
Mrr:      -1.116741e+26
Mtt:      -1.455335e+26
Mpp:       2.572074e+26
Mrt:      -1.936070e+26
Mrp:      -1.238639e+26
Mtp:       3.950426e+25
