 PDE 2011  1 15  6  9 10.30 -14.5900  167.2900 198.5 5.8 5.8 VANUATU ISLANDS
event name:     C201101150609A
time shift:     -0.7856
half duration:   2.0000
latitude:      -14.6628
longitude:     167.1725
depth:         163.8607
Mrr:       5.017708e+24
Mtt:      -1.888077e+22
Mpp:      -4.998827e+24
Mrt:      -3.369765e+24
Mrp:      -6.785075e+23
Mtp:       3.463559e+24
