 PDE 2017  6  3 19 17 34.00 -62.5800  155.8300  10.0 5.9 5.9 BALLENY ISLANDS REGION
event name:     C201706031917A
time shift:      3.4068
half duration:   2.3000
latitude:      -62.5619
longitude:     155.4096
depth:           7.1982
Mrr:      -7.280370e+23
Mtt:       8.830629e+24
Mpp:      -8.102592e+24
Mrt:      -2.933314e+24
Mrp:      -7.827616e+23
Mtp:      -5.649732e+24
