 PDE 2017  7  6  8  3 57.50  11.1300  124.6300   9.0 6.5 6.5 LEYTE, PHILIPPINES
event name:     201707060803A
time shift:      4.1077
half duration:   4.2000
latitude:       11.1509
longitude:     124.6684
depth:          12.9303
Mrr:      -1.075094e+25
Mtt:       6.994212e+25
Mpp:      -5.919118e+25
Mrt:      -1.073184e+25
Mrp:      -5.877108e+24
Mtp:      -2.487101e+25
