 PDE 2011 10 21  8  2 38.00  43.8900  142.4800 187.0 6.2 6.1 HOKKAIDO, JAPAN REGION
event name:     C201110210802A
time shift:      1.1907
half duration:   2.9000
latitude:       43.8291
longitude:     142.5272
depth:         188.2982
Mrr:      -7.309777e+24
Mtt:       8.611862e+24
Mpp:      -1.302085e+24
Mrt:       1.349119e+25
Mrp:      -2.119337e+24
Mtp:       1.309443e+25
