 PDE 2016  4 29  1 33 38.90  10.2700 -103.7400  10.0 6.6 6.6 NORTHERN EAST PACIFIC RISE
event name:     201604290133A
time shift:      1.0641
half duration:   4.9000
latitude:       10.4235
longitude:    -103.9298
depth:           9.9925
Mrr:      -7.182949e+24
Mtt:      -3.934524e+25
Mpp:       4.652819e+25
Mrt:       2.313125e+23
Mrp:      -3.926932e+24
Mtp:       9.443187e+25
