 PDE 2013 05 21 05 43 21.00   52.2800  160.0700  30.0 5.8 6.1 OFF EAST COAST OF KAMCHATKA
event name:   C201305210543A
time shift:           3.7698
half duration:        2.9000
latitude:            52.1954
longitude:          160.3301
depth:               27.9821
Mrr:            1.901916E+25
Mtt:           -6.464747E+24
Mpp:           -1.255440E+25
Mrt:            1.130187E+25
Mrp:            1.325345E+25
Mtp:           -9.754956E+24
