 PDE 2010 05 03 10 27 46.70   29.6400  140.9700  98.5 6.2 6.1 SOUTHEAST OF HONSHU, JAPAN
event name:   C201005031027A
time shift:           2.1262
half duration:        2.7000
latitude:            29.5857
longitude:          141.2780
depth:               93.7072
Mrr:            1.162966E+25
Mtt:           -7.761523E+23
Mpp:           -1.085350E+25
Mrt:           -2.557566E+24
Mrp:            1.196237E+25
Mtp:           -4.507119E+24
