 PDE 2017  2 18 12 10 18.00 -23.8600  -66.6600 222.0 6.4 6.4 JUJUY PROVINCE, ARGENTINA
event name:     201702181210A
time shift:      4.0127
half duration:   3.8000
latitude:      -23.8754
longitude:     -66.8776
depth:         215.4029
Mrr:      -8.249208e+24
Mtt:      -2.852249e+24
Mpp:       1.110146e+25
Mrt:      -4.058140e+24
Mrp:      -4.602067e+25
Mtp:       2.240445e+24
