 PDE 2016  1  2  4 22 19.60  44.8100  129.9400 585.5 5.8 5.8 NORTHEASTERN CHINA
event name:     C201601020422A
time shift:      0.9956
half duration:   2.0000
latitude:       44.8308
longitude:     129.7580
depth:         586.4744
Mrr:       2.282076e+24
Mtt:       5.639627e+23
Mpp:      -2.846039e+24
Mrt:      -3.045738e+24
Mrp:      -3.289297e+24
Mtp:      -3.196910e+24
