 PDE 2018  8 17 15 35  1.90  -7.3700  119.8000 529.0 6.5 6.5 FLORES SEA
event name:     C201808171535A
time shift:      2.3852
half duration:   4.4000
latitude:       -7.3042
longitude:     119.7527
depth:         538.0118
Mrr:       1.615588e+25
Mtt:      -9.908643e+24
Mpp:      -6.247233e+24
Mrt:       3.976710e+25
Mrp:       5.554116e+25
Mtp:      -1.690093e+25
