 PDE 2016  2  1 19  0 46.30 -30.7500 -179.9500 391.0 6.2 6.2 KERMADEC ISLANDS REGION
event name:     C201602011900A
time shift:      2.5281
half duration:   3.3000
latitude:      -30.8095
longitude:    -179.8153
depth:         389.4068
Mrr:      -1.222706e+25
Mtt:      -1.012764e+25
Mpp:       2.235470e+25
Mrt:      -1.060943e+25
Mrp:      -1.927084e+25
Mtp:      -6.143711e+24
