 PDE 2018  7 15 13  9 16.50  13.8500   51.7200  10.0 6.0 6.0 EASTERN GULF OF ADEN
event name:     C201807151309A
time shift:      3.5968
half duration:   2.4000
latitude:       14.0021
longitude:      51.5925
depth:          11.8542
Mrr:       1.537860e+22
Mtt:       8.089048e+24
Mpp:      -8.104427e+24
Mrt:       1.634158e+24
Mrp:       3.584091e+24
Mtp:       4.794149e+24
