 PDE 2012  6 24  3 15  1.30  57.6000  163.2000  10.0 6.0 6.1 NEAR EAST COAST OF KAMCHATKA
event name:     C201206240315A
time shift:      3.7160
half duration:   2.6000
latitude:       57.5401
longitude:     163.6616
depth:          10.2523
Mrr:       1.099771e+25
Mtt:       8.552243e+23
Mpp:      -1.185293e+25
Mrt:       2.278468e+24
Mrp:       7.879409e+24
Mtp:      -2.004026e+24
