 PDE 2016  4  7  3 32 53.50 -13.9800  166.5900  27.6 6.6 6.7 VANUATU ISLANDS
event name:     201604070332A
time shift:      4.7196
half duration:   5.1000
latitude:      -13.8909
longitude:     166.5226
depth:          28.6385
Mrr:       1.212353e+26
Mtt:      -5.484454e+24
Mpp:      -1.157508e+26
Mrt:       2.346508e+25
Mrp:      -1.966690e+25
Mtp:       3.398647e+25
