 PDE 2014 11 17 16 52 46.80  -46.3500   33.8000  10.0 0.0 6.1 PRINCE EDWARD ISLANDS REGION
event name:   C201411171652A
time shift:           4.6782
half duration:        3.1000
latitude:           -46.2704
longitude:           33.7928
depth:               15.7837
Mrr:           -3.155439E+24
Mtt:            1.647416E+25
Mpp:           -1.331873E+25
Mrt:            1.110496E+25
Mrp:           -1.705948E+24
Mtp:            2.819200E+25
