 PDE 2014 05 01 14 35 37.10    1.9600   97.9700  37.0 0.0 5.9 NORTHERN SUMATRA, INDONESIA
event name:   C201405011435A
time shift:           4.1363
half duration:        2.0000
latitude:             1.8797
longitude:           97.7227
depth:               42.9940
Mrr:            5.176055E+24
Mtt:           -1.672054E+24
Mpp:           -3.504001E+24
Mrt:            4.366327E+24
Mrp:           -2.401320E+24
Mtp:            2.783560E+24
