 PDE 2015  6  1  6 52 41.30  44.4600 -129.8100  10.0 5.8 5.8 OFF COAST OF OREGON
event name:     C201506010652A
time shift:      1.1859
half duration:   1.9000
latitude:       44.3492
longitude:    -130.1381
depth:           9.0191
Mrr:      -5.830270e+23
Mtt:      -4.020583e+24
Mpp:       4.603610e+24
Mrt:       1.495101e+24
Mrp:      -8.585359e+22
Mtp:      -4.381768e+24
