 PDE 2011  7 16 19 59 12.90  54.7900 -161.2900  36.0 6.2 6.2 ALASKA PENINSULA
event name:     C201107161959A
time shift:      2.2947
half duration:   3.0000
latitude:       54.5274
longitude:    -161.0861
depth:          41.3935
Mrr:       1.571131e+25
Mtt:      -1.347267e+25
Mpp:      -2.238637e+24
Mrt:       1.044097e+25
Mrp:       7.004001e+24
Mtp:      -7.087882e+24
