 PDE 2014 01 09 06 39 33.50  -11.5900  166.5200  58.0 0.0 5.8 SANTA CRUZ ISLANDS
event name:   C201401090639A
time shift:           5.0938
half duration:        2.1000
latitude:           -11.5686
longitude:          166.0293
depth:               45.7203
Mrr:            9.185836E+24
Mtt:           -5.816671E+23
Mpp:           -8.604172E+24
Mrt:           -1.556694E+23
Mrp:            1.440132E+24
Mtp:            2.308451E+24
