 PDE 2013 10 30 02 29 12.00  -35.4400  -73.1900  39.2 0.0 5.8 OFF COAST OF CENTRAL CHILE
event name:   C201310300229A
time shift:           7.1814
half duration:        2.2000
latitude:           -35.4653
longitude:          -73.3624
depth:               12.1685
Mrr:            4.997463E+24
Mtt:            1.737926E+23
Mpp:           -5.171256E+24
Mrt:           -1.871106E+24
Mrp:           -8.563160E+24
Mtp:           -1.536973E+24
