 PDE 2019  1 30 15 31 33.40  -4.6300 -105.4800  10.0 5.9 5.9 CENTRAL EAST PACIFIC RISE
event name:     C201901301531A
time shift:      2.0155
half duration:   2.2000
latitude:       -4.5457
longitude:    -105.5913
depth:           5.7077
Mrr:      -5.876017e+22
Mtt:       2.849721e+24
Mpp:      -2.790961e+24
Mrt:       1.443842e+23
Mrp:       2.434529e+24
Mtp:       8.111656e+24
