 PDE 2012 11 11 22 14 59.20  14.1300  -92.1600  20.0 6.4 6.5 NEAR COAST OF CHIAPAS, MEXICO
event name:     C201211112215A
time shift:      6.7454
half duration:   4.0000
latitude:       13.9434
longitude:     -92.6813
depth:          12.7582
Mrr:       3.075841e+25
Mtt:      -2.842145e+25
Mpp:      -2.336965e+24
Mrt:       3.606405e+25
Mrp:      -2.131114e+25
Mtp:       1.180509e+25
