 PDE 2012  5 28 21 47  9.40 -19.9600 -175.9800 210.7 5.9 5.9 TONGA ISLANDS
event name:     C201205282147A
time shift:      2.7701
half duration:   2.2000
latitude:      -20.0255
longitude:    -175.5087
depth:         212.2818
Mrr:      -1.497566e+23
Mtt:      -5.959364e+23
Mpp:       7.456931e+23
Mrt:      -1.352023e+24
Mrp:      -6.826433e+24
Mtp:       5.499307e+24
