 PDE 2015  2 11 18 57 22.50 -23.1100  -66.6900 223.0 6.7 6.7 JUJUY PROVINCE, ARGENTINA
event name:     201502111857A
time shift:      2.6882
half duration:   5.4000
latitude:      -23.1401
longitude:     -66.8137
depth:         219.2103
Mrr:      -8.555834e+25
Mtt:      -3.381049e+24
Mpp:       8.893939e+25
Mrt:      -9.187752e+24
Mrp:      -1.121156e+26
Mtp:      -6.973515e+24
