 PDE 2016 12 21  0 17 15.00  -7.5100  127.9200 152.0 6.7 6.7 BANDA SEA
event name:     201612210017A
time shift:      6.7267
half duration:   5.4000
latitude:       -7.6463
longitude:     127.9238
depth:         159.7704
Mrr:       8.982893e+25
Mtt:      -1.204490e+26
Mpp:       3.062006e+25
Mrt:       6.104002e+25
Mrp:       6.629523e+25
Mtp:       6.123433e+25
