 PDE 2015  7 27 21 41 21.70  -2.6300  138.5300  48.0 7.0 7.0 IRIAN JAYA, INDONESIA
event name:     201507272141A
time shift:      8.0768
half duration:   7.4000
latitude:       -2.5284
longitude:     138.4002
depth:          41.5286
Mrr:       3.149795e+26
Mtt:      -1.939499e+26
Mpp:      -1.210297e+26
Mrt:       1.265684e+26
Mrp:       3.105262e+25
Mtp:       2.087824e+26
