 PDE 2010 09 04 08 52 04.10  -17.3700 -174.0000  69.0 5.9 6.1 TONGA ISLANDS
event name:   C201009040852A
time shift:           4.4047
half duration:        2.6000
latitude:           -17.3358
longitude:         -173.5422
depth:               77.4421
Mrr:            9.750461E+24
Mtt:            1.951962E+24
Mpp:           -1.170242E+25
Mrt:           -4.159250E+24
Mrp:           -1.019124E+25
Mtp:            3.750245E+24
