 PDE 2013 04 05 13 00 02.10   42.7400  131.0000 563.3 6.2 6.4 E. RUSSIA-N.E. CHINA BORDER REG.
event name:   C201304051300A
time shift:           2.5708
half duration:        3.3000
latitude:            42.7687
longitude:          131.0183
depth:              569.6051
Mrr:            7.462639E+24
Mtt:           -3.157207E+24
Mpp:           -4.305433E+24
Mrt:            1.077996E+24
Mrp:           -3.347108E+25
Mtp:            5.109567E+24
