 PDE 2013 09 05 04 01 36.00   15.2100  -45.1700  10.0 0.0 6.0 NORTHERN MID-ATLANTIC RIDGE
event name:   C201309050401A
time shift:           2.3662
half duration:        2.4000
latitude:            15.2904
longitude:          -45.0280
depth:                8.5577
Mrr:           -2.935339E+24
Mtt:           -2.698258E+24
Mpp:            5.633596E+24
Mrt:            5.506097E+22
Mrp:            8.062393E+23
Mtp:           -1.402654E+25
