 PDE 2011  7 25 17 15 40.80  14.9500  120.0400  35.0 5.9 5.9 LUZON, PHILIPPINES
event name:     C201107251715A
time shift:      4.9856
half duration:   2.3000
latitude:       15.1135
longitude:     119.8389
depth:          41.3129
Mrr:       8.157436e+24
Mtt:       5.499652e+23
Mpp:      -8.707401e+24
Mrt:      -2.215988e+24
Mrp:      -1.668892e+24
Mtp:      -7.929712e+23
