 PDE 2010 12 22 21 49 38.80  26.8100  143.6000  10.0 6.4 6.4 BONIN ISLANDS, JAPAN REGION
event name:     C201012222149A
time shift:      6.6417
half duration:   3.8000
latitude:       26.7794
longitude:     143.6925
depth:          28.9472
Mrr:      -1.050546e+25
Mtt:       1.135464e+25
Mpp:      -8.491793e+23
Mrt:       7.257649e+24
Mrp:      -1.861310e+25
Mtp:      -4.272792e+25
