 PDE 2017  7 13  3 36  8.60  -4.7800  153.2100  34.0 6.4 6.4 NEW IRELAND REGION, P.N.G.
event name:     201707130336A
time shift:      3.9289
half duration:   4.0000
latitude:       -4.9242
longitude:     153.1910
depth:          29.9696
Mrr:       3.280176e+25
Mtt:      -1.163972e+25
Mpp:      -2.116203e+25
Mrt:       2.154774e+25
Mrp:      -2.808993e+25
Mtp:      -2.991888e+25
