 PDE 2012  5 29  7  0  3.80  44.8200   11.0700   9.0 5.9 5.8 NORTHERN ITALY
event name:     C201205290700A
time shift:      4.0253
half duration:   2.1000
latitude:       44.9132
longitude:      11.1361
depth:          10.3625
Mrr:       6.062240e+24
Mtt:      -6.084315e+24
Mpp:       2.207444e+22
Mrt:      -4.767862e+24
Mrp:       2.515433e+24
Mtp:       1.292689e+24
