 PDE 2019  9 29 15 57 53.20 -35.4800  -73.1600  11.0 6.7 6.7 OFF COAST OF CENTRAL CHILE
event name:     C201909291557A
time shift:      7.3131
half duration:   5.6000
latitude:      -35.5993
longitude:     -73.0742
depth:          17.0279
Mrr:       4.750661e+25
Mtt:       1.986744e+24
Mpp:      -4.949336e+25
Mrt:       2.499321e+24
Mrp:      -1.040128e+26
Mtp:      -6.426095e+24
