 PDE 2018 10  7  0 11 51.20  20.0300  -73.0100  24.0 5.9 5.9 HAITI REGION
event name:     C201810070011A
time shift:      2.1621
half duration:   2.2000
latitude:       20.2144
longitude:     -72.9252
depth:          21.3039
Mrr:       2.808404e+24
Mtt:      -1.170278e+24
Mpp:      -1.638126e+24
Mrt:      -7.834330e+24
Mrp:       3.303107e+24
Mtp:       2.487371e+24
