 PDE 2013 03 19 03 28 58.80  -58.8900  -24.3300  20.0 6.0 6.0 SOUTH SANDWICH ISLANDS REGION
event name:   C201303190329A
time shift:           4.9543
half duration:        2.4000
latitude:           -59.1072
longitude:          -23.8701
depth:               33.4440
Mrr:            8.626931E+24
Mtt:           -9.356842E+24
Mpp:            7.299103E+23
Mrt:           -9.719337E+23
Mrp:            7.440369E+24
Mtp:            5.997002E+24
