 PDE 2011  7 15 13 26  3.00 -60.7600  -23.5200  10.0 6.0 6.2 SOUTH SANDWICH ISLANDS REGION
event name:     C201107151326A
time shift:      4.6755
half duration:   2.6000
latitude:      -61.1180
longitude:     -22.8557
depth:          11.8963
Mrr:      -5.871911e+24
Mtt:       3.937847e+24
Mpp:       1.934063e+24
Mrt:       3.610651e+24
Mrp:       9.561051e+23
Mtp:       1.657975e+25
