 PDE 2011  9  2 10 55 53.60  52.1700 -171.7100  32.0 6.8 6.9 FOX ISLANDS, ALEUTIAN ISLANDS
event name:     C201109021055A
time shift:      4.9903
half duration:   6.5000
latitude:       51.9034
longitude:    -171.5686
depth:          38.2411
Mrr:       1.105473e+26
Mtt:       6.318665e+25
Mpp:      -1.737340e+26
Mrt:       6.054944e+25
Mrp:       1.321029e+26
Mtp:       6.666760e+25
