 PDE 2014 04 17 04 38 17.70    4.5200  122.9300 572.9 0.0 5.8 CELEBES SEA
event name:   C201404170438A
time shift:           3.6901
half duration:        1.8000
latitude:             4.5537
longitude:          122.8262
depth:              572.4084
Mrr:           -1.516731E+24
Mtt:            1.572244E+24
Mpp:           -5.551444E+22
Mrt:           -2.160302E+24
Mrp:           -5.171643E+24
Mtp:            1.463946E+24
