 PDE 2011  7 16 17  6 39.60  -7.1000  127.5800 254.7 5.9 5.9 BANDA SEA
event name:     C201107161706A
time shift:      1.7111
half duration:   2.2000
latitude:       -7.1820
longitude:     127.5803
depth:         258.0050
Mrr:       2.777040e+24
Mtt:      -3.731285e+24
Mpp:       9.542444e+23
Mrt:      -4.400832e+24
Mrp:       7.371897e+24
Mtp:       2.781159e+24
