 PDE 2018 11 14 21 21 50.90  55.6400  161.9900  49.0 6.2 6.1 NEAR EAST COAST OF KAMCHATKA
event name:     C201811142121A
time shift:      2.8470
half duration:   2.9000
latitude:       55.5460
longitude:     162.3451
depth:          48.9201
Mrr:       1.577187e+25
Mtt:      -1.927801e+25
Mpp:       3.506140e+24
Mrt:       3.165159e+24
Mrp:       3.984638e+24
Mtp:      -5.564296e+24
