 PDE 2016  2 22  6 36 59.40 -30.4200  -72.3000  12.0 6.0 6.0 OFF COAST OF CENTRAL CHILE
event name:     C201602220637A
time shift:      9.2997
half duration:   2.5000
latitude:      -30.5603
longitude:     -72.2597
depth:          12.0900
Mrr:       8.526917e+24
Mtt:       5.732753e+22
Mpp:      -8.584245e+24
Mrt:       3.030498e+23
Mrp:      -8.152910e+24
Mtp:       7.434266e+22
