 PDE 2016  6  1 22 56  0.80  -2.1000  100.6700  50.0 6.7 6.6 SOUTHERN SUMATRA, INDONESIA
event name:     201606012256A
time shift:      4.4210
half duration:   5.3000
latitude:       -2.1739
longitude:     100.5637
depth:          28.3778
Mrr:      -7.445968e+23
Mtt:       1.089364e+24
Mpp:      -3.447674e+23
Mrt:       4.349163e+25
Mrp:      -8.979906e+25
Mtp:      -1.221131e+22
