 PDE 2016  9 12  6 51 53.40 -28.7500 -112.3100  10.0 5.8 5.8 EASTER ISLAND REGION
event name:     C201609120651A
time shift:      4.0029
half duration:   2.0000
latitude:      -28.7572
longitude:    -112.6004
depth:           7.3295
Mrr:       8.689782e+22
Mtt:      -5.495376e+24
Mpp:       5.408479e+24
Mrt:       2.204875e+23
Mrp:      -1.079473e+23
Mtp:      -4.689552e+24
