 PDE 2015  3  6  8 22 19.00 -41.3200   80.6000  10.0 6.0 5.9 MID-INDIAN RIDGE
event name:     C201503060822A
time shift:      3.9602
half duration:   2.3000
latitude:      -41.2327
longitude:      80.6385
depth:           7.4574
Mrr:      -4.116673e+22
Mtt:       1.195161e+25
Mpp:      -1.191045e+25
Mrt:       1.939176e+24
Mrp:      -3.602526e+23
Mtp:      -1.593231e+24
