 PDE 2014 11 02 17 17 04.40  -61.2200  154.2800  10.0 0.0 6.0 BALLENY ISLANDS REGION
event name:   C201411021717A
time shift:           8.2437
half duration:        2.5000
latitude:           -61.0189
longitude:          153.7726
depth:               16.1262
Mrr:           -1.444404E+24
Mtt:            1.192383E+25
Mpp:           -1.047944E+25
Mrt:            1.537305E+24
Mrp:            3.680413E+24
Mtp:           -9.593043E+24
