 PDE 2018 11 25  3 40 50.80  13.1800  -81.0900  10.0 6.0 6.0 CARIBBEAN SEA
event name:     C201811250340A
time shift:      0.7300
half duration:   2.4000
latitude:       13.2225
longitude:     -81.1271
depth:           9.9112
Mrr:      -1.522604e+24
Mtt:      -6.601344e+24
Mpp:       8.123949e+24
Mrt:       2.038207e+22
Mrp:      -9.684073e+23
Mtp:       7.948454e+24
