 PDE 2013 08 28 02 54 41.60  -27.7500  179.6200 480.3 5.9 6.2 KERMADEC ISLANDS REGION
event name:   C201308280254A
time shift:           3.1986
half duration:        3.2000
latitude:           -27.7271
longitude:          179.8434
depth:              489.2601
Mrr:            7.831357E+24
Mtt:           -1.413382E+25
Mpp:            6.302452E+24
Mrt:            1.147930E+25
Mrp:           -5.086202E+24
Mtp:           -2.711097E+25
