 PDE 2017  5  6  0 16  9.70 -60.8300  -38.0400  12.0 5.9 5.9 SCOTIA SEA
event name:     C201705060016A
time shift:      4.6132
half duration:   2.2000
latitude:      -61.0502
longitude:     -37.7769
depth:          16.2199
Mrr:      -1.472427e+24
Mtt:       7.415149e+23
Mpp:       7.309121e+23
Mrt:       2.442762e+24
Mrp:       2.596196e+24
Mtp:       7.888697e+24
