 PDE 2014  3  2 20 11 23.40  27.4300  127.3700 119.0 6.5 6.5 RYUKYU ISLANDS, JAPAN
event name:     C201403022011A
time shift:      1.2110
half duration:   4.3000
latitude:       27.3479
longitude:     127.4611
depth:         123.9834
Mrr:      -2.468805e+25
Mtt:      -1.129031e+25
Mpp:       3.597836e+25
Mrt:      -2.188143e+25
Mrp:      -2.932826e+25
Mtp:      -3.512522e+25
