 PDE 2017  3 19 15 43 25.70  -8.1400  160.7500   8.4 6.0 6.0 SOLOMON ISLANDS
event name:     C201703191543A
time shift:      4.0635
half duration:   2.3000
latitude:       -8.0199
longitude:     161.0641
depth:           4.7758
Mrr:       9.460130e+24
Mtt:      -4.245769e+24
Mpp:      -5.214362e+24
Mrt:      -3.663895e+24
Mrp:       4.320370e+24
Mtp:       4.803470e+24
