 PDE 2010 05 24 16 18 29.10   -8.0800  -71.5600 581.2 6.0 6.5 WESTERN BRAZIL
event name:   C201005241618A
time shift:           3.9644
half duration:        4.1000
latitude:            -8.0799
longitude:          -71.6435
depth:              587.6495
Mrr:           -6.510750E+25
Mtt:            4.829242E+24
Mpp:            6.027825E+25
Mrt:           -1.058238E+25
Mrp:            1.534953E+25
Mtp:           -1.476629E+25
