 PDE 2016  9 10 12 27 33.40  -1.0400   31.6200  40.0 5.9 5.9 LAKE VICTORIA REGION
event name:     C201609101227A
time shift:      0.9507
half duration:   2.1000
latitude:       -1.0498
longitude:      31.4811
depth:          34.2481
Mrr:      -2.180524e+24
Mtt:       5.208377e+24
Mpp:      -3.027853e+24
Mrt:       9.937144e+23
Mrp:      -2.847920e+24
Mtp:       4.373010e+24
