 PDE 2014 11 22 13 08 18.40   36.6400  137.8900   9.0 0.0 6.2 EASTERN HONSHU, JAPAN
event name:   C201411221308A
time shift:           4.8983
half duration:        3.2000
latitude:            36.7528
longitude:          137.8805
depth:                6.4807
Mrr:            2.146890E+25
Mtt:           -7.767523E+24
Mpp:           -1.370138E+25
Mrt:           -1.209084E+25
Mrp:           -2.070686E+24
Mtp:           -1.983168E+25
