 PDE 2013 09 04 06 16 50.00   51.5000 -174.8000  25.2 0.0 5.7 ANDREANOF ISLANDS, ALEUTIAN IS.
event name:   C201309040616A
time shift:           2.6204
half duration:        1.9000
latitude:            51.4405
longitude:         -174.7799
depth:               24.8800
Mrr:            5.404496E+24
Mtt:           -3.859814E+24
Mpp:           -1.544682E+24
Mrt:            3.964556E+24
Mrp:            1.815380E+24
Mtp:           -1.829560E+24
