 PDE 2019  6 13  3  0 31.30 -35.7300  -17.1900  10.0 5.8 5.7 SOUTHERN MID-ATLANTIC RIDGE
event name:     C201906130300A
time shift:      5.0981
half duration:   1.9000
latitude:      -35.5003
longitude:     -17.1979
depth:          11.2378
Mrr:      -2.461636e+23
Mtt:      -2.054375e+24
Mpp:       2.300538e+24
Mrt:      -1.352911e+24
Mrp:       1.299633e+24
Mtp:       5.305037e+24
