 PDE 2013 06 07 12 54 09.40  -23.8900  179.0900 546.0 5.5 5.9 SOUTH OF FIJI ISLANDS
event name:   C201306071254A
time shift:           4.6461
half duration:        2.2000
latitude:           -23.8290
longitude:          179.0719
depth:              555.8130
Mrr:           -3.701901E+24
Mtt:           -2.436477E+24
Mpp:            6.138378E+24
Mrt:           -3.451765E+23
Mrp:           -8.873824E+24
Mtp:            1.893131E+24
