 PDE 2010  2 11 21 56 31.50  34.0000   25.3900  14.0 5.4 5.4 CRETE, GREECE - INV
event name:     C201002112156A
time shift:      5.5400
half duration:   1.3000
latitude:       34.0882
longitude:      25.3503
depth:          16.2222
Mrr:       0.159304E+25
Mtt:      -0.138626E+25
Mpp:      -0.206780E+24
Mrt:       0.409459E+24
Mrp:      -0.394783E+24
Mtp:       0.572570E+24
