 PDE 2016  1  3 23  5 22.30  24.8100   93.6500  55.0 6.7 6.7 MYANMAR-INDIA BORDER REGION
event name:     C201601032305A
time shift:      4.2411
half duration:   5.6000
latitude:       24.7353
longitude:      93.4911
depth:          49.2365
Mrr:       3.684556e+25
Mtt:      -7.358314e+25
Mpp:       3.673757e+25
Mrt:       7.644934e+25
Mrp:       3.068564e+25
Mtp:       8.163203e+25
