 PDE 2015  5 12 21 12 58.90  38.9100  142.0300  35.0 6.8 6.8 NEAR EAST COAST OF HONSHU, JAPAN
event name:     201505122112A
time shift:      7.1053
half duration:   6.2000
latitude:       38.8975
longitude:     142.2417
depth:          41.6289
Mrr:       1.289084e+26
Mtt:      -2.551820e+24
Mpp:      -1.263566e+26
Mrt:       6.540998e+25
Mrp:       1.256145e+26
Mtp:      -3.603346e+25
