 PDE 2011  9 23 19  2 48.20  -9.0500 -109.4400  10.0 5.8 5.8 CENTRAL EAST PACIFIC RISE
event name:     C201109231902A
time shift:      0.7654
half duration:   2.1000
latitude:       -9.0801
longitude:    -109.6696
depth:           9.5098
Mrr:       2.606516e+23
Mtt:      -2.390280e+24
Mpp:       2.129628e+24
Mrt:      -1.847625e+24
Mrp:       1.055429e+24
Mtp:       6.318118e+24
