 PDE 2016 11 24 18 43 47.70  11.9100  -88.9000  10.0 6.9 6.9 OFF COAST OF CENTRAL AMERICA
event name:     201611241843A
time shift:      5.2625
half duration:   7.1000
latitude:       11.8205
longitude:     -89.2466
depth:           8.8801
Mrr:      -3.305343e+26
Mtt:       2.211132e+26
Mpp:       1.094210e+26
Mrt:      -4.405419e+25
Mrp:       3.496150e+25
Mtp:      -1.819910e+26
