 PDE 2013 05 20 09 49 04.50  -44.8700  -80.7500  10.0 5.5 6.4 OFF COAST OF SOUTHERN CHILE
event name:   C201305200949A
time shift:           5.4083
half duration:        3.4000
latitude:           -44.9538
longitude:          -80.9965
depth:               15.5888
Mrr:           -3.196559E+24
Mtt:            1.577400E+25
Mpp:           -1.257744E+25
Mrt:            6.970130E+24
Mrp:           -7.818991E+23
Mtp:           -3.844574E+25
