 PDE 2016  8 18 18  9 43.90 -55.9000 -123.2400  10.0 6.0 6.0 SOUTHERN EAST PACIFIC RISE
event name:     C201608181809A
time shift:      3.0117
half duration:   2.5000
latitude:      -55.9591
longitude:    -123.6334
depth:           8.5850
Mrr:      -4.384272e+23
Mtt:       7.626156e+24
Mpp:      -7.187730e+24
Mrt:      -2.934340e+24
Mrp:      -2.555283e+24
Mtp:       1.110660e+25
