 PDE 2016 12  1 22 40 26.60 -15.3100  -70.8300  12.0 6.2 6.2 SOUTHERN PERU
event name:     C201612012240A
time shift:      2.6425
half duration:   3.1000
latitude:      -15.2811
longitude:     -70.9346
depth:           8.8642
Mrr:      -2.059666e+25
Mtt:       5.873036e+24
Mpp:       1.472363e+25
Mrt:       1.677398e+24
Mrp:      -7.103801e+23
Mtp:      -1.124703e+25
