 PDE 2018  5 10 18  2 29.00   6.8700  123.7600 535.0 5.9 5.9 MINDANAO, PHILIPPINES
event name:     C201805101802A
time shift:      1.7933
half duration:   2.1000
latitude:        6.9448
longitude:     123.7058
depth:         541.5125
Mrr:      -3.643019e+24
Mtt:      -1.062696e+24
Mpp:       4.705715e+24
Mrt:       2.075576e+24
Mrp:      -5.910845e+24
Mtp:       3.373646e+24
