 PDE 2010 02 15 21 51 47.80   -7.2200  128.7600 126.0 6.3 6.2 BANDA SEA
event name:   C201002152151A
time shift:           2.5946
half duration:        3.1000
latitude:            -7.3934
longitude:          128.7582
depth:              131.1655
Mrr:            2.207370E+25
Mtt:           -3.350713E+24
Mpp:           -1.872298E+25
Mrt:            1.438823E+25
Mrp:           -2.847036E+24
Mtp:            1.363835E+25
