 PDE 2014 05 24 09 25 03.10   40.3000   25.3800  10.0 0.0 6.9 AEGEAN SEA
event name:   C201405240925A
time shift:          15.8209
half duration:        6.6000
latitude:            40.3021
longitude:           25.6704
depth:               14.5761
Mrr:           -4.863552E+25
Mtt:            1.506209E+26
Mpp:           -1.019853E+26
Mrt:            9.179297E+23
Mrp:           -1.636925E+25
Mtp:           -1.933583E+26
