 PDE 2011  4  9 12 57 48.80  30.0000  131.7800  17.3 6.0 6.0 KYUSHU, JAPAN
event name:     C201104091257A
time shift:      1.3114
half duration:   2.4000
latitude:       30.0265
longitude:     131.8471
depth:           8.8986
Mrr:      -1.126716e+25
Mtt:      -4.270505e+22
Mpp:       1.130987e+25
Mrt:       2.974829e+24
Mrp:       3.981515e+24
Mtp:       2.223660e+24
