 PDE 2011  3 21  9 49  1.60  36.4900   70.9300 190.2 5.8 5.8 HINDU KUSH REGION, AFGHANISTAN
event name:     C201103210949A
time shift:      0.8080
half duration:   1.9000
latitude:       36.4646
longitude:      70.7418
depth:         191.1006
Mrr:       4.360450e+24
Mtt:      -4.968905e+24
Mpp:       6.084552e+23
Mrt:       2.973861e+24
Mrp:       2.835533e+24
Mtp:      -3.712018e+23
