 PDE 2013 11  3 11  3 38.40   4.6600  123.3500 532.0 6.0 5.9 CELEBES SEA
event name:     C201311031103A
time shift:      3.1553
half duration:   2.3000
latitude:        4.7566
longitude:     123.2887
depth:         541.2862
Mrr:      -3.082867e+24
Mtt:       4.575171e+24
Mpp:      -1.492303e+24
Mrt:      -4.701844e+24
Mrp:      -8.242446e+24
Mtp:       1.880718e+24
