 PDE 2017  4 15  8 19 43.40 -23.2700  -67.7700 155.0 6.3 6.2 CHILE-ARGENTINA BORDER REGION
event name:     C201704150819A
time shift:      2.7304
half duration:   3.3000
latitude:      -23.1987
longitude:     -67.9095
depth:         156.8553
Mrr:      -1.005942e+25
Mtt:      -4.889419e+24
Mpp:       1.494883e+25
Mrt:       4.287921e+24
Mrp:      -2.765132e+25
Mtp:      -9.669317e+24
