 PDE 2019  7  4  4 30 44.40  51.2400 -130.5000  10.0 6.2 6.2 QUEEN CHARLOTTE ISLANDS REGION
event name:     C201907040430A
time shift:      3.7548
half duration:   3.2000
latitude:       51.1690
longitude:    -130.6385
depth:           8.4967
Mrr:      -2.827795e+24
Mtt:      -1.017217e+25
Mpp:       1.299996e+25
Mrt:       1.671682e+24
Mrp:      -6.821220e+24
Mtp:       2.080888e+25
