 PDE 2018  1  2 14 57 19.10 -24.8200  178.4500 579.5 6.0 5.9 SOUTH OF FIJI ISLANDS
event name:     C201801021457A
time shift:      2.2088
half duration:   2.3000
latitude:      -24.7982
longitude:     178.4263
depth:         585.8444
Mrr:      -5.508153e+24
Mtt:       4.502652e+24
Mpp:       1.005501e+24
Mrt:      -2.301366e+24
Mrp:      -6.429857e+24
Mtp:      -7.154638e+24
