 PDE 2014  9 17  6 14 45.40  13.7600  144.4300 130.0 6.8 6.7 MARIANA ISLANDS
event name:     201409170614A
time shift:      5.1780
half duration:   5.8000
latitude:       13.5299
longitude:     144.5008
depth:         137.6393
Mrr:      -1.574725e+26
Mtt:       1.285928e+26
Mpp:       2.887967e+25
Mrt:      -7.812783e+25
Mrp:      -4.324684e+25
Mtp:      -4.592084e+25
