 PDE 2014  1 20  2 52 44.30 -40.6600  175.8100  28.0 6.3 6.1 NORTH ISLAND, NEW ZEALAND
event name:     C201401200252A
time shift:      4.3093
half duration:   3.4000
latitude:      -40.6695
longitude:     175.8023
depth:          23.3549
Mrr:      -1.350009e+25
Mtt:       8.102484e+24
Mpp:       5.397599e+24
Mrt:       1.038229e+25
Mrp:       1.905075e+25
Mtp:       7.265105e+24
