 PDE 2014 04 11 07 07 23.10   -6.5900  155.0500  60.5 0.0 7.1 SOLOMON ISLANDS
event name:   C201404110707A
time shift:           9.4488
half duration:        8.4000
latitude:            -6.7781
longitude:          155.0948
depth:               42.5074
Mrr:            5.141565E+26
Mtt:           -2.842288E+26
Mpp:           -2.299275E+26
Mrt:            2.872263E+25
Mrp:           -5.213449E+25
Mtp:            2.393395E+26
