 PDE 2010 07 24 05 35 01.10    6.2200  123.5200 553.0 5.9 6.6 MINDANAO, PHILIPPINES
event name:   C201007240535A
time shift:           4.1123
half duration:        4.7000
latitude:             6.2378
longitude:          123.5696
depth:              554.8988
Mrr:           -4.455789E+25
Mtt:            1.791902E+25
Mpp:            2.663885E+25
Mrt:           -6.045338E+24
Mrp:           -8.529891E+25
Mtp:            3.178043E+25
