 PDE 2018  4 30 18 24 53.10 -15.9400  168.3700 266.0 5.8 5.8 VANUATU ISLANDS
event name:     C201804301824A
time shift:      2.1183
half duration:   2.0000
latitude:      -15.9412
longitude:     168.2199
depth:         270.7852
Mrr:       3.004907e+24
Mtt:      -3.194262e+24
Mpp:       1.893550e+23
Mrt:      -1.740512e+24
Mrp:      -3.632293e+24
Mtp:       4.673531e+24
