 PDE 2013 05 07 10 10 48.70  -19.6200  175.0500  11.0 5.6 6.0 SOUTH OF FIJI ISLANDS
event name:   C201305071010A
time shift:           2.6723
half duration:        2.3000
latitude:           -19.6178
longitude:          175.0795
depth:               10.7162
Mrr:            1.585663E+24
Mtt:           -1.149056E+25
Mpp:            9.904901E+24
Mrt:            4.882574E+23
Mrp:            1.884535E+24
Mtp:           -4.716031E+24
