 PDE 2011 02 10 14 39 27.70    4.2000  122.9700 523.2 6.1 6.5 CELEBES SEA
event name:   C201102101439A
time shift:           3.4605
half duration:        4.5000
latitude:             4.1384
longitude:          122.9148
depth:              520.6438
Mrr:           -6.615718E+25
Mtt:            1.893984E+25
Mpp:            4.721735E+25
Mrt:           -3.120421E+25
Mrp:           -7.869544E+25
Mtp:            2.732586E+25
