 PDE 2017  2 10 14  3 43.90   9.9100  125.4500  15.0 6.5 6.5 MINDANAO, PHILIPPINES
event name:     201702101403A
time shift:      4.6924
half duration:   4.2000
latitude:        9.8489
longitude:     125.4908
depth:          11.3127
Mrr:      -1.233794e+24
Mtt:       3.954702e+25
Mpp:      -3.831323e+25
Mrt:      -1.269949e+25
Mrp:      -2.213382e+25
Mtp:      -4.384116e+25
