 PDE 2015 12 24 19 44  3.10 -55.7600 -123.1200  12.3 6.2 6.2 SOUTHERN EAST PACIFIC RISE
event name:     C201512241944A
time shift:      4.0768
half duration:   2.9000
latitude:      -56.0556
longitude:    -123.1146
depth:           8.1106
Mrr:      -9.196093e+22
Mtt:       1.130775e+25
Mpp:      -1.121580e+25
Mrt:      -3.977066e+24
Mrp:      -6.542470e+24
Mtp:       1.758913e+25
