 PDE 2017  5  9  1 54 14.50  24.4500  126.3200  10.0 6.0 6.0 RYUKYU ISLANDS, JAPAN
event name:     C201705090154A
time shift:      4.1266
half duration:   2.6000
latitude:       24.2685
longitude:     126.2848
depth:          12.1411
Mrr:       3.899064e+23
Mtt:       6.701210e+24
Mpp:      -7.091117e+24
Mrt:       2.963517e+24
Mrp:       1.514462e+24
Mtp:       1.406397e+25
