 PDE 2016  1 20 17 13 13.60  37.6700  101.6400   9.0 5.9 5.9 QINGHAI, CHINA
event name:     C201601201713A
time shift:      0.8025
half duration:   2.2000
latitude:       37.6733
longitude:     101.6820
depth:          10.0777
Mrr:       7.016171e+24
Mtt:      -1.529367e+24
Mpp:      -5.486804e+24
Mrt:       4.374755e+23
Mrp:       1.091281e+24
Mtp:       3.257734e+24
