 PDE 2011  1  9 10  3 44.30 -19.1600  168.3100  24.0 6.5 6.6 VANUATU ISLANDS
event name:     201101091003A
time shift:      6.6497
half duration:   4.4000
latitude:      -19.1955
longitude:     168.1202
depth:          12.2491
Mrr:      -7.724457e+25
Mtt:       7.793569e+25
Mpp:      -6.911255e+23
Mrt:      -1.956025e+25
Mrp:      -2.515092e+25
Mtp:      -1.285530e+25
