 PDE 2017  4 18 17 49 55.80  -2.7100  -75.3000  14.0 5.9 5.9 PERU-ECUADOR BORDER REGION
event name:     C201704181749A
time shift:      1.5225
half duration:   2.3000
latitude:       -2.7803
longitude:     -75.3697
depth:          18.8890
Mrr:       7.803691e+24
Mtt:       1.003599e+23
Mpp:      -7.904051e+24
Mrt:      -1.371973e+24
Mrp:      -8.105448e+23
Mtp:      -2.590785e+24
