 PDE 2011 11 29  0 30 29.10  -1.6000  -15.4500  10.0 5.9 6.0 NORTH OF ASCENSION ISLAND
event name:     C201111290030A
time shift:      5.3250
half duration:   2.2000
latitude:       -1.2791
longitude:     -15.6099
depth:           8.2332
Mrr:       8.616983e+23
Mtt:       3.296425e+24
Mpp:      -4.158123e+24
Mrt:       2.371032e+24
Mrp:       3.158806e+24
Mtp:      -9.560948e+24
