 PDE 2014 04 14 06 29 47.80  -11.2400  161.8800  20.0 0.0 5.8 SOLOMON ISLANDS
event name:   C201404140629A
time shift:           2.2760
half duration:        2.0000
latitude:           -11.2652
longitude:          161.6943
depth:                8.8665
Mrr:            3.494757E+24
Mtt:            5.655509E+23
Mpp:           -4.060307E+24
Mrt:            1.616070E+24
Mrp:           -4.930246E+24
Mtp:            6.981018E+24
