 PDE 2010 02 06 04 44 58.40   46.8400  152.7300  30.0 5.9 6.0 KURIL ISLANDS
event name:   C201002060444A
time shift:           5.7226
half duration:        2.4000
latitude:            46.6698
longitude:          152.9451
depth:               48.4183
Mrr:            8.481968E+24
Mtt:           -9.575914E+24
Mpp:            1.093948E+24
Mrt:            8.908645E+24
Mrp:           -3.094943E+24
Mtp:           -4.390917E+24
