 PDE 2014 03 15 08 59 21.90  -14.0900  -76.3100  20.0 0.0 6.1 NEAR COAST OF PERU
event name:   C201403150859A
time shift:           3.7640
half duration:        2.9000
latitude:           -14.1023
longitude:          -76.5612
depth:               23.7801
Mrr:            1.120076E+25
Mtt:           -6.569147E+23
Mpp:           -1.054386E+25
Mrt:            2.895621E+24
Mrp:           -1.451777E+25
Mtp:            3.928146E+24
