 PDE 2017  7 17 11  5  9.10  54.5800  168.6500   9.0 6.3 6.3 KOMANDORSKIYE OSTROVA REGION
event name:     201707171105A
time shift:      4.0117
half duration:   3.6000
latitude:       54.6182
longitude:     168.5827
depth:          14.9528
Mrr:      -1.447002e+24
Mtt:      -3.666651e+25
Mpp:       3.811351e+25
Mrt:      -1.431060e+25
Mrp:      -1.315275e+25
Mtp:      -6.255644e+24
