 PDE 2018  5  5  6 19  5.00  14.5700  123.9200  18.0 6.2 6.1 LUZON, PHILIPPINES
event name:     C201805050619A
time shift:      2.8593
half duration:   3.1000
latitude:       14.5460
longitude:     124.0321
depth:          24.8858
Mrr:       1.629319e+25
Mtt:      -2.550558e+24
Mpp:      -1.374263e+25
Mrt:      -5.648132e+24
Mrp:       1.975871e+25
Mtp:       5.771133e+24
