 PDE 2015  3 10 20 55 44.40   6.7800  -72.9900 155.0 6.2 6.2 NORTHERN COLOMBIA
event name:     C201503102055A
time shift:      4.0510
half duration:   3.3000
latitude:        6.8341
longitude:     -73.1063
depth:         153.3948
Mrr:      -1.217051e+25
Mtt:      -8.569819e+24
Mpp:       2.074034e+25
Mrt:      -1.394458e+25
Mrp:      -2.185748e+25
Mtp:      -2.080463e+24
