 PDE 2014 07 27 01 28 37.40   23.7200  -45.5800  10.0 0.0 6.0 NORTHERN MID-ATLANTIC RIDGE
event name:   C201407270128A
time shift:           4.1540
half duration:        2.6000
latitude:            23.8596
longitude:          -45.5926
depth:               12.0628
Mrr:           -5.627137E+23
Mtt:           -6.657728E+24
Mpp:            7.220443E+24
Mrt:            3.824073E+24
Mrp:            8.591899E+23
Mtp:           -1.709448E+25
