 PDE 2012  2 26  6 17 19.80  51.7100   95.9900  12.0 6.7 6.7 SOUTHWESTERN SIBERIA, RUSSIA
event name:     C201202260617A
time shift:      4.9450
half duration:   5.2000
latitude:       51.6891
longitude:      96.0020
depth:          18.5043
Mrr:       5.987386e+25
Mtt:      -5.205099e+25
Mpp:      -7.822861e+24
Mrt:       8.535563e+24
Mrp:      -2.071127e+25
Mtp:       7.559072e+25
