 PDE 2010 06 02 01 49 03.90  -57.3700  -26.4500 127.4 5.9 5.9 SOUTH SANDWICH ISLANDS REGION
event name:   C201006020149A
time shift:           4.1846
half duration:        2.1000
latitude:           -57.6346
longitude:          -26.0863
depth:              132.9640
Mrr:            6.505158E+24
Mtt:            2.873254E+23
Mpp:           -6.792484E+24
Mrt:           -1.396239E+24
Mrp:            5.923319E+24
Mtp:           -9.202103E+23
