 PDE 2010  5 26  8 53  8.00  25.7700  129.9400  10.0 6.4 6.5 SOUTHEAST OF RYUKYU ISLANDS
event name:     C201005260853A
time shift:      5.3766
half duration:   4.0000
latitude:       25.7991
longitude:     130.0128
depth:           8.8584
Mrr:      -3.684939e+25
Mtt:       1.013783e+25
Mpp:       2.671157e+25
Mrt:      -2.671133e+24
Mrp:       4.201060e+24
Mtp:       5.568465e+25
