 PDE 2010  3 11 14 39 44.00 -34.2900  -71.8900  11.0 6.8 7.0 NEAR COAST OF CENTRAL CHILE
event name:     201003111439A
time shift:      6.8332
half duration:   6.5000
latitude:      -34.5355
longitude:     -72.1430
depth:          12.7032
Mrr:      -2.556333e+26
Mtt:       9.379265e+25
Mpp:       1.618406e+26
Mrt:      -5.348069e+25
Mrp:       6.947054e+25
Mtp:      -1.054274e+26
