 PDE 2013 10 11 21 25  0.00 -30.6600 -178.4800 151.0 6.2 6.2 KERMADEC ISLANDS, NEW ZEALAND
event name:     C201310112124A
time shift:      4.6386
half duration:   3.1000
latitude:      -30.5725
longitude:    -178.4221
depth:         153.6135
Mrr:       2.075174e+25
Mtt:       6.709356e+23
Mpp:      -2.142268e+25
Mrt:      -3.411063e+24
Mrp:       1.460010e+25
Mtp:      -9.108151e+22
