 PDE 2012  1 30  5 11  0.90 -14.1700  -75.6300  43.0 6.4 6.4 NEAR COAST OF PERU
event name:     C201201300511A
time shift:      2.2075
half duration:   3.8000
latitude:      -14.2487
longitude:     -76.0260
depth:          42.3957
Mrr:       3.678256e+25
Mtt:      -8.459309e+23
Mpp:      -3.593663e+25
Mrt:      -5.738599e+23
Mrp:      -2.743521e+25
Mtp:       1.679778e+25
