 PDE 2015  2 16 22  0 53.60 -55.5200  -28.2600  13.0 6.3 6.2 SOUTH SANDWICH ISLANDS REGION
event name:     C201502162200A
time shift:      6.2726
half duration:   3.3000
latitude:      -55.4926
longitude:     -28.1305
depth:          15.2416
Mrr:       1.215019e+25
Mtt:      -7.502113e+24
Mpp:      -4.648073e+24
Mrt:      -1.065293e+25
Mrp:       3.962741e+25
Mtp:       1.316782e+25
