 PDE 2011 08 30 06 57 41.60   -6.3600  126.7600 469.6 6.0 6.9 BANDA SEA
event name:   C201108300657A
time shift:           7.0404
half duration:        6.7000
latitude:            -6.4690
longitude:          126.6786
depth:              467.3418
Mrr:           -1.121836E+26
Mtt:            3.687423E+25
Mpp:            7.530937E+25
Mrt:            8.405594E+25
Mrp:            2.770555E+26
Mtp:           -5.644082E+24
