 PDE 2014 06 29 15 52 23.00  -14.7800 -175.2600   9.0 0.0 6.4 SAMOA ISLANDS REGION
event name:   C201406291552A
time shift:           6.7354
half duration:        4.0000
latitude:           -14.7540
longitude:         -175.4395
depth:               10.1673
Mrr:           -6.836556E+24
Mtt:            4.232517E+25
Mpp:           -3.548862E+25
Mrt:            3.704639E+24
Mrp:            1.232921E+24
Mtp:            5.717885E+25
