 PDE 2010 06 26 09 50 45.80   -8.0200  108.0900  90.7 5.9 5.9 JAVA, INDONESIA
event name:   C201006260950A
time shift:           0.3950
half duration:        2.1000
latitude:            -8.3430
longitude:          108.0124
depth:               85.9605
Mrr:            1.389489E+24
Mtt:            5.732690E+23
Mpp:           -1.962757E+24
Mrt:            9.142898E+24
Mrp:           -2.066627E+24
Mtp:           -1.598252E+24
