 PDE 2014 10 15 13 35 52.80  32.5300   47.8100  10.0 5.8 5.7 IRAN-IRAQ BORDER REGION
event name:     C201410151335A
time shift:      5.3469
half duration:   1.9000
latitude:       32.4330
longitude:      47.8749
depth:           7.3541
Mrr:       4.924338e+24
Mtt:      -5.042176e+24
Mpp:       1.178374e+23
Mrt:      -2.088439e+24
Mrp:       2.390718e+23
Mtp:       1.324388e+23
