 PDE 2013  8 30  2 11  2.50  -4.4200  151.5700 202.5 5.8 5.8 NEW BRITAIN REGION, P.N.G.
event name:     C201308300211A
time shift:      1.0843
half duration:   2.0000
latitude:       -4.5043
longitude:     151.7207
depth:         207.3815
Mrr:       2.584043e+24
Mtt:      -2.937554e+23
Mpp:      -2.290287e+24
Mrt:       1.450837e+24
Mrp:      -6.227769e+24
Mtp:       2.219971e+24
