 PDE 2011 02 07 19 53 44.20   -7.1600  155.1800 428.8 5.9 6.4 SOLOMON ISLANDS
event name:   C201102071953A
time shift:           4.8445
half duration:        4.1000
latitude:            -7.0413
longitude:          155.3357
depth:              422.9433
Mrr:            1.094996E+25
Mtt:            3.265214E+25
Mpp:           -4.360211E+25
Mrt:            2.419021E+25
Mrp:           -5.119537E+25
Mtp:            8.481301E+24
