 PDE 2014 08 23 22 32 23.30  -32.6900  -71.4400  32.0 0.0 6.4 NEAR COAST OF CENTRAL CHILE
event name:   C201408232232A
time shift:           5.2034
half duration:        4.0000
latitude:           -32.7581
longitude:          -71.7600
depth:               44.4223
Mrr:            4.921071E+25
Mtt:            1.427812E+24
Mpp:           -5.063853E+25
Mrt:           -1.962771E+24
Mrp:           -4.077666E+25
Mtp:           -3.834492E+24
