 PDE 2012 02 10 01 47 34.20  -17.9700 -178.5500 582.3 6.0 6.0 FIJI ISLANDS REGION
event name:   C201202100147A
time shift:           1.8025
half duration:        2.3000
latitude:           -17.9844
longitude:         -178.4150
depth:              596.9541
Mrr:           -4.187885E+23
Mtt:            5.955437E+24
Mpp:           -5.536649E+24
Mrt:            3.356384E+24
Mrp:           -6.502362E+24
Mtp:           -4.145408E+24
