 PDE 2015  1 23  3 47 27.10 -17.0300  168.5200 220.0 6.8 6.8 VANUATU ISLANDS
event name:     201501230347A
time shift:      5.2797
half duration:   6.0000
latitude:      -17.0633
longitude:     168.3388
depth:         226.0230
Mrr:       1.049825e+26
Mtt:      -1.759902e+26
Mpp:       7.100775e+25
Mrt:       1.195295e+25
Mrp:      -7.537938e+25
Mtp:      -8.769186e+25
