 PDE 2016  2 23 18  8 46.60 -63.0400  145.0000  10.0 5.8 5.8 SOUTH OF AUSTRALIA
event name:     C201602231808A
time shift:      2.3229
half duration:   2.0000
latitude:      -62.8609
longitude:     145.0103
depth:           9.5512
Mrr:      -2.279784e+23
Mtt:       3.025763e+24
Mpp:      -2.797784e+24
Mrt:       7.001239e+23
Mrp:      -2.052912e+24
Mtp:       7.487850e+24
