 PDE 2019  7 11 17  8 38.00  -4.6400  155.2200 495.2 6.0 6.0 SOLOMON ISLANDS
event name:     C201907111708A
time shift:      1.9674
half duration:   2.4000
latitude:       -4.6534
longitude:     155.2041
depth:         495.3197
Mrr:      -1.142241e+25
Mtt:       1.176693e+25
Mpp:      -3.445213e+23
Mrt:       3.666883e+24
Mrp:      -2.218120e+24
Mtp:       2.576812e+24
