 PDE 2017 11 17 22 34 19.40  29.8300   94.9800   8.0 6.5 6.4 EASTERN XIZANG-INDIA BORDER REG.
event name:     201711172234A
time shift:      4.0896
half duration:   4.2000
latitude:       29.6962
longitude:      95.0980
depth:           8.7304
Mrr:       4.215109e+25
Mtt:      -2.676806e+25
Mpp:      -1.538303e+25
Mrt:      -2.864836e+25
Mrp:       3.646187e+25
Mtp:       2.423252e+25
