 PDE 2019  8  6 22 14 14.90 -17.9600  168.5800 150.0 5.9 5.9 VANUATU ISLANDS
event name:     C201908062214A
time shift:      2.0277
half duration:   2.2000
latitude:      -18.0196
longitude:     168.5047
depth:         156.9472
Mrr:       8.113066e+24
Mtt:      -4.482699e+24
Mpp:      -3.630367e+24
Mrt:      -1.981753e+24
Mrp:      -3.358969e+24
Mtp:       4.097141e+24
