 PDE 2012  4 23 17 36 21.20 -28.5600 -177.4100 114.0 5.9 6.0 KERMADEC ISLANDS REGION
event name:     C201204231736A
time shift:      1.9796
half duration:   2.3000
latitude:      -28.4930
longitude:    -177.0398
depth:         100.3134
Mrr:      -5.937394e+24
Mtt:      -1.756330e+23
Mpp:       6.113027e+24
Mrt:       9.201058e+23
Mrp:       7.850598e+24
Mtp:      -1.647754e+24
