 PDE 2011  6 22 21 50 52.30  39.9600  142.2100  33.0 6.7 6.7 NEAR EAST COAST OF HONSHU, JAPAN
event name:     201106222150A
time shift:      4.3970
half duration:   5.6000
latitude:       39.9961
longitude:     142.4505
depth:          38.0378
Mrr:       9.779504e+25
Mtt:       4.540188e+24
Mpp:      -1.023352e+26
Mrt:       1.207649e+25
Mrp:       1.089942e+26
Mtp:      -5.914078e+24
