 PDE 2018 11  4  7 55 29.30   7.7700  123.8700 600.7 6.0 6.0 MINDANAO, PHILIPPINES
event name:     C201811040755A
time shift:      1.7920
half duration:   2.4000
latitude:        7.8202
longitude:     123.7625
depth:         600.4656
Mrr:      -1.029534e+25
Mtt:       4.806808e+23
Mpp:       9.814657e+24
Mrt:       3.635984e+24
Mrp:      -6.501283e+24
Mtp:      -2.860411e+24
