 PDE 2013 09 04 00 23 12.90   51.2000 -129.9000   9.9 0.0 6.0 QUEEN CHARLOTTE ISLANDS REGION
event name:   C201309040023A
time shift:           0.9158
half duration:        2.4000
latitude:            51.1466
longitude:         -130.4403
depth:               14.4774
Mrr:           -8.118896E+23
Mtt:            2.167740E+24
Mpp:           -1.355850E+24
Mrt:           -6.801442E+22
Mrp:           -5.610154E+24
Mtp:            1.089178E+25
