 PDE 2013 12 08 17 24 54.20   44.4400  149.1700  28.0 0.0 6.0 KURIL ISLANDS
event name:   C201312081724A
time shift:           3.3510
half duration:        2.8000
latitude:            44.5316
longitude:          149.2121
depth:               24.7220
Mrr:            2.643040E+24
Mtt:           -4.093038E+23
Mpp:           -2.233737E+24
Mrt:            1.792829E+25
Mrp:            5.329572E+24
Mtp:           -7.964163E+24
