 PDE 2012 12 14 16 52 38.20  -15.3100 -178.1900  10.0 5.4 5.8 FIJI ISLANDS REGION
event name:   C201212141652A
time shift:           3.1182
half duration:        2.1000
latitude:           -15.2726
longitude:         -177.9597
depth:               11.8984
Mrr:           -3.116287E+23
Mtt:           -9.072823E+23
Mpp:            1.218911E+24
Mrt:            3.587957E+23
Mrp:           -3.683440E+24
Mtp:            7.532286E+24
