 PDE 2011 04 03 14 07 09.30  -17.6400 -178.5900 551.7 5.6 6.4 FIJI ISLANDS REGION
event name:   C201104031407A
time shift:           2.8975
half duration:        3.9000
latitude:           -17.6441
longitude:         -178.4516
depth:              560.9707
Mrr:            6.130572E+24
Mtt:            1.050556E+24
Mpp:           -7.181126E+24
Mrt:           -1.146757E+25
Mrp:           -5.130949E+25
Mtp:            5.698884E+23
