 PDE 2019  8 22 19 27 11.90 -14.6600 -177.4100  10.0 5.9 5.9 FIJI ISLANDS REGION
event name:     C201908221927A
time shift:      4.9758
half duration:   2.3000
latitude:      -14.6051
longitude:    -177.2047
depth:           7.5825
Mrr:       2.245425e+24
Mtt:      -6.310320e+24
Mpp:       4.064894e+24
Mrt:      -4.539989e+23
Mrp:      -2.236951e+24
Mtp:       7.514082e+24
