 PDE 2015  8 10  4 12 15.80  -9.3400  158.0500  22.0 6.6 6.6 SOLOMON ISLANDS
event name:     201508100412A
time shift:      2.9812
half duration:   4.9000
latitude:       -9.3478
longitude:     158.0505
depth:          10.7089
Mrr:       1.769992e+25
Mtt:       1.467617e+25
Mpp:      -3.237610e+25
Mrt:       2.059315e+25
Mrp:      -1.104873e+25
Mtp:       1.073153e+26
