 PDE 2019  4  1 18 39  5.90 -18.2100   65.3700  10.0 6.0 6.0 MAURITIUS - REUNION REGION
event name:     C201904011839A
time shift:      3.6724
half duration:   2.4000
latitude:      -17.7722
longitude:      65.2300
depth:          11.0155
Mrr:      -9.896304e+23
Mtt:      -1.041789e+25
Mpp:       1.140752e+25
Mrt:      -2.590303e+24
Mrp:       7.681739e+23
Mtp:       6.132984e+24
