 PDE 2011 10 31  7 16 21.60  52.3700  177.9300 159.0 5.9 5.9 RAT ISLANDS, ALEUTIAN ISLANDS
event name:     C201110310716A
time shift:      1.3981
half duration:   2.2000
latitude:       52.3221
longitude:     177.9076
depth:         152.5512
Mrr:      -2.585921e+24
Mtt:      -3.345236e+24
Mpp:       5.931156e+24
Mrt:       3.607132e+24
Mrp:      -3.440953e+24
Mtp:       6.962719e+23
