 PDE 2019  9 27 15 11 29.90 -35.9200 -102.7800  10.0 5.9 5.9 SOUTHEAST OF EASTER ISLAND
event name:     C201909271511A
time shift:      3.0741
half duration:   2.2000
latitude:      -35.9690
longitude:    -103.0016
depth:          11.2403
Mrr:      -7.217605e+23
Mtt:      -1.593770e+24
Mpp:       2.315530e+24
Mrt:       8.045266e+23
Mrp:      -2.938596e+24
Mtp:      -8.520253e+24
