 PDE 2014  8 24 23 21 45.50 -14.6000  -73.5700 101.0 6.8 6.8 CENTRAL PERU
event name:     201408242321A
time shift:      2.4981
half duration:   6.4000
latitude:      -14.6072
longitude:     -73.7607
depth:          82.8217
Mrr:      -2.103643e+26
Mtt:      -1.345899e+25
Mpp:       2.238234e+26
Mrt:       4.247112e+25
Mrp:      -9.853023e+24
Mtp:       1.241911e+25
