 PDE 2012  9 25 23 45 24.90  24.6700 -110.1700  10.0 6.3 6.3 BAJA CALIFORNIA, MEXICO
event name:     C201209252345A
time shift:      0.4768
half duration:   3.3000
latitude:       24.9078
longitude:    -110.2881
depth:           9.5717
Mrr:      -2.197195e+25
Mtt:      -5.930257e+24
Mpp:       2.790220e+25
Mrt:       9.571739e+24
Mrp:      -3.480937e+24
Mtp:      -7.764797e+24
