 PDE 2014 12 06 17 21 49.00    7.9800  -82.7300  15.0 0.0 6.0 SOUTH OF PANAMA
event name:   C201412061721A
time shift:           5.0190
half duration:        2.4000
latitude:             8.0000
longitude:          -82.6936
depth:               17.8161
Mrr:            9.816398E+24
Mtt:           -6.038188E+24
Mpp:           -3.778208E+24
Mrt:            4.466849E+24
Mrp:           -5.047895E+24
Mtp:            5.099618E+24
