 PDE 2014  4 24 19 51 58.60 -24.0100 -176.6700  63.1 5.9 5.9 SOUTH OF FIJI ISLANDS
event name:     C201404241951A
time shift:      2.8692
half duration:   2.3000
latitude:      -23.9691
longitude:    -176.1409
depth:          72.4256
Mrr:      -4.752458e+24
Mtt:       5.085028e+24
Mpp:      -3.325705e+23
Mrt:       1.967594e+24
Mrp:      -5.263787e+24
Mtp:      -3.978196e+24
