 PDE 2015  7 26  7  5 10.10  -9.2600  112.6700  52.0 5.9 5.9 SOUTH OF JAVA, INDONESIA
event name:     C201507260705A
time shift:     -0.5427
half duration:   2.2000
latitude:       -9.4525
longitude:     112.8215
depth:          41.9567
Mrr:       6.158009e+24
Mtt:       2.134177e+24
Mpp:      -8.292185e+24
Mrt:       3.011032e+24
Mrp:       5.947865e+23
Mtp:       2.767552e+24
