 PDE 2011  2 13 10 35  6.70 -36.6500  -73.1800  17.0 5.9 6.0 NEAR COAST OF CENTRAL CHILE
event name:     C201102131035A
time shift:      3.2353
half duration:   2.3000
latitude:      -36.8330
longitude:     -73.7511
depth:          14.9712
Mrr:       6.013385e+24
Mtt:       1.045194e+23
Mpp:      -6.117904e+24
Mrt:      -2.674445e+23
Mrp:      -8.457514e+24
Mtp:      -7.512737e+23
