 PDE 2013 08 21 12 38 29.50   16.8400  -99.5300  21.0 0.0 6.2 NEAR COAST OF GUERRERO, MEXICO
event name:   C201308211238A
time shift:           6.7012
half duration:        3.0000
latitude:            17.0003
longitude:          -99.5402
depth:               23.1083
Mrr:            1.463281E+25
Mtt:           -1.289734E+25
Mpp:           -1.735465E+24
Mrt:            1.446717E+25
Mrp:           -1.002943E+25
Mtp:            4.945606E+24
