 PDE 2011 11  8  2 59  8.50  27.3200  125.6200 224.9 6.9 6.9 NORTHEAST OF TAIWAN
event name:     201111080259A
time shift:      3.2055
half duration:   7.0000
latitude:       27.1251
longitude:     125.7351
depth:         226.8872
Mrr:      -2.598525e+26
Mtt:       5.515888e+24
Mpp:       2.543366e+26
Mrt:      -7.905261e+25
Mrp:      -1.053735e+26
Mtp:      -5.623117e+25
