 PDE 2015 11 13 20 51 31.00  31.0000  128.8700  12.0 6.8 6.7 NORTHWEST OF RYUKYU ISLANDS
event name:     C201511132051B
time shift:     11.0222
half duration:   5.8000
latitude:       31.1289
longitude:     128.6676
depth:          11.6207
Mrr:      -3.004788e+25
Mtt:       7.187824e+25
Mpp:      -4.183038e+25
Mrt:       6.109706e+24
Mrp:       3.625125e+25
Mtp:       1.420844e+26
