 PDE 2013  1  8 14 16  9.00  39.6600   25.5400  12.9 5.8 5.8 AEGEAN SEA
event name:     C201301081416A
time shift:      2.0018
half duration:   2.0000
latitude:       39.6183
longitude:      25.6103
depth:          11.5825
Mrr:      -1.341185e+24
Mtt:       5.231456e+24
Mpp:      -3.890271e+24
Mrt:      -8.012825e+23
Mrp:      -1.406543e+23
Mtp:      -2.687360e+24
