 PDE 2016  2 27 21 29 43.60 -51.7900  139.6000  10.0 6.1 6.1 WESTERN INDIAN-ANTARCTIC RIDGE
event name:     C201602272129A
time shift:      2.6563
half duration:   2.7000
latitude:      -51.7453
longitude:     139.6196
depth:           8.4547
Mrr:      -4.994955e+23
Mtt:       5.163975e+23
Mpp:      -1.690207e+22
Mrt:      -1.092093e+24
Mrp:      -4.038579e+23
Mtp:      -1.759520e+25
