 PDE 2010  3  8 17  3 16.80 -25.7100  -66.6200  10.0 5.8 5.8 SALTA PROVINCE, ARGENTINA
event name:     C201003081703A
time shift:      3.4208
half duration:   1.9000
latitude:      -25.9431
longitude:     -66.8406
depth:          12.4639
Mrr:      -1.577082e+24
Mtt:       5.240870e+24
Mpp:      -3.663789e+24
Mrt:       2.199741e+24
Mrp:      -2.418354e+23
Mtp:      -2.157781e+24
