 PDE 2016  2 10  0 33  5.30 -30.5700  -71.5800  29.0 6.4 6.3 NEAR COAST OF CENTRAL CHILE
event name:     C201602100033A
time shift:      5.2512
half duration:   3.7000
latitude:      -30.6225
longitude:     -71.8962
depth:          37.6044
Mrr:       3.531053e+25
Mtt:      -6.943801e+22
Mpp:      -3.524110e+25
Mrt:       4.115858e+24
Mrp:      -2.231762e+25
Mtp:      -1.818940e+24
