 PDE 2013  1 28 16 38 53.60  42.6000   79.7100  15.0 6.2 6.2 LAKE ISSYK-KUL REGION
event name:     C201301281638A
time shift:      4.0143
half duration:   3.0000
latitude:       42.5703
longitude:      79.7634
depth:          22.6582
Mrr:       1.221344e+24
Mtt:      -1.568338e+25
Mpp:       1.446203e+25
Mrt:      -2.220838e+24
Mrp:      -1.611545e+24
Mtp:       7.320233e+24
