 PDE 2016  4 27 12 51 19.40  14.5200  -93.0900  16.0 6.0 6.0 NEAR COAST OF CHIAPAS, MEXICO
event name:     C201604271251A
time shift:      3.8417
half duration:   2.4000
latitude:       14.5513
longitude:     -93.3767
depth:          21.6904
Mrr:       9.313977e+24
Mtt:      -7.214441e+24
Mpp:      -2.099535e+24
Mrt:       6.063470e+24
Mrp:      -4.381491e+24
Mtp:       3.560913e+24
