 PDE 2015 11  4  3 44 15.20  -8.3400  124.8800  20.0 6.5 6.5 TIMOR REGION
event name:     201511040344A
time shift:      4.5720
half duration:   4.6000
latitude:       -8.2093
longitude:     124.9474
depth:           7.8619
Mrr:      -2.845063e+25
Mtt:      -1.860044e+25
Mpp:       4.705107e+25
Mrt:      -3.741236e+25
Mrp:      -3.899428e+25
Mtp:      -5.417500e+25
