 PDE 2014 06 14 11 10 59.80  -10.1200   91.0900   4.0 0.0 6.5 SOUTH INDIAN OCEAN
event name:   C201406141111A
time shift:           7.4621
half duration:        4.2000
latitude:           -10.0262
longitude:           91.0539
depth:               13.3459
Mrr:            5.299939E+25
Mtt:           -4.258601E+25
Mpp:           -1.041336E+25
Mrt:           -3.965685E+25
Mrp:            5.448918E+24
Mtp:           -7.461347E+25
