 PDE 2016 11  4 16 20 44.40 -35.1000  -71.0500  90.0 6.3 6.3 CENTRAL CHILE
event name:     C201611041620A
time shift:      5.6677
half duration:   3.5000
latitude:      -35.0522
longitude:     -70.9855
depth:          94.6343
Mrr:      -2.157556e+25
Mtt:      -4.245143e+24
Mpp:       2.582070e+25
Mrt:      -1.664096e+25
Mrp:      -2.030459e+25
Mtp:       8.163104e+24
