 PDE 2012 01 24 00 52 05.20  -24.9800  178.5200 580.3 5.8 6.4 SOUTH OF FIJI ISLANDS
event name:   C201201240052A
time shift:           1.5861
half duration:        3.6000
latitude:           -24.9937
longitude:          178.7153
depth:              578.8393
Mrr:            1.589833E+24
Mtt:           -3.713900E+24
Mpp:            2.124068E+24
Mrt:           -1.411022E+25
Mrp:           -3.891575E+25
Mtp:           -1.969627E+25
