 PDE 2014 02 03 22 36 37.10   -7.1900  128.1700   7.1 0.0 5.8 BANDA SEA
event name:   C201402032236A
time shift:           6.4627
half duration:        2.1000
latitude:            -7.1341
longitude:          128.1872
depth:               10.2510
Mrr:            8.196253E+24
Mtt:           -9.210801E+24
Mpp:            1.014547E+24
Mrt:           -3.778626E+24
Mrp:           -1.344024E+24
Mtp:           -1.327396E+24
