 PDE 2014 03 15 23 51 33.00   -5.5700  -80.9700  29.0 0.0 6.3 NEAR COAST OF NORTHERN PERU
event name:   C201403152351A
time shift:           2.1258
half duration:        3.4000
latitude:            -5.6585
longitude:          -81.0985
depth:               31.8236
Mrr:            3.489333E+25
Mtt:           -6.005010E+24
Mpp:           -2.888833E+25
Mrt:           -8.581066E+24
Mrp:            1.356536E+25
Mtp:           -5.540687E+24
