 PDE 2012  3 26 18 12 52.80  10.0700 -104.1600  10.0 6.0 6.0 NORTHERN EAST PACIFIC RISE
event name:     C201203261812A
time shift:      0.9540
half duration:   2.5000
latitude:       10.2921
longitude:    -104.1904
depth:           5.8916
Mrr:      -8.557759e+23
Mtt:      -4.078147e+24
Mpp:       4.933924e+24
Mrt:      -4.828103e+23
Mrp:       1.459286e+23
Mtp:       1.016365e+25
