 PDE 2018  1 16 19 57 18.10 -19.4500 -179.3000 666.8 5.9 5.9 FIJI ISLANDS REGION
event name:     C201801161957A
time shift:      0.7804
half duration:   2.2000
latitude:      -19.4670
longitude:    -179.2325
depth:         668.5543
Mrr:      -8.565233e+24
Mtt:       5.333888e+24
Mpp:       3.231346e+24
Mrt:       1.862792e+24
Mrp:      -3.322533e+24
Mtp:      -5.307557e+24
