 PDE 2013 10 16 10 30 58.50   -6.4500  154.9300  35.0 0.0 6.8 SOLOMON ISLANDS
event name:   C201310161031A
time shift:           6.3612
half duration:        6.0000
latitude:            -6.6840
longitude:          154.9341
depth:               43.8500
Mrr:            2.188777E+26
Mtt:           -1.260929E+26
Mpp:           -9.278489E+25
Mrt:            3.187979E+24
Mrp:           -1.892058E+25
Mtp:            1.062030E+26
