 PDE 2019  9 26 16 36 18.20 -40.8100  -72.0000 129.0 6.1 6.1 CENTRAL CHILE
event name:     C201909261636A
time shift:      4.6249
half duration:   2.6000
latitude:      -40.9111
longitude:     -72.0673
depth:         134.3907
Mrr:       7.553290e+24
Mtt:      -5.403948e+24
Mpp:      -2.149342e+24
Mrt:       3.122030e+24
Mrp:       5.884361e+24
Mtp:       1.073480e+25
