 PDE 2014 10 19 19 38 38.30   -3.3300  150.8400  10.0 0.0 5.8 NEW IRELAND REGION, P.N.G.
event name:   C201410191938A
time shift:           3.8754
half duration:        2.1000
latitude:            -3.3120
longitude:          150.8906
depth:               10.4830
Mrr:           -4.358135E+23
Mtt:            4.776944E+24
Mpp:           -4.341130E+24
Mrt:           -2.330953E+23
Mrp:           -9.863998E+23
Mtp:            7.293524E+24
