 PDE 2014 08 28 19 14 35.60   32.0900  132.0900  20.0 0.0 5.8 SHIKOKU, JAPAN
event name:   C201408281914A
time shift:           2.7535
half duration:        2.1000
latitude:            32.0758
longitude:          132.1018
depth:               26.6661
Mrr:            5.362307E+24
Mtt:           -2.119195E+24
Mpp:           -3.243111E+24
Mrt:            3.432261E+24
Mrp:            6.057732E+24
Mtp:           -3.378587E+24
