 PDE 2015  2 16 23  6 28.30  39.8600  142.8800  23.0 6.7 6.7 NEAR EAST COAST OF HONSHU, JAPAN
event name:     201502162306B
time shift:     10.7338
half duration:   5.7000
latitude:       39.7769
longitude:     143.1940
depth:          21.9827
Mrr:       8.624769e+25
Mtt:      -1.145189e+24
Mpp:      -8.510250e+25
Mrt:       6.227900e+25
Mrp:       1.189928e+26
Mtp:      -2.186506e+25
