 PDE 2013 08 04 15 56 35.00   46.9900  145.2200 375.4 5.4 5.8 SEA OF OKHOTSK
event name:   C201308041556A
time shift:           1.1927
half duration:        2.0000
latitude:            46.9669
longitude:          145.2095
depth:              374.5428
Mrr:            1.537373E+24
Mtt:            3.420604E+24
Mpp:           -4.957981E+24
Mrt:           -5.249926E+24
Mrp:           -3.862393E+24
Mtp:           -1.992796E+24
