 PDE 2018  8  5 11 46 38.60  -8.2600  116.4400  34.0 6.9 6.9 SUMBAWA REGION, INDONESIA
event name:     C201808051146A
time shift:      6.2872
half duration:   7.2000
latitude:       -8.3701
longitude:     116.2599
depth:          10.5145
Mrr:       1.817051e+26
Mtt:      -1.952457e+26
Mpp:       1.354054e+25
Mrt:      -2.241420e+26
Mrp:      -3.606780e+25
Mtp:       3.175853e+23
