 PDE 2010 12 23 14  0 32.30  53.1300  171.1600  18.0 6.4 6.3 NEAR ISLANDS, ALEUTIAN ISLANDS
event name:     C201012231400A
time shift:      4.6153
half duration:   3.7000
latitude:       52.9118
longitude:     171.3618
depth:          19.6354
Mrr:       1.979786e+25
Mtt:      -2.466023e+25
Mpp:       4.862380e+24
Mrt:       3.169487e+25
Mrp:       1.766195e+25
Mtp:      -4.522053e+23
