 PDE 2016 10 26 19 18  8.40  42.9600   13.0700  10.0 6.1 6.1 CENTRAL ITALY
event name:     C201610261918A
time shift:      2.5977
half duration:   2.7000
latitude:       42.8784
longitude:      13.0905
depth:           6.5629
Mrr:      -1.311770e+25
Mtt:       1.629959e+24
Mpp:       1.148774e+25
Mrt:       2.320053e+24
Mrp:      -6.477702e+24
Mtp:      -5.515779e+24
