 PDE 2018  3 29 21 25 36.80  -5.5300  151.5000  35.0 6.9 6.9 NEW BRITAIN REGION, P.N.G.
event name:     201803292125A
time shift:      6.6150
half duration:   6.9000
latitude:       -5.6576
longitude:     151.5485
depth:          40.3234
Mrr:       2.644227e+26
Mtt:      -2.401226e+26
Mpp:      -2.430001e+25
Mrt:       6.717560e+25
Mrp:       1.426519e+25
Mtp:      -1.046793e+26
