 PDE 2018 12 31  2 35 37.70  54.4300 -161.5100  31.0 6.1 6.0 ALASKA PENINSULA
event name:     C201812310235A
time shift:      3.1054
half duration:   2.6000
latitude:       54.3139
longitude:    -161.4349
depth:          34.4256
Mrr:       1.057579e+25
Mtt:      -7.743796e+24
Mpp:      -2.831993e+24
Mrt:       8.250544e+24
Mrp:       5.720480e+24
Mtp:      -4.946160e+24
