 PDE 2010 08 15 15 09 29.20   -5.6900  148.3400 174.7 5.8 6.3 NEW BRITAIN REGION, P.N.G.
event name:   C201008151509A
time shift:           3.3647
half duration:        3.4000
latitude:            -5.8608
longitude:          148.4200
depth:              172.3318
Mrr:            1.857358E+25
Mtt:           -2.613035E+25
Mpp:            7.556765E+24
Mrt:            2.393269E+25
Mrp:           -5.287897E+24
Mtp:           -1.410820E+24
