 PDE 2018  8  9  5 25 32.40  -8.3100  116.2300  15.0 5.9 5.9 SUMBAWA REGION, INDONESIA
event name:     C201808090525A
time shift:      2.1605
half duration:   2.2000
latitude:       -8.3921
longitude:     116.1995
depth:          19.6948
Mrr:       6.622024e+24
Mtt:      -7.038131e+24
Mpp:       4.161065e+23
Mrt:      -6.133878e+24
Mrp:      -8.993625e+23
Mtp:      -1.112984e+24
