 PDE 2014 03 11 02 44 05.80  -60.8600  -19.9800  10.0 0.0 6.4 EAST OF SOUTH SANDWICH ISLANDS
event name:   C201403110244A
time shift:           5.1642
half duration:        3.9000
latitude:           -61.0120
longitude:          -19.9134
depth:               13.2433
Mrr:           -3.475261E+24
Mtt:           -7.904317E+24
Mpp:            1.137955E+25
Mrt:            5.143595E+24
Mrp:            4.321291E+24
Mtp:            6.452316E+25
