 PDE 2010 02 28 11 25 35.90  -34.9000  -71.6200  46.0 6.2 6.2 NEAR COAST OF CENTRAL CHILE
event name:   C201002281125A
time shift:           2.9014
half duration:        3.0000
latitude:           -35.1211
longitude:          -72.0163
depth:               49.8563
Mrr:            2.020201E+25
Mtt:            5.681670E+23
Mpp:           -2.077019E+25
Mrt:            4.079216E+24
Mrp:           -1.961700E+25
Mtp:           -1.036542E+24
