 PDE 2013 08 31 06 38 36.50   51.3600 -174.9300  17.2 0.0 6.0 ANDREANOF ISLANDS, ALEUTIAN IS.
event name:   C201308310638A
time shift:           4.6535
half duration:        2.5000
latitude:            51.2882
longitude:         -174.8573
depth:               19.5716
Mrr:            1.164357E+25
Mtt:           -9.611123E+24
Mpp:           -2.032464E+24
Mrt:            1.095792E+25
Mrp:            4.504260E+24
Mtp:           -4.484371E+24
