 PDE 2016  5 18 16 46 43.90   0.5000  -79.6200  30.0 6.9 6.9 NEAR COAST OF ECUADOR
event name:     201605181646A
time shift:      2.5547
half duration:   6.6000
latitude:        0.3038
longitude:     -80.0634
depth:          32.7626
Mrr:       1.320751e+26
Mtt:       8.577734e+24
Mpp:      -1.406528e+26
Mrt:       3.300165e+25
Mrp:      -1.896906e+26
Mtp:      -3.176395e+25
