 PDE 2016 10 28 20  2 49.80  39.3900   13.5200 457.9 5.8 5.8 TYRRHENIAN SEA
event name:     C201610282002A
time shift:      0.4241
half duration:   2.0000
latitude:       39.3473
longitude:      13.6123
depth:         460.7183
Mrr:       1.775278e+24
Mtt:      -3.836319e+24
Mpp:       2.061042e+24
Mrt:      -1.143502e+24
Mrp:      -4.564799e+24
Mtp:      -2.832178e+24
