 PDE 2014 07 19 14 14 01.90   11.7400   57.6400  10.0 0.0 6.0 OWEN FRACTURE ZONE REGION
event name:   C201407191414A
time shift:           3.0132
half duration:        2.5000
latitude:            11.7971
longitude:           57.6689
depth:                9.6116
Mrr:           -1.077403E+24
Mtt:           -1.303667E+25
Mpp:            1.411408E+25
Mrt:           -6.563769E+23
Mrp:           -5.907078E+24
Mtp:           -8.905882E+24
