 PDE 2011  9  9 19 41 34.20  49.5300 -126.8900  22.0 6.5 6.5 VANCOUVER ISLAND, CANADA REGION
event name:     C201109091941A
time shift:      1.3026
half duration:   4.1000
latitude:       49.2786
longitude:    -127.1780
depth:          22.8897
Mrr:      -7.476009e+24
Mtt:      -1.325150e+25
Mpp:       2.072750e+25
Mrt:       2.733744e+23
Mrp:      -1.999809e+25
Mtp:       4.266637e+25
