 PDE 2014 04 04 01 37 50.60  -20.6400  -70.6500  13.7 0.0 6.3 NEAR COAST OF NORTHERN CHILE
event name:   C201404040137A
time shift:           6.2761
half duration:        3.2000
latitude:           -20.6139
longitude:          -70.9228
depth:               19.9387
Mrr:            2.254883E+25
Mtt:            4.886796E+23
Mpp:           -2.303754E+25
Mrt:            8.969587E+24
Mrp:           -1.935238E+25
Mtp:            3.967904E+24
