 PDE 2012  3  3 12 19 55.10 -22.1400  170.3400  14.0 6.6 6.6 SOUTHEAST OF LOYALTY ISLANDS
event name:     201203031219A
time shift:      4.1628
half duration:   4.8000
latitude:      -22.3252
longitude:     170.1842
depth:          23.2178
Mrr:       5.335974e+23
Mtt:      -3.699245e+25
Mpp:       3.645885e+25
Mrt:       2.115077e+25
Mrp:      -2.448252e+24
Mtp:       9.095294e+25
