 PDE 2019  3  1  8 50 42.60 -14.7000  -70.1500 267.0 7.0 7.0 CENTRAL PERU
event name:     C201903010850A
time shift:      6.2274
half duration:   7.9000
latitude:      -14.7726
longitude:     -70.1461
depth:         269.8552
Mrr:      -1.285377e+26
Mtt:       2.528514e+26
Mpp:      -1.243137e+26
Mrt:       3.568131e+26
Mrp:      -1.037248e+26
Mtp:      -1.883661e+26
