 PDE 2012  2 26  5 21 24.60 -24.5000 -177.2400  10.0 6.0 6.0 SOUTH OF FIJI ISLANDS
event name:     C201202260521A
time shift:      3.5359
half duration:   2.5000
latitude:      -24.8127
longitude:    -177.0907
depth:          11.4214
Mrr:      -1.317348e+24
Mtt:      -8.781704e+24
Mpp:       1.009905e+25
Mrt:      -1.723588e+24
Mrp:       4.536452e+24
Mtp:       8.616531e+24
