 PDE 2019  7 31 15  2 33.80 -16.2000  168.0000 181.0 6.6 6.6 VANUATU ISLANDS
event name:     C201907311502A
time shift:      3.1036
half duration:   5.0000
latitude:      -16.2734
longitude:     167.8538
depth:         184.3141
Mrr:       2.152266e+25
Mtt:       2.896969e+25
Mpp:      -5.049235e+25
Mrt:      -6.960156e+25
Mrp:      -3.389908e+25
Mtp:       5.822971e+25
