 PDE 2013 11 02 15 52 46.10  -23.6300 -112.5900  10.0 0.0 6.0 EASTER ISLAND REGION
event name:   C201311021552A
time shift:           4.1152
half duration:        2.5000
latitude:           -23.6920
longitude:         -112.6031
depth:               12.5331
Mrr:           -1.353092E+25
Mtt:            1.365561E+25
Mpp:           -1.246935E+23
Mrt:            2.843716E+24
Mrp:           -3.431850E+24
Mtp:           -4.943760E+24
