 PDE 2016  4 19  5 25 39.90 -55.7300  -27.2300  14.0 6.3 6.2 SOUTH SANDWICH ISLANDS REGION
event name:     C201604190525A
time shift:      7.9869
half duration:   3.3000
latitude:      -55.5820
longitude:     -27.0426
depth:          20.4853
Mrr:       2.384787e+25
Mtt:      -1.616058e+25
Mpp:      -7.687294e+24
Mrt:      -1.851031e+25
Mrp:       1.398242e+25
Mtp:       1.187111e+25
