 PDE 2016  2 15 19 28  4.20 -49.0500  164.4800  10.0 6.0 5.9 AUCKLAND ISLANDS, N.Z. REGION
event name:     C201602151928A
time shift:      6.9991
half duration:   2.3000
latitude:      -49.0140
longitude:     164.0543
depth:          14.7776
Mrr:       1.154518e+25
Mtt:       1.653019e+24
Mpp:      -1.319820e+25
Mrt:       3.225703e+24
Mrp:      -3.809455e+24
Mtp:      -1.846447e+24
