 PDE 2014 07 04 15 00 27.90   -6.2300  152.8100  20.0 0.0 6.5 NEW BRITAIN REGION, P.N.G.
event name:   C201407041500A
time shift:           3.9770
half duration:        3.8000
latitude:            -6.3957
longitude:          152.8934
depth:               12.5139
Mrr:           -5.937593E+25
Mtt:            4.927059E+25
Mpp:            1.010531E+25
Mrt:           -2.829905E+25
Mrp:           -1.285536E+24
Mtp:           -1.035763E+24
