 PDE 2015  6 29  9  9 16.10 -16.0200  -74.2600  28.0 5.8 5.8 NEAR COAST OF PERU
event name:     C201506290909A
time shift:      3.1337
half duration:   2.1000
latitude:      -16.0742
longitude:     -74.4931
depth:          35.2346
Mrr:       5.208946e+24
Mtt:      -1.073357e+24
Mpp:      -4.135589e+24
Mrt:       9.756080e+23
Mrp:      -4.471768e+24
Mtp:       2.830554e+24
