 PDE 2012  4 15  5 57 40.10   2.5800   90.2700  25.0 6.3 6.2 OFF W COAST OF NORTHERN SUMATRA
event name:     C201204150557A
time shift:      1.1688
half duration:   3.3000
latitude:        2.4842
longitude:      90.3242
depth:          28.6732
Mrr:      -3.942193e+23
Mtt:      -1.380008e+25
Mpp:       1.419430e+25
Mrt:      -1.322012e+25
Mrp:      -4.133539e+24
Mtp:      -2.191501e+25
