 PDE 2013 11 25 06 27 33.30  -53.9400  -55.0000  11.8 0.0 7.0 FALKLAND ISLANDS REGION
event name:   C201311250627B
time shift:          12.7104
half duration:        7.1000
latitude:           -54.0462
longitude:          -54.5816
depth:               18.2012
Mrr:            1.765773E+25
Mtt:           -2.689109E+26
Mpp:            2.512531E+26
Mrt:           -9.005554E+25
Mrp:            3.155323E+25
Mtp:            2.570490E+26
