 PDE 2018  2  9 11 43 56.80 -17.8700 -178.6600 556.9 6.0 6.0 FIJI ISLANDS REGION
event name:     C201802091143A
time shift:      2.0467
half duration:   2.4000
latitude:      -17.8008
longitude:    -178.5414
depth:         571.5664
Mrr:       3.795492e+24
Mtt:       3.987433e+24
Mpp:      -7.782925e+24
Mrt:       8.429380e+24
Mrp:      -4.404231e+24
Mtp:       3.663762e+24
