 PDE 2013 08 16 02 31 05.80  -41.7300  174.1500   8.2 0.0 6.5 COOK STRAIT, NEW ZEALAND
event name:   C201308160231A
time shift:           8.8571
half duration:        4.5000
latitude:           -41.7581
longitude:          174.0399
depth:               11.7702
Mrr:            1.430582E+25
Mtt:            5.547679E+25
Mpp:           -6.978262E+25
Mrt:           -3.781204E+25
Mrp:            3.313666E+25
Mtp:           -3.474108E+25
