 PDE 2014  9  6 19 22 59.00  18.7500 -107.0500  17.0 6.1 6.2 OFF COAST OF JALISCO, MEXICO
event name:     C201409061923A
time shift:      8.0836
half duration:   2.8000
latitude:       18.9303
longitude:    -107.3786
depth:          24.5900
Mrr:      -5.864763e+23
Mtt:      -1.073883e+25
Mpp:       1.132532e+25
Mrt:       5.561431e+23
Mrp:       6.563707e+23
Mtp:      -1.310562e+25
