 PDE 2010  8 13 21 19 33.10  12.4800  141.4800  10.0 6.9 6.9 SOUTH OF MARIANA ISLANDS
event name:     201008132119A
time shift:      9.1198
half duration:   6.8000
latitude:       12.4514
longitude:     141.4656
depth:           9.8641
Mrr:      -2.944576e+26
Mtt:       2.859198e+26
Mpp:       8.537837e+24
Mrt:       1.199493e+26
Mrp:       5.109454e+25
Mtp:       7.541965e+25
