 PDE 2011 11  2 14 59 27.90 -55.2900 -128.8400  10.0 6.2 6.2 PACIFIC-ANTARCTIC RIDGE
event name:     C201111021459A
time shift:      3.3578
half duration:   3.0000
latitude:      -55.3360
longitude:    -129.0801
depth:          10.6571
Mrr:      -1.632780e+24
Mtt:       1.436004e+25
Mpp:      -1.272726e+25
Mrt:      -3.771103e+24
Mrp:       4.483708e+23
Mtp:       1.754796e+25
