 PDE 2012 11 11 10 54 41.30  22.7200   95.8300   6.0 5.9 5.8 MYANMAR
event name:     C201211111054A
time shift:      0.2500
half duration:   2.1000
latitude:       22.5968
longitude:      96.0465
depth:           8.4015
Mrr:      -3.223100e+22
Mtt:      -1.210600e+23
Mpp:       1.532910e+23
Mrt:       2.042066e+24
Mrp:       2.314297e+24
Mtp:       5.907603e+24
