 PDE 2012 06 02 07 52 54.00  -22.0600  -63.5600 527.0 5.8 6.0 SALTA PROVINCE, ARGENTINA
event name:   C201206020752A
time shift:           2.2989
half duration:        2.4000
latitude:           -22.0812
longitude:          -63.6005
depth:              544.7598
Mrr:           -1.198230E+25
Mtt:           -2.678034E+23
Mpp:            1.225011E+25
Mrt:           -8.710711E+23
Mrp:            4.791384E+24
Mtp:            3.041953E+23
