 PDE 2018 10 22  5 39 39.60  49.2600 -129.4100  10.0 6.5 6.5 VANCOUVER ISLAND, CANADA REGION
event name:     C201810220539A
time shift:      5.2744
half duration:   4.3000
latitude:       48.9534
longitude:    -129.5389
depth:           9.2031
Mrr:      -3.006211e+24
Mtt:      -6.099175e+25
Mpp:       6.399795e+25
Mrt:      -5.669098e+23
Mrp:      -3.230062e+23
Mtp:      -1.811742e+25
