 PDE 2019  3 10  8 12 26.40 -17.8900 -178.6000 578.2 6.3 6.2 FIJI ISLANDS REGION
event name:     C201903100812A
time shift:      1.4643
half duration:   3.3000
latitude:      -17.8059
longitude:    -178.6050
depth:         580.9483
Mrr:      -1.186228e+25
Mtt:       2.029562e+25
Mpp:      -8.433337e+24
Mrt:       1.912151e+25
Mrp:      -8.954014e+24
Mtp:       1.161316e+25
