 PDE 2016  7  6  1  1 57.70 -56.7700 -142.0800  10.0 5.8 5.8 PACIFIC-ANTARCTIC RIDGE
event name:     C201607060101A
time shift:      7.1912
half duration:   2.0000
latitude:      -56.9553
longitude:    -141.5429
depth:          15.3387
Mrr:      -4.236389e+23
Mtt:       5.013115e+24
Mpp:      -4.589475e+24
Mrt:       3.552121e+23
Mrp:      -8.442011e+23
Mtp:       3.964176e+24
