 PDE 2010  3 16  2 21 57.90 -36.2200  -73.2600  18.0 6.6 6.7 NEAR COAST OF CENTRAL CHILE
event name:     201003160221A
time shift:      4.9575
half duration:   5.1000
latitude:      -36.4882
longitude:     -73.7139
depth:          14.9469
Mrr:       5.778553e+25
Mtt:       3.171185e+24
Mpp:      -6.095671e+25
Mrt:       1.310368e+25
Mrp:      -1.171249e+26
Mtp:      -3.091298e+24
