 PDE 2011 10 14  6 10 14.60  54.0800  123.7200  12.0 6.0 6.1 SOUTHEASTERN SIBERIA, RUSSIA
event name:     C201110140610A
time shift:      1.4337
half duration:   2.5000
latitude:       54.1682
longitude:     123.7686
depth:          17.3023
Mrr:      -1.051980e+24
Mtt:       4.437182e+24
Mpp:      -3.385202e+24
Mrt:       5.817465e+22
Mrp:      -1.688513e+24
Mtp:       9.656138e+24
