 PDE 2014 09 10 02 46 06.40   -0.2400  125.1000  35.0 0.0 6.2 SOUTHERN MOLUCCA SEA
event name:   C201409100246A
time shift:           6.4988
half duration:        3.3000
latitude:            -0.3533
longitude:          125.0462
depth:               27.4956
Mrr:            2.733965E+25
Mtt:           -1.802427E+25
Mpp:           -9.315356E+24
Mrt:            9.583124E+24
Mrp:            2.255856E+25
Mtp:           -1.528926E+25
