 PDE 2010 09 16 01 54 40.30  -16.0300 -173.9600  84.0 5.5 5.8 TONGA ISLANDS
event name:   C201009160154A
time shift:           3.1236
half duration:        1.9000
latitude:           -15.9978
longitude:         -173.4955
depth:               89.8875
Mrr:            8.697845E+23
Mtt:           -2.648280E+23
Mpp:           -6.049564E+23
Mrt:           -1.830215E+24
Mrp:           -5.502589E+24
Mtp:           -1.354775E+24
