 PDE 2017 10 19  9  2  2.20  28.3200  131.2100  14.0 5.9 5.9 SOUTHEAST OF RYUKYU ISLANDS
event name:     C201710190902A
time shift:      2.1292
half duration:   2.2000
latitude:       28.3527
longitude:     131.2227
depth:          14.4313
Mrr:      -8.355412e+24
Mtt:       1.483644e+24
Mpp:       6.871770e+24
Mrt:       3.634526e+23
Mrp:       2.188014e+24
Mtp:       1.319202e+24
