 PDE 2010  2  5  6 59  5.60 -47.9000   99.6600   1.0 6.2 6.2 SOUTHEAST INDIAN RIDGE
event name:     C201002050659A
time shift:      4.7586
half duration:   3.2000
latitude:      -47.8880
longitude:      99.5130
depth:           9.8311
Mrr:      -4.650059e+23
Mtt:       2.765129e+25
Mpp:      -2.718629e+25
Mrt:       2.647761e+24
Mrp:       1.487245e+24
Mtp:       8.821814e+24
