 PDE 2016  6  5 16 25 33.50  -4.5900  125.6300 429.6 6.3 6.3 BANDA SEA
event name:     C201606051625A
time shift:      3.0682
half duration:   3.5000
latitude:       -4.5099
longitude:     125.5744
depth:         444.5579
Mrr:      -2.636900e+25
Mtt:       9.950751e+24
Mpp:       1.641824e+25
Mrt:      -1.750006e+25
Mrp:      -1.895476e+25
Mtp:       1.389535e+25
