 PDE 2012  4 14 19 26 43.20  -6.8100  105.4600  62.7 5.9 5.8 SUNDA STRAIT, INDONESIA
event name:     C201204141926A
time shift:      1.3544
half duration:   2.1000
latitude:       -7.1485
longitude:     105.2700
depth:          37.5550
Mrr:       4.268537e+24
Mtt:      -1.622944e+24
Mpp:      -2.645593e+24
Mrt:       4.149665e+24
Mrp:      -4.213365e+24
Mtp:       2.178659e+24
