 PDE 2012  6 16 22 18 47.50  15.5900  119.5600  28.0 5.9 5.9 LUZON, PHILIPPINES
event name:     C201206162218A
time shift:      3.9718
half duration:   2.3000
latitude:       15.6693
longitude:     119.5089
depth:          25.0870
Mrr:       8.007142e+24
Mtt:      -3.147795e+24
Mpp:      -4.859346e+24
Mrt:       1.572510e+24
Mrp:      -5.857615e+24
Mtp:       1.634709e+24
