 PDE 2011  4 11  8 16 12.70  37.0000  140.4000  11.0 6.7 6.6 EASTERN HONSHU, JAPAN
event name:     201104110816A
time shift:      6.2302
half duration:   5.2000
latitude:       36.9840
longitude:     140.4872
depth:           5.2125
Mrr:      -1.181523e+26
Mtt:       6.824070e+25
Mpp:       4.991166e+25
Mrt:       1.712535e+24
Mrp:       4.327503e+25
Mtp:      -2.725392e+25
