 PDE 2016  4  6  6 58 48.20 -14.0700  166.6200  24.0 6.7 6.7 VANUATU ISLANDS
event name:     201604060658A
time shift:      5.0965
half duration:   5.3000
latitude:      -14.0687
longitude:     166.5720
depth:          33.1091
Mrr:       1.410630e+26
Mtt:      -6.299445e+23
Mpp:      -1.404331e+26
Mrt:       2.506412e+25
Mrp:      -1.267412e+25
Mtp:       3.322795e+25
