 PDE 2010  5 20  8  6 28.80 -39.0700  -92.1500  10.0 5.9 5.9 SOUTHEAST OF EASTER ISLAND
event name:     C201005200806A
time shift:      1.5487
half duration:   2.2000
latitude:      -39.0396
longitude:     -92.3254
depth:           6.1876
Mrr:      -1.862518e+24
Mtt:       1.251269e+24
Mpp:       6.112489e+23
Mrt:      -1.305181e+23
Mrp:      -1.811522e+24
Mtp:      -9.478146e+24
