 PDE 2012 12 27 00 37 08.80  -35.7800  -73.2500  14.2 5.1 5.9 OFF COAST OF CENTRAL CHILE
event name:   C201212270037A
time shift:           3.9486
half duration:        1.9000
latitude:           -35.8891
longitude:          -73.7770
depth:               12.4428
Mrr:            3.486064E+24
Mtt:            1.083780E+23
Mpp:           -3.594440E+24
Mrt:           -9.494393E+23
Mrp:           -6.246749E+24
Mtp:           -7.603537E+23
