 PDE 2017  5  1 14 18 15.30  59.8300 -136.7000   2.5 6.2 6.3 SOUTHEASTERN ALASKA
event name:     C201705011418A
time shift:      5.7762
half duration:   3.3000
latitude:       59.9095
longitude:    -136.6034
depth:          13.5590
Mrr:       3.912243e+24
Mtt:       6.182943e+24
Mpp:      -1.009519e+25
Mrt:      -5.278363e+24
Mrp:      -4.042732e+24
Mtp:       2.389280e+25
