 PDE 2017  1  2 13 14  2.80 -23.2500  179.2400 551.6 6.3 6.3 SOUTH OF FIJI ISLANDS
event name:     201701021314A
time shift:      5.0064
half duration:   3.5000
latitude:      -23.2863
longitude:     179.2842
depth:         571.9319
Mrr:      -9.196302e+24
Mtt:       2.474474e+25
Mpp:      -1.554844e+25
Mrt:      -8.537118e+24
Mrp:      -2.249653e+25
Mtp:      -1.814615e+25
