 PDE 2010 11  3  0 56 53.90  43.8000   20.8000  13.0 5.3 5.5 NORTHWESTERN BALKAN REGI - INV
event name:     C201011030056A
time shift:      4.6600
half duration:   1.4000
latitude:       43.6553
longitude:      20.6553
depth:           6.0973
Mrr:       0.240029E+24
Mtt:       0.424637E+24
Mpp:      -0.664667E+24
Mrt:      -0.250247E+24
Mrp:      -0.981612E+24
Mtp:       0.152297E+25
