 PDE 2016 10 19  0 26  1.10  -4.8600  108.1600 614.0 6.6 6.6 JAVA SEA
event name:     201610190026A
time shift:      4.6151
half duration:   4.9000
latitude:       -4.9542
longitude:     108.0497
depth:         620.3673
Mrr:      -9.451080e+25
Mtt:       4.062545e+25
Mpp:       5.388535e+25
Mrt:      -4.195497e+25
Mrp:      -4.917458e+25
Mtp:      -4.111546e+25
