 PDE 2016  4 28 19 33 24.10 -16.0400  167.3800  24.0 7.0 7.0 VANUATU ISLANDS
event name:     201604281933A
time shift:      8.3657
half duration:   7.5000
latitude:      -16.0446
longitude:     167.2240
depth:          31.1703
Mrr:       3.778247e+26
Mtt:      -6.952714e+25
Mpp:      -3.082975e+26
Mrt:       3.767456e+25
Mrp:      -1.251620e+26
Mtp:       1.762644e+26
