 PDE 2015  7 16 15 16 33.80  13.8700  -58.5400  20.0 6.5 6.5 NORTH ATLANTIC OCEAN
event name:     C201507161516A
time shift:      3.3903
half duration:   4.1000
latitude:       13.9204
longitude:     -58.3777
depth:          20.3622
Mrr:      -8.306895e+24
Mtt:      -5.965612e+25
Mpp:       6.796301e+25
Mrt:       2.504940e+24
Mrp:       3.558605e+24
Mtp:       1.628048e+25
