 PDE 2010  7 10 11 43 32.80  11.1400  146.0000  13.0 6.3 6.3 SOUTH OF MARIANA ISLANDS
event name:     C201007101143A
time shift:      3.6063
half duration:   3.3000
latitude:       11.0817
longitude:     146.0988
depth:           9.7480
Mrr:      -8.578982e+23
Mtt:       1.034460e+25
Mpp:      -9.486705e+24
Mrt:       6.385168e+24
Mrp:       7.517342e+24
Mtp:       3.023158e+25
