 PDE 2010  2 22  7  0 52.90 -23.6400 -176.0400  25.1 5.9 6.0 SOUTH OF FIJI ISLANDS
event name:     C201002220700A
time shift:      1.0594
half duration:   2.2000
latitude:      -23.8318
longitude:    -175.3512
depth:          20.1368
Mrr:       7.869569e+24
Mtt:      -4.201182e+23
Mpp:      -7.449452e+24
Mrt:       2.211148e+24
Mrp:       6.010472e+24
Mtp:      -2.791261e+24
