 PDE 2019  6 28 15 51 31.30  19.8500  144.3500 410.0 6.4 6.4 MARIANA ISLANDS
event name:     C201906281551A
time shift:      2.9962
half duration:   4.0000
latitude:       19.8308
longitude:     144.2736
depth:         419.6094
Mrr:      -2.727296e+25
Mtt:       2.350142e+25
Mpp:       3.771541e+24
Mrt:      -2.855437e+25
Mrp:      -1.514937e+25
Mtp:      -4.069701e+25
