 PDE 2014 03 10 00 38 15.10   16.0400  -98.3400   8.4 0.0 5.8 NEAR COAST OF GUERRERO, MEXICO
event name:   C201403100038A
time shift:           3.7838
half duration:        1.9000
latitude:            16.0222
longitude:          -98.4201
depth:                9.2523
Mrr:            4.569087E+24
Mtt:           -4.258601E+24
Mpp:           -3.104857E+23
Mrt:            4.443533E+24
Mrp:           -2.373667E+24
Mtp:            9.156379E+23
