 PDE 2013 04 20 00 02 47.50   30.3100  102.8900  14.0 6.5 6.8 SICHUAN, CHINA
event name:   C201304200002A
time shift:           4.9298
half duration:        4.9000
latitude:            30.2135
longitude:          103.1110
depth:               20.6017
Mrr:            9.965732E+25
Mtt:           -1.330060E+25
Mpp:           -8.635670E+25
Mrt:           -4.293103E+24
Mrp:            1.621370E+25
Mtp:           -4.430939E+25
