 PDE 2015  5 29  7  0  9.20  56.6600 -156.5100  70.0 6.8 6.8 ALASKA PENINSULA
event name:     C201505290700A
time shift:      3.2577
half duration:   6.1000
latitude:       56.6982
longitude:    -156.5264
depth:          74.4932
Mrr:       3.856496e+25
Mtt:      -1.996592e+25
Mpp:      -1.859903e+25
Mrt:       5.984515e+25
Mrp:       9.273742e+25
Mtp:       1.461557e+26
