 PDE 2012  4 25  7 42 23.40   9.0100   93.9400   9.0 5.8 5.7 NICOBAR ISLANDS, INDIA REGION
event name:     C201204250742A
time shift:      2.6881
half duration:   2.1000
latitude:        8.8850
longitude:      94.0682
depth:          15.2397
Mrr:      -1.684937e+24
Mtt:      -4.058302e+24
Mpp:       5.743240e+24
Mrt:      -3.080323e+24
Mrp:      -9.628107e+23
Mtp:       3.476175e+24
