 PDE 2016  9  5 22 54  3.90  54.4200  168.5400   8.0 6.2 6.1 KOMANDORSKIYE OSTROVA REGION
event name:     C201609052254A
time shift:      7.0104
half duration:   3.1000
latitude:       54.7520
longitude:     168.3840
depth:          12.4802
Mrr:      -1.148218e+24
Mtt:      -2.265240e+25
Mpp:       2.380061e+25
Mrt:      -8.879759e+24
Mrp:      -9.708209e+24
Mtp:      -4.466956e+24
