 PDE 2014 05 12 18 38 36.70  -49.9400 -114.8000  10.5 0.0 6.5 SOUTHERN EAST PACIFIC RISE
event name:   C201405121838A
time shift:           7.9841
half duration:        3.9000
latitude:           -49.8986
longitude:         -115.0632
depth:                9.6644
Mrr:            1.007734E+24
Mtt:            2.993192E+25
Mpp:           -3.093965E+25
Mrt:           -2.935603E+24
Mrp:            6.972697E+24
Mtp:            5.332688E+25
