 PDE 2011 12 23 19 12 34.00 -52.1200   27.9600  10.0 5.9 5.9 SOUTH OF AFRICA
event name:     C201112231912A
time shift:      5.1838
half duration:   2.3000
latitude:      -52.1908
longitude:      28.3507
depth:          17.8985
Mrr:      -2.047164e+23
Mtt:       6.989807e+24
Mpp:      -6.785092e+24
Mrt:       1.234614e+24
Mrp:       1.378945e+24
Mtp:       7.756921e+24
