 PDE 2010 10 21  2 49 56.00 -34.7400  -73.7200  10.4 5.9 5.9 OFF COAST OF CENTRAL CHILE
event name:     C201010210249A
time shift:      4.7545
half duration:   2.2000
latitude:      -34.8304
longitude:     -74.0674
depth:          12.3494
Mrr:      -6.639143e+24
Mtt:      -2.460163e+23
Mpp:       6.885159e+24
Mrt:       3.241309e+24
Mrp:       7.589542e+23
Mtp:       6.821084e+24
