 PDE 2013 05 10 19 56 04.20  -28.9800  -13.2300   3.9 5.5 5.7 SOUTHERN MID-ATLANTIC RIDGE
event name:   C201305101956A
time shift:           4.7054
half duration:        1.9000
latitude:           -29.0201
longitude:          -12.9647
depth:                8.5778
Mrr:           -6.377186E+24
Mtt:           -6.289002E+23
Mpp:            7.006087E+24
Mrt:            2.677145E+23
Mrp:            1.597288E+24
Mtp:            1.218519E+23
