 PDE 2013  4 13 22 49 50.50 -19.1400  169.5400 280.2 6.0 6.0 VANUATU ISLANDS
event name:     C201304132249A
time shift:     -0.2939
half duration:   2.5000
latitude:      -19.1062
longitude:     169.5185
depth:         268.9107
Mrr:       4.675427e+24
Mtt:      -3.812535e+24
Mpp:      -8.628926e+23
Mrt:       1.742069e+24
Mrp:      -7.650990e+24
Mtp:      -8.840562e+24
