 PDE 2016 10 27 11 53 17.20  53.5800 -163.2600  13.9 5.9 5.9 UNIMAK ISLAND REGION, ALASKA
event name:     C201610271153A
time shift:      4.4071
half duration:   2.1000
latitude:       53.5535
longitude:    -163.1102
depth:          16.8985
Mrr:       4.677373e+24
Mtt:      -3.613970e+24
Mpp:      -1.063403e+24
Mrt:       5.801519e+24
Mrp:       2.339949e+24
Mtp:      -2.395941e+24
