 PDE 2014 10 11 02 35 47.50   41.0300  143.1600  22.0 0.0 6.1 HOKKAIDO, JAPAN REGION
event name:   C201410110235A
time shift:           4.1766
half duration:        2.5000
latitude:            41.0553
longitude:          143.2764
depth:               24.4725
Mrr:            9.766186E+24
Mtt:           -4.713516E+23
Mpp:           -9.294836E+24
Mrt:            5.314266E+24
Mrp:            1.212576E+25
Mtp:           -2.746034E+24
