 PDE 2016  2 16 23 48 35.70 -55.7800 -125.1700  13.0 6.1 6.1 SOUTHERN EAST PACIFIC RISE
event name:     C201602162348A
time shift:      2.0874
half duration:   2.8000
latitude:      -55.7367
longitude:    -124.5775
depth:          16.1958
Mrr:      -1.847874e+24
Mtt:       1.178851e+25
Mpp:      -9.940629e+24
Mrt:      -2.342645e+24
Mrp:      -1.188036e+24
Mtp:       1.438161e+25
