 PDE 2010  9 26 18 27 57.80  52.4400  179.7300 225.8 5.8 5.8 RAT ISLANDS, ALEUTIAN ISLANDS
event name:     C201009261827A
time shift:      2.0371
half duration:   1.8000
latitude:       52.5306
longitude:     179.6898
depth:         218.0022
Mrr:       2.555190e+24
Mtt:      -2.678553e+24
Mpp:       1.233632e+23
Mrt:       3.227383e+24
Mrp:      -7.794032e+23
Mtp:       8.997529e+23
