 PDE 2012  2 15  3 31 20.60  43.6200 -127.5200  11.0 5.9 5.8 OFF COAST OF OREGON
event name:     C201202150331A
time shift:      1.3039
half duration:   2.2000
latitude:       43.3997
longitude:    -127.6849
depth:          14.1462
Mrr:      -6.972302e+23
Mtt:      -5.555321e+24
Mpp:       6.252552e+24
Mrt:      -1.238797e+24
Mrp:      -8.418096e+23
Mtp:      -5.438084e+24
