 PDE 2010 06 22 22 16 20.60  -19.2000 -177.5500 562.5 5.1 5.8 FIJI ISLANDS REGION
event name:   C201006222216A
time shift:           1.9267
half duration:        2.0000
latitude:           -19.1602
longitude:         -177.4915
depth:              583.9517
Mrr:           -3.616229E+24
Mtt:            5.841872E+23
Mpp:            3.032042E+24
Mrt:            3.731658E+24
Mrp:           -2.319376E+24
Mtp:            3.605600E+24
