 PDE 2014 04 26 06 02 21.00  -20.7500 -174.7100  45.0 0.0 6.1 TONGA ISLANDS
event name:   C201404260602A
time shift:           3.5668
half duration:        2.9000
latitude:           -20.8009
longitude:         -174.2843
depth:               46.3752
Mrr:            1.955412E+25
Mtt:           -6.546446E+23
Mpp:           -1.889946E+25
Mrt:            8.758918E+24
Mrp:           -8.870979E+24
Mtp:            9.603737E+24
