 PDE 2011  4  7 13 11 22.40  17.2100  -94.3400 166.2 6.7 6.7 CHIAPAS, MEXICO
event name:     201104071311A
time shift:      4.1739
half duration:   5.5000
latitude:       17.2781
longitude:     -94.1445
depth:         151.5860
Mrr:      -4.983044e+25
Mtt:      -2.996422e+25
Mpp:       7.979466e+25
Mrt:       8.348001e+25
Mrp:      -6.120618e+25
Mtp:      -4.724967e+25
