 PDE 2018  9 30 10 52 23.00 -18.3600 -178.0600 550.0 6.7 6.7 FIJI ISLANDS REGION
event name:     C201809301052A
time shift:      2.6012
half duration:   5.3000
latitude:      -18.3024
longitude:    -178.1058
depth:         561.2699
Mrr:      -5.584930e+25
Mtt:       3.104686e+25
Mpp:       2.480245e+25
Mrt:      -3.024797e+25
Mrp:      -9.969260e+25
Mtp:       5.187539e+25
