 PDE 2013 07 22 07 01 42.50  -46.0500   34.7800  10.0 5.8 6.3 PRINCE EDWARD ISLANDS REGION
event name:   C201307220701A
time shift:           6.5162
half duration:        3.4000
latitude:           -45.8901
longitude:           34.9343
depth:               18.0615
Mrr:           -7.141848E+23
Mtt:            2.551394E+25
Mpp:           -2.479974E+25
Mrt:            3.656148E+24
Mrp:           -2.510920E+24
Mtp:            3.679548E+25
