 PDE 2014  5  5 11  8 43.40  19.6600   99.6700   6.0 6.2 6.1 THAILAND
event name:     C201405051108A
time shift:      2.6507
half duration:   3.0000
latitude:       19.7206
longitude:      99.6791
depth:           9.7377
Mrr:      -2.958443e+23
Mtt:      -1.351293e+25
Mpp:       1.380877e+25
Mrt:      -1.154048e+24
Mrp:       3.093667e+24
Mtp:       1.334330e+25
