 PDE 2013 02 07 07 19 51.50  -15.8100 -172.9700  18.0 5.1 5.8 SAMOA ISLANDS REGION
event name:   C201302070719A
time shift:           5.8505
half duration:        2.0000
latitude:           -15.7204
longitude:         -172.5780
depth:               20.0573
Mrr:            6.688732E+24
Mtt:            7.124394E+23
Mpp:           -7.401170E+24
Mrt:            1.831282E+24
Mrp:            5.159070E+24
Mtp:            1.315483E+23
