 PDE 2018 12 12 13 13 56.20 -55.6700 -128.6600  10.0 6.3 6.3 PACIFIC-ANTARCTIC RIDGE
event name:     C201812121314A
time shift:      2.1526
half duration:   3.5000
latitude:      -55.3230
longitude:    -129.3222
depth:          10.8789
Mrr:      -3.203370e+24
Mtt:       2.484437e+25
Mpp:      -2.164101e+25
Mrt:      -1.910051e+24
Mrp:       1.007315e+23
Mtp:       2.611889e+25
