 PDE 2017 11  4  9  0 19.40 -15.3200 -173.1700  10.0 6.7 6.8 TONGA ISLANDS
event name:     201711040900A
time shift:     10.5712
half duration:   5.6000
latitude:      -15.0653
longitude:    -173.1268
depth:          31.0451
Mrr:       3.584465e+25
Mtt:       2.232071e+25
Mpp:      -5.816536e+25
Mrt:      -1.128227e+26
Mrp:       3.899035e+24
Mtp:       8.309795e+25
