 PDE 2018 12 28  3  3 33.40  -1.4500  134.0900  41.0 5.8 5.7 IRIAN JAYA REGION, INDONESIA
event name:     C201812280303A
time shift:      1.4931
half duration:   2.0000
latitude:       -1.4064
longitude:     134.0184
depth:          46.6463
Mrr:      -2.603889e+23
Mtt:      -1.780850e+24
Mpp:       2.041239e+24
Mrt:       3.911682e+24
Mrp:       8.806596e+23
Mtp:       3.943668e+24
