 PDE 2017  4  8  7  9 23.20  13.7700  120.9300  14.3 5.9 5.9 MINDORO, PHILIPPINES
event name:     C201704080708A
time shift:      2.0740
half duration:   2.3000
latitude:       13.7478
longitude:     120.9603
depth:          10.9643
Mrr:      -1.618996e+24
Mtt:      -8.009074e+24
Mpp:       9.628070e+24
Mrt:       8.785790e+22
Mrp:       1.563492e+24
Mtp:      -2.743711e+23
