 PDE 2012 12 21 22 28  8.60 -14.3400  167.2900 200.7 6.7 6.7 VANUATU ISLANDS
event name:     201212212228A
time shift:      4.0771
half duration:   5.4000
latitude:      -14.3042
longitude:     167.1657
depth:         193.8809
Mrr:       1.462612e+26
Mtt:      -9.330947e+24
Mpp:      -1.369303e+26
Mrt:      -3.717239e+25
Mrp:       1.087273e+25
Mtp:       3.300522e+25
