 PDE 2016 12  6 21 42 20.80  11.0300  -60.9000  31.8 5.9 5.9 WINDWARD ISLANDS
event name:     C201612062142A
time shift:      5.9180
half duration:   2.3000
latitude:       11.2476
longitude:     -60.8304
depth:          32.0576
Mrr:      -1.516722e+23
Mtt:      -2.614300e+24
Mpp:       2.765973e+24
Mrt:       1.733580e+24
Mrp:       4.027001e+24
Mtp:       7.573971e+24
