 PDE 2011  6  8  3  6 22.60 -17.0800  -69.5200 145.7 5.9 5.9 PERU-BOLIVIA BORDER REGION
event name:     C201106080306A
time shift:      0.1227
half duration:   2.3000
latitude:      -17.3670
longitude:     -69.8324
depth:         144.9124
Mrr:      -4.165820e+24
Mtt:      -3.480614e+24
Mpp:       7.646434e+24
Mrt:       5.313645e+24
Mrp:      -5.281080e+24
Mtp:      -9.381193e+23
