 PDE 2012 12  7 18 19  6.20 -38.4700  176.1000 163.0 6.3 6.4 NORTH ISLAND, NEW ZEALAND
event name:     C201212071819A
time shift:      6.5536
half duration:   3.6000
latitude:      -38.3032
longitude:     176.0916
depth:         162.4455
Mrr:       1.322256e+25
Mtt:       2.873541e+24
Mpp:      -1.609611e+25
Mrt:       3.388834e+25
Mrp:       5.345179e+24
Mtp:      -1.531147e+25
