 PDE 2012 11 16 18 12 39.90   49.2800  155.4300  29.0 0.0 6.5 KURIL ISLANDS
event name:   C201211161812A
time shift:           5.5402
half duration:        4.2000
latitude:            49.2218
longitude:          155.8846
depth:               41.0094
Mrr:            6.804869E+25
Mtt:           -2.055593E+25
Mpp:           -4.749278E+25
Mrt:            1.733411E+25
Mrp:            2.734380E+25
Mtp:           -3.300209E+25
