 PDE 2014 12 10 21  3 39.30  25.5400  122.4500 256.0 6.1 6.1 TAIWAN REGION
event name:     C201412102103A
time shift:      2.5411
half duration:   2.9000
latitude:       25.5064
longitude:     122.4090
depth:         256.4096
Mrr:      -1.151621e+25
Mtt:       9.213913e+24
Mpp:       2.302302e+24
Mrt:      -1.650773e+25
Mrp:      -1.696753e+24
Mtp:      -7.187452e+23
