 PDE 2012  8 12 10 47  6.40  35.6600   82.5200  13.0 6.2 6.3 XIZANG
event name:     C201208121047A
time shift:      4.7231
half duration:   3.1000
latitude:       35.8780
longitude:      82.5177
depth:          12.8772
Mrr:      -1.662589e+25
Mtt:      -3.880278e+24
Mpp:       2.050616e+25
Mrt:       7.313089e+24
Mrp:      -4.327616e+24
Mtp:       4.208270e+24
