 PDE 2011  7 16  0 26 12.60 -33.8200  -71.8300  20.0 6.0 6.1 NEAR COAST OF CENTRAL CHILE
event name:     C201107160026A
time shift:      4.8472
half duration:   2.3000
latitude:      -33.9577
longitude:     -72.1800
depth:          22.8850
Mrr:       5.511334e+24
Mtt:       3.167809e+23
Mpp:      -5.828115e+24
Mrt:       1.070564e+24
Mrp:      -7.118873e+24
Mtp:      -4.327493e+23
