 PDE 2016  8 24 10 34 54.60  20.9200   94.5700  82.0 6.8 6.8 MYANMAR
event name:     C201608241034A
time shift:      4.3089
half duration:   5.8000
latitude:       20.7878
longitude:      94.5841
depth:          82.4319
Mrr:       5.613463e+25
Mtt:      -2.510776e+25
Mpp:      -3.102686e+25
Mrt:       4.649487e+25
Mrp:      -1.707390e+26
Mtp:       4.298332e+24
