 PDE 2010 10 22 19 31 37.70 -20.8500  -68.3500 132.2 5.8 5.8 CHILE-BOLIVIA BORDER REGION
event name:     C201010221931A
time shift:      2.0698
half duration:   1.9000
latitude:      -21.0627
longitude:     -68.7760
depth:         136.6813
Mrr:      -3.520142e+24
Mtt:       3.005945e+24
Mpp:       5.141968e+23
Mrt:       2.454879e+24
Mrp:      -4.764365e+24
Mtp:      -4.354138e+23
