 PDE 2019  4  6 21 55  1.60  -6.8500  125.0100 539.0 6.3 6.3 BANDA SEA
event name:     C201904062155A
time shift:      2.6543
half duration:   3.4000
latitude:       -6.9209
longitude:     124.8684
depth:         545.5893
Mrr:      -8.085166e+24
Mtt:      -8.761038e+24
Mpp:       1.684621e+25
Mrt:      -2.577192e+25
Mrp:      -1.097856e+25
Mtp:       1.330565e+25
