 PDE 2014  2  7  8 40 13.60 -15.0700  167.3700 122.0 6.5 6.5 VANUATU ISLANDS
event name:     201402070840A
time shift:      5.0786
half duration:   4.3000
latitude:      -15.1320
longitude:     167.2846
depth:         123.6376
Mrr:       7.437665e+25
Mtt:       6.201800e+24
Mpp:      -8.057845e+25
Mrt:      -1.590807e+25
Mrp:      -4.680123e+24
Mtp:      -9.967721e+24
