 PDE 2010 02 12 12 03 38.80  -33.6200  -68.7900 148.2 5.6 5.8 MENDOZA PROVINCE, ARGENTINA
event name:   C201002121203A
time shift:           4.1058
half duration:        2.0000
latitude:           -33.6382
longitude:          -69.0170
depth:              170.2037
Mrr:           -2.678327E+24
Mtt:            6.198816E+24
Mpp:           -3.520487E+24
Mrt:            2.078160E+23
Mrp:           -4.297877E+24
Mtp:           -3.216008E+24
