 PDE 2012  1 21 18 47 11.60  14.8700  -93.0000  45.0 6.2 6.3 NEAR COAST OF CHIAPAS, MEXICO
event name:     C201201211847A
time shift:      1.9573
half duration:   3.0000
latitude:       14.8509
longitude:     -93.3547
depth:          55.4886
Mrr:      -1.786966e+25
Mtt:       1.296970e+24
Mpp:       1.657269e+25
Mrt:       8.422915e+24
Mrp:      -7.694825e+24
Mtp:      -1.094509e+25
