 PDE 2011  7  9 19 35 18.80 -29.4400 -177.0100  15.2 5.9 5.9 KERMADEC ISLANDS, NEW ZEALAND
event name:     C201107091935A
time shift:      7.2815
half duration:   2.2000
latitude:      -29.2067
longitude:    -176.7978
depth:          22.6904
Mrr:       7.278314e+24
Mtt:      -2.192899e+23
Mpp:      -7.059025e+24
Mrt:       1.274901e+24
Mrp:       5.778178e+24
Mtp:      -2.056121e+24
