 PDE 2019 12  6 15 42 44.40 -15.0200 -175.0800  10.0 5.8 5.8 TONGA ISLANDS
event name:     C201912061542A
time shift:     10.1712
half duration:   2.0000
latitude:      -15.2001
longitude:    -175.2540
depth:          10.3234
Mrr:      -6.875594e+23
Mtt:       4.953604e+24
Mpp:      -4.266046e+24
Mrt:       8.798865e+23
Mrp:      -1.070291e+24
Mtp:       5.963519e+24
