 PDE 2011 11 21  3 15 42.30  24.9500   95.2400 113.7 5.8 5.8 MYANMAR
event name:     C201111210315A
time shift:     -0.1447
half duration:   1.9000
latitude:       24.8584
longitude:      95.1920
depth:         125.0345
Mrr:       4.565640e+24
Mtt:      -3.535282e+24
Mpp:      -1.030358e+24
Mrt:      -1.041489e+24
Mrp:      -1.347730e+24
Mtp:       2.666456e+24
