 PDE 2014 08 18 02 32 05.30   32.7000   47.6900  10.2 0.0 6.2 IRAN-IRAQ BORDER REGION
event name:   C201408180232A
time shift:           5.7011
half duration:        3.1000
latitude:            32.5963
longitude:           47.5346
depth:               10.0459
Mrr:            1.369770E+25
Mtt:           -1.206358E+25
Mpp:           -1.634116E+24
Mrt:            1.495472E+25
Mrp:           -6.576027E+24
Mtp:            1.209442E+25
