 PDE 2017 10  8 22 34 33.50  52.3900  176.7700 119.0 6.5 6.5 RAT ISLANDS, ALEUTIAN ISLANDS
event name:     201710082234A
time shift:      4.2787
half duration:   4.6000
latitude:       52.3885
longitude:     176.8038
depth:         122.4296
Mrr:       2.794181e+24
Mtt:      -4.596216e+25
Mpp:       4.316798e+25
Mrt:       4.718482e+25
Mrp:      -3.804058e+25
Mtp:      -1.436593e+25
