 PDE 2018 12 24 12 41 19.30  55.3800  164.4900  10.0 6.1 6.0 KOMANDORSKIYE OSTROVA REGION
event name:     C201812241241A
time shift:      3.1493
half duration:   2.7000
latitude:       55.3295
longitude:     164.6040
depth:          13.4651
Mrr:       1.340756e+24
Mtt:      -1.370851e+25
Mpp:       1.236775e+25
Mrt:       7.266859e+23
Mrp:       3.238007e+24
Mtp:       7.030949e+24
