 PDE 2017  5 20  1  6 14.20   9.3900  123.9600 533.0 6.0 6.0 NEGROS, PHILIPPINES
event name:     C201705200106A
time shift:      1.9742
half duration:   2.4000
latitude:        9.3322
longitude:     124.0111
depth:         543.4827
Mrr:      -2.352801e+24
Mtt:      -4.508310e+24
Mpp:       6.861111e+24
Mrt:      -7.754729e+24
Mrp:       3.208588e+24
Mtp:      -3.648084e+24
