 PDE 2018  1 19 16 17 44.70  26.6900 -111.0800  10.0 6.3 6.3 GULF OF CALIFORNIA
event name:     C201801191617A
time shift:      2.5943
half duration:   3.3000
latitude:       26.7806
longitude:    -111.0695
depth:          11.0033
Mrr:      -6.683189e+23
Mtt:      -2.700910e+25
Mpp:       2.767741e+25
Mrt:      -5.358979e+23
Mrp:      -4.054454e+24
Mtp:      -5.073091e+24
