 PDE 2015 11 11  2 46 19.80 -29.5100  -72.0600  10.0 6.8 6.9 OFF COAST OF CENTRAL CHILE
event name:     201511110246A
time shift:     12.3845
half duration:   6.1000
latitude:      -29.6988
longitude:     -72.2873
depth:           8.8219
Mrr:       1.133285e+26
Mtt:      -2.440839e+24
Mpp:      -1.108876e+26
Mrt:       5.351857e+24
Mrp:      -1.234531e+26
Mtp:       3.512552e+24
