 PDE 2019 12 23 20 56 23.60  50.5200 -129.7600  10.0 6.0 6.0 VANCOUVER ISLAND, CANADA REGION
event name:     C201912232056A
time shift:      3.5692
half duration:   2.6000
latitude:       50.2928
longitude:    -129.9031
depth:           5.9746
Mrr:      -2.661733e+23
Mtt:      -1.264492e+25
Mpp:       1.291110e+25
Mrt:      -1.386014e+24
Mrp:      -1.455788e+24
Mtp:       3.247273e+23
