 PDE 2011  2 21 23 51 43.00 -43.6000  172.7100   5.0 6.1 6.3 SOUTH ISLAND, NEW ZEALAND
event name:     C201102212351A
time shift:      3.4897
half duration:   2.8000
latitude:      -43.5982
longitude:     172.5208
depth:           7.0870
Mrr:       1.267926e+25
Mtt:       6.139737e+24
Mpp:      -1.881900e+25
Mrt:       3.953993e+24
Mrp:      -2.802138e+24
Mtp:      -1.314423e+25
