 PDE 2016  4 15 14 11 26.90  13.4100  -92.3500  25.0 6.0 6.1 OFF COAST OF CHIAPAS, MEXICO
event name:     C201604151411A
time shift:      1.1457
half duration:   2.5000
latitude:       13.4911
longitude:     -92.6655
depth:          10.4557
Mrr:      -1.354293e+25
Mtt:       8.166944e+24
Mpp:       5.375978e+24
Mrt:      -1.277176e+24
Mrp:       1.849356e+24
Mtp:      -7.065663e+24
