 PDE 2017  2  7 22  3 55.70  25.2000   63.2600  24.0 6.4 6.3 SOUTHWESTERN PAKISTAN
event name:     201702072203A
time shift:      5.5197
half duration:   4.3000
latitude:       25.0089
longitude:      63.2712
depth:          12.8250
Mrr:       6.600333e+24
Mtt:      -4.749443e+24
Mpp:      -1.850890e+24
Mrt:       3.757729e+25
Mrp:      -2.942583e+24
Mtp:      -1.242449e+24
