 PDE 2016  1 14  3 25 33.60  41.9700  142.7800  46.0 6.7 6.7 HOKKAIDO, JAPAN REGION
event name:     201601140325B
time shift:      3.7021
half duration:   5.2000
latitude:       42.0098
longitude:     142.7180
depth:          49.6143
Mrr:       8.847710e+25
Mtt:      -1.764671e+25
Mpp:      -7.083039e+25
Mrt:       2.843957e+25
Mrp:       7.356734e+25
Mtp:      -3.724642e+25
