 PDE 2013  8 12  4 16 47.80 -30.6300 -179.6800 340.6 6.2 6.2 KERMADEC ISLANDS REGION
event name:     C201308120416A
time shift:      4.5576
half duration:   2.9000
latitude:      -30.4640
longitude:    -179.5750
depth:         346.5271
Mrr:      -1.303179e+25
Mtt:      -7.236909e+24
Mpp:       2.026870e+25
Mrt:      -1.045552e+25
Mrp:      -1.227407e+24
Mtp:       4.528472e+24
