 PDE 2017  8 13  3  8 10.60  -3.7700  101.6200  31.0 6.5 6.4 SOUTHERN SUMATRA, INDONESIA
event name:     201708130308A
time shift:      6.2027
half duration:   4.2000
latitude:       -3.7897
longitude:     101.4405
depth:          39.8499
Mrr:       3.667004e+25
Mtt:      -1.573920e+25
Mpp:      -2.093083e+25
Mrt:       3.297749e+25
Mrp:      -2.671495e+25
Mtp:       2.020836e+25
