 PDE 2014  1 25  5 14 18.50  -7.9900  109.2600  66.0 6.2 6.1 JAVA, INDONESIA
event name:     C201401250514A
time shift:      2.1638
half duration:   2.9000
latitude:       -8.3544
longitude:     109.2776
depth:          72.6139
Mrr:      -1.179509e+25
Mtt:       1.065351e+25
Mpp:       1.141585e+24
Mrt:      -1.474843e+25
Mrp:       5.673177e+24
Mtp:      -3.311424e+24
