 PDE 2015  5 22 23 59 33.80 -11.1100  163.2100  10.0 6.9 6.8 SOLOMON ISLANDS
event name:     201505222359A
time shift:      5.9269
half duration:   6.6000
latitude:      -10.9738
longitude:     163.1984
depth:          16.8319
Mrr:       2.227503e+25
Mtt:      -1.027163e+26
Mpp:       8.044134e+25
Mrt:       7.420398e+25
Mrp:      -1.144667e+26
Mtp:       1.906124e+26
