 PDE 2010  3 14  8  8  4.00  37.7400  141.5900  32.0 6.5 6.5 NEAR EAST COAST OF HONSHU, JAPAN
event name:     201003140808A
time shift:      3.6690
half duration:   4.5000
latitude:       37.7091
longitude:     141.9333
depth:          42.4593
Mrr:       5.343175e+25
Mtt:      -3.870371e+24
Mpp:      -4.956137e+25
Mrt:       1.923454e+25
Mrp:       5.006192e+25
Mtp:      -1.786206e+25
