 PDE 2010 12 24  5 48 53.00 -63.5900 -167.3400   4.0 6.0 6.0 PACIFIC-ANTARCTIC RIDGE
event name:     C201012240548A
time shift:      4.6011
half duration:   2.3000
latitude:      -63.5858
longitude:    -167.6328
depth:           9.3974
Mrr:      -1.160476e+24
Mtt:       9.095744e+24
Mpp:      -7.935270e+24
Mrt:      -1.840166e+24
Mrp:       1.115999e+24
Mtp:       5.533805e+24
