 PDE 2017  6 14  7 29  4.70  14.9100  -92.0800  93.0 7.0 6.9 NEAR COAST OF CHIAPAS, MEXICO
event name:     201706140729A
time shift:      3.5394
half duration:   7.3000
latitude:       14.9112
longitude:     -92.1973
depth:          71.4880
Mrr:      -1.405227e+26
Mtt:       7.874639e+25
Mpp:       6.177630e+25
Mrt:       2.185033e+26
Mrp:      -1.794652e+26
Mtp:      -1.031234e+26
