 PDE 2014 07 03 19 50 07.30  -30.4500 -176.4500  35.0 0.0 6.3 KERMADEC ISLANDS REGION
event name:   C201407031950A
time shift:           4.4129
half duration:        3.6000
latitude:           -30.3720
longitude:         -176.2917
depth:               45.2557
Mrr:            3.735099E+25
Mtt:           -3.058711E+25
Mpp:           -6.763875E+24
Mrt:           -6.291285E+24
Mrp:           -2.158572E+25
Mtp:           -3.121097E+25
