 PDE 2011  4  2 10 59 37.40 -19.5800  -69.0700  83.4 5.9 5.9 NORTHERN CHILE
event name:     C201104021059A
time shift:      2.8584
half duration:   2.1000
latitude:      -19.7440
longitude:     -69.4942
depth:         111.2619
Mrr:      -3.490505e+24
Mtt:      -8.353410e+23
Mpp:       4.325846e+24
Mrt:       1.490972e+24
Mrp:      -6.259356e+24
Mtp:       2.060623e+24
