 PDE 2013  4 12 20 33 17.50  34.3700  134.8300  14.0 5.9 5.8 NEAR S. COAST OF WESTERN HONSHU
event name:     C201304122033A
time shift:      1.8871
half duration:   2.1000
latitude:       34.4234
longitude:     134.7149
depth:          16.3899
Mrr:       4.949271e+24
Mtt:       1.754931e+23
Mpp:      -5.124764e+24
Mrt:      -2.743679e+23
Mrp:      -5.417747e+24
Mtp:       1.018814e+24
