 PDE 2018  9 21  3 40 40.50 -17.9100 -179.9800 652.3 5.9 5.9 FIJI ISLANDS REGION
event name:     C201809210340A
time shift:     -0.3390
half duration:   2.1000
latitude:      -17.9521
longitude:    -179.8581
depth:         652.9641
Mrr:       7.344829e+24
Mtt:       1.061579e+24
Mpp:      -8.406406e+24
Mrt:      -3.352672e+24
Mrp:      -1.931562e+24
Mtp:       1.858460e+24
