 PDE 2015  8  6 23 59 46.30 -26.4600 -178.2500 269.0 6.0 6.0 SOUTH OF FIJI ISLANDS
event name:     C201508062359A
time shift:      0.3848
half duration:   2.5000
latitude:      -26.4613
longitude:    -178.1441
depth:         269.0149
Mrr:      -6.933448e+24
Mtt:      -6.449388e+24
Mpp:       1.338283e+25
Mrt:      -6.854196e+24
Mrp:      -6.248573e+23
Mtp:       3.996963e+23
