 PDE 2015  7 10  4 12 42.50  -9.3000  158.4000  12.0 6.7 6.7 SOLOMON ISLANDS
event name:     201507100412A
time shift:      4.1976
half duration:   5.5000
latitude:       -9.3854
longitude:     158.2876
depth:          12.6050
Mrr:       1.211411e+25
Mtt:      -3.305406e+25
Mpp:       2.093996e+25
Mrt:       2.105149e+25
Mrp:      -1.933835e+25
Mtp:       1.461279e+26
