 PDE 2017 10  8 20 48 58.40 -61.7500  154.6000  10.0 6.2 6.2 BALLENY ISLANDS REGION
event name:     C201710082048A
time shift:      4.6671
half duration:   3.1000
latitude:      -61.5467
longitude:     154.3389
depth:           9.3892
Mrr:      -1.307408e+24
Mtt:       2.152186e+25
Mpp:      -2.021446e+25
Mrt:      -7.322842e+24
Mrp:       5.876847e+24
Mtp:      -1.603727e+25
