 PDE 2013  6 16  5 19  0.00  18.1600  -99.2000  52.0 5.9 5.8 GUERRERO, MEXICO
event name:     C201306160519A
time shift:      3.0099
half duration:   2.1000
latitude:       18.2585
longitude:     -99.1727
depth:          46.5923
Mrr:      -5.838537e+24
Mtt:       4.421921e+24
Mpp:       1.416617e+24
Mrt:      -3.024804e+24
Mrp:       6.061906e+23
Mtp:      -2.779459e+24
