 PDE 2017  8 18  2 59 25.60  -1.1100  -13.6600  35.0 6.6 6.6 NORTH OF ASCENSION ISLAND
event name:     201708180259A
time shift:     13.9654
half duration:   5.0000
latitude:       -0.8636
longitude:     -14.1868
depth:          16.9693
Mrr:      -8.496274e+24
Mtt:       5.232904e+25
Mpp:      -4.383276e+25
Mrt:       1.227126e+25
Mrp:       2.425120e+25
Mtp:      -1.054083e+26
