 PDE 2011 10  7  8 58 28.60 -32.5400 -179.0400  34.0 6.1 6.1 SOUTH OF KERMADEC ISLANDS
event name:     C201110070858A
time shift:      4.8824
half duration:   2.8000
latitude:      -32.4708
longitude:    -178.7378
depth:          45.1384
Mrr:       1.400185e+25
Mtt:      -2.347919e+24
Mpp:      -1.165392e+25
Mrt:       3.911261e+24
Mrp:       6.350809e+24
Mtp:      -5.909339e+24
