 PDE 2014 03 22 12 59 59.20  -19.7600  -70.8700  20.0 0.0 6.2 NEAR COAST OF NORTHERN CHILE
event name:   C201403221259A
time shift:           7.8084
half duration:        3.2000
latitude:           -19.7389
longitude:          -71.1702
depth:               20.1396
Mrr:            2.552949E+25
Mtt:           -8.829538E+22
Mpp:           -2.544120E+25
Mrt:            7.492968E+24
Mrp:           -2.892506E+25
Mtp:            6.587896E+24
