 PDE 2015  9 24 15 53 27.70  -0.6200  131.2600  18.0 6.6 6.6 IRIAN JAYA REGION, INDONESIA
event name:     201509241553A
time shift:      5.8163
half duration:   4.8000
latitude:       -0.6074
longitude:     131.2043
depth:          16.9767
Mrr:       9.161463e+25
Mtt:      -6.745100e+25
Mpp:      -2.416363e+25
Mrt:       6.268273e+24
Mrp:      -3.518540e+23
Mtp:       3.635116e+25
