 PDE 2017 12  3 11 19  5.40  -0.4700  -80.3100  17.0 6.2 6.1 NEAR COAST OF ECUADOR
event name:     C201712031119A
time shift:      2.6074
half duration:   3.1000
latitude:       -0.5811
longitude:     -80.6016
depth:          29.1443
Mrr:       1.219152e+25
Mtt:       1.476568e+24
Mpp:      -1.366809e+25
Mrt:       1.574950e+24
Mrp:      -1.701298e+25
Mtp:      -2.882797e+24
