 PDE 2015  7 29  0 10 24.70   8.2300  -77.3200  12.0 5.9 5.9 PANAMA-COLOMBIA BORDER REGION
event name:     C201507290010A
time shift:      1.9382
half duration:   2.2000
latitude:        8.2410
longitude:     -77.3080
depth:          20.8941
Mrr:       3.985932e+24
Mtt:      -8.853232e+24
Mpp:       4.867301e+24
Mrt:      -7.286691e+23
Mrp:       3.287665e+24
Mtp:      -5.042783e+24
