 PDE 2010 11 12 19  1 30.00 -35.9600 -102.2100  10.0 5.8 5.8 SOUTHEAST OF EASTER ISLAND
event name:     C201011121901A
time shift:      1.6083
half duration:   2.0000
latitude:      -35.9933
longitude:    -102.2867
depth:          15.0605
Mrr:      -5.308131e+23
Mtt:      -1.318616e+24
Mpp:       1.849430e+24
Mrt:      -1.130803e+23
Mrp:      -1.452376e+24
Mtp:      -7.164871e+24
