 PDE 2012  5 10  2 13 56.20 -28.7300 -112.5900  10.0 5.9 5.9 EASTER ISLAND REGION
event name:     C201205100213A
time shift:      2.3632
half duration:   2.3000
latitude:      -28.7804
longitude:    -112.6686
depth:           8.2626
Mrr:       5.595248e+22
Mtt:      -9.423388e+24
Mpp:       9.367442e+24
Mrt:      -1.766472e+24
Mrp:       8.961112e+22
Mtp:      -2.686438e+24
