 PDE 2017  1  3 21 52 30.70 -19.3700  176.0500  12.0 6.9 6.9 SOUTH OF FIJI ISLANDS
event name:     201701032152A
time shift:      6.3183
half duration:   7.1000
latitude:      -19.2767
longitude:     175.9451
depth:          13.6284
Mrr:      -2.963907e+26
Mtt:       3.473119e+25
Mpp:       2.616595e+26
Mrt:      -2.334276e+25
Mrp:       3.249126e+24
Mtp:       1.355554e+26
