 PDE 2016  1 18 18 24 18.40 -21.4100  176.1200   7.1 5.9 5.8 SOUTH OF FIJI ISLANDS
event name:     C201601181824A
time shift:      6.8618
half duration:   2.2000
latitude:      -21.4946
longitude:     175.9841
depth:          11.0367
Mrr:      -2.322124e+24
Mtt:      -6.821877e+24
Mpp:       9.144002e+24
Mrt:       2.827265e+24
Mrp:      -1.403430e+24
Mtp:       3.521935e+24
