 PDE 2010 11  3 11 18 15.60  -4.6200  134.0700  10.0 6.0 6.0 IRIAN JAYA REGION, INDONESIA
event name:     C201011031118A
time shift:      2.1937
half duration:   2.4000
latitude:       -4.5695
longitude:     134.1257
depth:          11.9507
Mrr:      -5.272828e+23
Mtt:      -9.839717e+24
Mpp:       1.036700e+25
Mrt:       2.488600e+24
Mrp:       1.277737e+24
Mtp:       2.756014e+24
