 PDE 2010 02 18 01 13 19.50   42.5900  130.7000 577.7 6.3 6.9 E. RUSSIA-N.E. CHINA BORDER REG.
event name:   C201002180113A
time shift:           2.9243
half duration:        6.7000
latitude:            42.4847
longitude:          130.6626
depth:              575.8900
Mrr:            2.837081E+25
Mtt:            2.021620E+25
Mpp:           -4.858703E+25
Mrt:            2.480164E+25
Mrp:           -2.582729E+26
Mtp:           -6.050560E+25
