 PDE 2011  9 18 12 40 51.80  27.7200   88.1400  50.0 6.9 6.9 SIKKIM, INDIA
event name:     C201109181240A
time shift:      5.9231
half duration:   6.9000
latitude:       27.4412
longitude:      88.3427
depth:          46.6929
Mrr:      -3.363587e+25
Mtt:      -1.830998e+26
Mpp:       2.167356e+26
Mrt:       6.616766e+25
Mrp:      -1.243034e+25
Mtp:      -5.121761e+25
