 PDE 2016  7 24 14 10 51.00   0.9200  -28.9700  10.0 5.8 5.7 CENTRAL MID-ATLANTIC RIDGE
event name:     C201607241410A
time shift:      3.5146
half duration:   2.0000
latitude:        0.9707
longitude:     -28.7678
depth:          17.4646
Mrr:      -7.047783e+23
Mtt:       1.625342e+24
Mpp:      -9.205635e+23
Mrt:      -1.326563e+22
Mrp:      -1.300006e+24
Mtp:      -7.885838e+24
