 PDE 2013 03 13 03 12 52.20   60.2300  163.4000   5.0 5.7 5.8 EASTERN SIBERIA, RUSSIA
event name:   C201303130312A
time shift:           3.0247
half duration:        1.9000
latitude:            60.2273
longitude:          163.6202
depth:               10.0688
Mrr:            4.160784E+24
Mtt:            3.257676E+23
Mpp:           -4.486552E+24
Mrt:           -6.055480E+23
Mrp:           -2.975536E+24
Mtp:            3.979012E+24
