 PDE 2010 03 07 07 05 23.30  -16.2400 -115.3000  10.0 5.8 6.3 SOUTHERN EAST PACIFIC RISE
event name:    201003070705A
time shift:           5.8273
half duration:        3.2000
latitude:           -16.3342
longitude:         -115.4524
depth:                9.0775
Mrr:           -3.341578E+25
Mtt:            2.063163E+25
Mpp:            1.278416E+25
Mrt:           -6.453807E+23
Mrp:            8.071977E+24
Mtp:            5.508328E+24
