 PDE 2018  7 28 17  7 23.40  -7.1000  122.7300 578.2 6.0 6.0 FLORES SEA
event name:     C201807281707A
time shift:      1.4917
half duration:   2.5000
latitude:       -7.1162
longitude:     122.5543
depth:         581.3344
Mrr:      -1.183313e+25
Mtt:       1.453352e+25
Mpp:      -2.700391e+24
Mrt:       3.691516e+24
Mrp:       4.060356e+23
Mtp:       1.899197e+23
