 PDE 2011  6 13  2 20 49.30 -43.5600  172.7400   6.1 6.0 6.0 SOUTH ISLAND, NEW ZEALAND
event name:     C201106130220A
time shift:      4.7447
half duration:   2.3000
latitude:      -43.5230
longitude:     172.6216
depth:           7.2612
Mrr:       2.983975e+24
Mtt:       5.435653e+24
Mpp:      -8.419630e+24
Mrt:       3.044318e+24
Mrp:      -2.082415e+24
Mtp:      -7.510233e+24
