 PDE 2016 10 18 16 36 41.80 -23.3300 -179.8400 540.0 6.0 5.9 SOUTH OF FIJI ISLANDS
event name:     C201610181636A
time shift:      1.6183
half duration:   2.3000
latitude:      -23.3866
longitude:    -179.7780
depth:         550.7088
Mrr:       5.152100e+24
Mtt:      -5.056918e+23
Mpp:      -4.646408e+24
Mrt:       2.565086e+24
Mrp:      -9.823977e+24
Mtp:      -7.590130e+23
