 PDE 2014 12 07 21 16 35.70   13.6700  -91.4600  32.0 0.0 6.1 NEAR COAST OF GUATEMALA
event name:   C201412072116A
time shift:           6.2545
half duration:        2.6000
latitude:            13.6554
longitude:          -91.8276
depth:               25.1438
Mrr:            1.025438E+25
Mtt:           -6.719395E+24
Mpp:           -3.534981E+24
Mrt:            7.962150E+24
Mrp:           -7.609166E+24
Mtp:            5.534542E+24
