 PDE 2019  5  8 13 47 19.70 -15.7800  -75.1000  15.3 5.8 5.7 NEAR COAST OF PERU
event name:     C201905081347A
time shift:      4.6501
half duration:   1.9000
latitude:      -15.7976
longitude:     -75.0656
depth:          21.0728
Mrr:       3.441423e+24
Mtt:      -2.849413e+23
Mpp:      -3.156482e+24
Mrt:       6.128354e+23
Mrp:      -3.983447e+24
Mtp:       1.904141e+24
