 PDE 2015  6 15 17 40 53.90  -9.7400  125.2500  20.0 5.8 5.8 TIMOR REGION
event name:     C201506151740A
time shift:      5.9600
half duration:   2.0000
latitude:       -9.6094
longitude:     125.1261
depth:          15.7482
Mrr:       5.076419e+24
Mtt:      -4.978103e+24
Mpp:      -9.831596e+22
Mrt:       3.051851e+24
Mrp:      -1.155559e+24
Mtp:      -2.220241e+24
