 PDE 2014 05 16 11 01 40.00   17.0900  -60.3700   5.3 0.0 5.9 LEEWARD ISLANDS
event name:   C201405161101A
time shift:           6.7314
half duration:        2.1000
latitude:            17.1845
longitude:          -60.2418
depth:               11.4475
Mrr:           -5.278249E+24
Mtt:            7.513191E+23
Mpp:            4.526930E+24
Mrt:           -4.301975E+23
Mrp:            7.024209E+24
Mtp:           -5.762886E+24
