 PDE 2017 12  9 15 14 24.80  10.0900  140.2000  10.0 6.1 6.1 W. CAROLINE ISLANDS, MICRONESIA
event name:     C201712091514A
time shift:      2.7834
half duration:   2.6000
latitude:       10.0259
longitude:     140.1785
depth:           7.1362
Mrr:      -8.723391e+23
Mtt:       1.635827e+25
Mpp:      -1.548593e+25
Mrt:      -2.028665e+24
Mrp:      -5.467210e+24
Mtp:      -2.653788e+24
