 PDE 2012  2  5  0 15 38.90 -18.8900  168.9200 145.0 6.1 6.1 VANUATU ISLANDS
event name:     C201202050015A
time shift:      4.2398
half duration:   2.8000
latitude:      -19.0181
longitude:     168.8816
depth:         150.2474
Mrr:       7.713585e+24
Mtt:      -3.187190e+24
Mpp:      -4.526395e+24
Mrt:      -4.891978e+24
Mrp:      -8.882725e+24
Mtp:       1.192005e+25
