 PDE 2010  8 16  3 30 53.30 -17.7600   65.6500   9.8 6.3 6.3 MAURITIUS - REUNION REGION
event name:     C201008160330A
time shift:      6.2083
half duration:   3.4000
latitude:      -17.7006
longitude:      65.4181
depth:          16.5771
Mrr:      -2.880433e+24
Mtt:      -2.933329e+25
Mpp:       3.221373e+25
Mrt:      -7.076584e+24
Mrp:      -2.142314e+24
Mtp:       1.661032e+25
