 PDE 2015 10 23  4  4 18.10 -45.8100   37.1700  10.0 6.0 6.0 PRINCE EDWARD ISLANDS REGION
event name:     C201510230404A
time shift:      2.8654
half duration:   2.5000
latitude:      -45.6519
longitude:      37.1417
depth:          17.7816
Mrr:      -1.638086e+24
Mtt:      -6.996901e+24
Mpp:       8.634987e+24
Mrt:      -3.345816e+24
Mrp:       1.974994e+24
Mtp:      -1.149752e+25
