 PDE 2019  7  2  9 44 33.20  -1.5200   67.6100  10.0 5.9 5.8 CARLSBERG RIDGE
event name:     C201907020944A
time shift:      4.7119
half duration:   2.1000
latitude:       -1.2245
longitude:      67.5554
depth:           9.9355
Mrr:      -1.342541e+24
Mtt:      -6.621650e+24
Mpp:       7.964190e+24
Mrt:      -2.045421e+24
Mrp:       5.037790e+23
Mtp:      -2.332579e+24
