 PDE 2011  7 31 14 34 47.30 -17.0200  171.5800  10.0 6.1 6.2 VANUATU ISLANDS REGION
event name:     C201107311434A
time shift:      5.3868
half duration:   2.8000
latitude:      -17.0191
longitude:     171.4966
depth:           9.6634
Mrr:      -1.593193e+25
Mtt:       1.489809e+25
Mpp:       1.033849e+24
Mrt:      -1.951724e+24
Mrp:       2.364345e+24
Mtp:      -9.541738e+24
