 PDE 2011  6 26 12 16 38.60  -2.3800  136.6300  17.0 6.4 6.4 IRIAN JAYA REGION, INDONESIA
event name:     C201106261216A
time shift:      3.8401
half duration:   3.7000
latitude:       -2.2673
longitude:     136.6138
depth:          11.0590
Mrr:       1.070245e+24
Mtt:      -4.073963e+25
Mpp:       3.966938e+25
Mrt:      -6.793598e+23
Mrp:       7.171368e+24
Mtp:       1.284282e+25
