 PDE 2016 12  6 22  3 33.40   5.2800   96.1700  13.0 6.6 6.5 NORTHERN SUMATRA, INDONESIA
event name:     201612062203A
time shift:      4.7556
half duration:   4.7000
latitude:        5.2669
longitude:      96.1949
depth:          13.8444
Mrr:       1.248882e+25
Mtt:      -6.837234e+25
Mpp:       5.588352e+25
Mrt:      -4.767031e+25
Mrp:       1.731817e+25
Mtp:       3.050015e+25
