 PDE 2014 11 07 03 33 55.30   -5.9900  148.2300  53.2 0.0 6.6 NEW BRITAIN REGION, P.N.G.
event name:   C201411070333A
time shift:           8.4339
half duration:        5.1000
latitude:            -6.3936
longitude:          148.3596
depth:               40.7235
Mrr:            9.360239E+25
Mtt:           -1.010711E+26
Mpp:            7.468722E+24
Mrt:            4.522348E+25
Mrp:           -7.517299E+24
Mtp:            2.437027E+23
