 PDE 2013 09 04 00 18 24.10   30.0100  138.7900 407.0 0.0 6.5 SOUTHEAST OF HONSHU, JAPAN
event name:   C201309040018A
time shift:           4.1858
half duration:        4.4000
latitude:            30.0213
longitude:          138.7905
depth:              410.5370
Mrr:           -2.954720E+25
Mtt:            2.779307E+25
Mpp:            1.754105E+24
Mrt:            2.653587E+25
Mrp:           -6.748581E+25
Mtp:           -1.818963E+25
