 PDE 2012 11 15  9 20 21.90  18.3500 -100.3800  53.0 6.1 6.1 GUERRERO, MEXICO
event name:     C201211150920A
time shift:      1.4420
half duration:   2.6000
latitude:       18.3104
longitude:    -100.4783
depth:          48.8182
Mrr:      -1.342812e+25
Mtt:       1.224202e+25
Mpp:       1.186102e+24
Mrt:      -3.574170e+24
Mrp:      -2.997082e+23
Mtp:      -4.554608e+24
