 PDE 2011  6 27 23 27 33.50  52.0000 -171.7600  29.0 5.8 5.8 FOX ISLANDS, ALEUTIAN ISLANDS
event name:     C201106272327A
time shift:      2.2610
half duration:   2.0000
latitude:       51.9399
longitude:    -171.7800
depth:          24.4754
Mrr:       1.345510e+24
Mtt:       1.742300e+23
Mpp:      -1.519741e+24
Mrt:       5.318885e+24
Mrp:       2.843515e+24
Mtp:      -9.362278e+23
