 PDE 2014 05 15 10 16 42.00    9.3800  122.0600  15.5 0.0 6.3 NEGROS, PHILIPPINES
event name:   C201405151016A
time shift:           5.2931
half duration:        3.3000
latitude:             9.3989
longitude:          121.9233
depth:               23.4764
Mrr:            2.227171E+25
Mtt:            6.359525E+24
Mpp:           -2.863125E+25
Mrt:            1.096005E+25
Mrp:           -3.173152E+24
Mtp:            7.132759E+24
