 PDE 2016  1  5  2 21 11.80  30.6100  132.7400   7.9 5.9 5.8 SOUTHEAST OF SHIKOKU, JAPAN
event name:     C201601050221A
time shift:      2.3177
half duration:   2.1000
latitude:       30.5649
longitude:     132.8481
depth:          11.4212
Mrr:      -4.267973e+24
Mtt:      -3.911600e+24
Mpp:       8.179573e+24
Mrt:      -3.415844e+23
Mrp:       3.697014e+24
Mtp:       2.590818e+24
