 PDE 2016 11  9 14 50 59.70  -4.7400  149.8700 448.8 6.0 5.9 BISMARCK SEA
event name:     C201611091450A
time shift:      1.7875
half duration:   2.3000
latitude:       -4.6147
longitude:     149.8389
depth:         457.0393
Mrr:       2.166333e+24
Mtt:       3.611754e+24
Mpp:      -5.778087e+24
Mrt:      -3.805712e+24
Mrp:      -2.600064e+24
Mtp:       7.979795e+24
