 PDE 2011 11  7 22 35 25.60  11.5600  -85.8600 177.0 6.0 6.1 NICARAGUA
event name:     C201111072235A
time shift:      0.4554
half duration:   2.5000
latitude:       11.5909
longitude:     -85.9775
depth:         168.2401
Mrr:       8.668646e+24
Mtt:      -4.807524e+24
Mpp:      -3.861122e+24
Mrt:       4.209997e+24
Mrp:      -8.347188e+24
Mtp:       3.335599e+24
