 PDE 2014  5 30  1 20 15.20  25.0000   97.8500  10.0 5.9 5.9 MYANMAR-CHINA BORDER REGION
event name:     C201405300120A
time shift:      0.0717
half duration:   2.2000
latitude:       24.9299
longitude:      97.8986
depth:          12.6885
Mrr:      -6.797541e+23
Mtt:      -1.449608e+24
Mpp:       2.129362e+24
Mrt:       6.796667e+23
Mrp:       1.648827e+24
Mtp:       6.564247e+24
