 PDE 2019  9  1 15 54 20.40 -20.3600 -178.5700 591.0 6.7 6.6 FIJI ISLANDS REGION
event name:     C201909011554A
time shift:      4.4829
half duration:   5.3000
latitude:      -20.4018
longitude:    -178.4992
depth:         612.0699
Mrr:      -7.803343e+25
Mtt:       4.243792e+25
Mpp:       3.559552e+25
Mrt:      -6.716171e+25
Mrp:      -8.426629e+25
Mtp:       2.163709e+25
