 PDE 2017  4  5  6  9 12.20  35.7800   60.4400  13.0 6.0 6.1 NORTHERN AND CENTRAL IRAN
event name:     C201704050609A
time shift:      0.7003
half duration:   2.5000
latitude:       35.8220
longitude:      60.3633
depth:           8.1826
Mrr:       1.005528e+25
Mtt:      -1.021363e+25
Mpp:       1.583548e+23
Mrt:       3.550158e+23
Mrp:       5.101153e+24
Mtp:       5.253537e+24
