 PDE 2010  3  8  2 32 34.70  38.8700   39.9900  12.0 6.0 6.1 TURKEY
event name:     C201003080232A
time shift:      0.2553
half duration:   2.6000
latitude:       38.8178
longitude:      40.0475
depth:          11.4094
Mrr:       1.865862e+23
Mtt:      -9.542458e+24
Mpp:       9.355869e+24
Mrt:       4.755376e+24
Mrp:       1.007439e+24
Mtp:       1.133576e+24
