 PDE 2014  8  3  8 30 13.60  27.1900  103.4100  12.0 6.2 6.2 YUNNAN, CHINA
event name:     C201408030830A
time shift:      1.2015
half duration:   2.9000
latitude:       27.0601
longitude:     103.5064
depth:          12.0435
Mrr:       2.680403e+23
Mtt:       1.091943e+25
Mpp:      -1.118748e+25
Mrt:      -7.056870e+23
Mrp:      -3.787082e+24
Mtp:      -1.539915e+25
