 PDE 2014  5  4 20 18 24.70  34.9100  139.4200 153.0 6.0 6.0 NEAR S. COAST OF HONSHU, JAPAN
event name:     C201405042018A
time shift:      2.2078
half duration:   2.5000
latitude:       34.8895
longitude:     139.4728
depth:         161.8658
Mrr:      -3.365595e+24
Mtt:      -3.401421e+24
Mpp:       6.767016e+24
Mrt:       5.866131e+24
Mrp:       8.962237e+24
Mtp:       2.153017e+24
