 PDE 2014  8 24 10 20 44.10  38.2200 -122.3100  11.2 6.1 6.1 NORTHERN CALIFORNIA
event name:     C201408241020A
time shift:      3.0338
half duration:   2.6000
latitude:       38.3109
longitude:    -122.3831
depth:           7.3910
Mrr:      -4.882298e+23
Mtt:      -9.877867e+24
Mpp:       1.036609e+25
Mrt:      -1.393724e+24
Mrp:      -2.684608e+24
Mtp:       1.001487e+25
