 PDE 2014 05 18 23 47 04.30   -4.4200 -105.9400  10.0 0.0 5.8 CENTRAL EAST PACIFIC RISE
event name:   C201405182347A
time shift:           4.7615
half duration:        2.1000
latitude:            -4.4741
longitude:         -105.7634
depth:               10.4105
Mrr:           -2.845916E+23
Mtt:            2.732835E+24
Mpp:           -2.448245E+24
Mrt:           -1.497768E+24
Mrp:            3.686950E+24
Mtp:            7.750050E+24
