 PDE 2014 08 10 03 43 17.20   41.1600  142.1300  41.0 0.0 6.1 HOKKAIDO, JAPAN REGION
event name:   C201408100343A
time shift:           3.5656
half duration:        2.8000
latitude:            41.2518
longitude:          142.3492
depth:               46.7199
Mrr:            1.362766E+25
Mtt:            5.540052E+23
Mpp:           -1.418167E+25
Mrt:            6.177015E+24
Mrp:            1.089663E+25
Mtp:           -3.725691E+24
