 PDE 2013 11 16 03 34 31.20  -60.2600  -47.0600  10.0 0.0 6.9 SCOTIA SEA
event name:   C201311160334A
time shift:          13.4292
half duration:        6.7000
latitude:           -60.5437
longitude:          -46.9880
depth:               15.6174
Mrr:           -4.360316E+25
Mtt:            7.455419E+25
Mpp:           -3.095102E+25
Mrt:            6.251075E+25
Mrp:            1.315317E+26
Mtp:            2.785042E+26
