 PDE 2010 09 13 05 47 49.00   41.4900  141.9900  60.6 5.8 5.8 HOKKAIDO, JAPAN REGION
event name:   C201009130547A
time shift:           1.0954
half duration:        2.0000
latitude:            41.4715
longitude:          142.2790
depth:               55.6039
Mrr:            5.635643E+24
Mtt:           -3.864699E+23
Mpp:           -5.249174E+24
Mrt:            2.050819E+24
Mrp:            3.670283E+24
Mtp:           -2.046926E+24
