 PDE 2015  5  1  8  6  3.50  -5.2000  151.7800  44.0 6.7 6.8 NEW BRITAIN REGION, P.N.G.
event name:     201505010806A
time shift:      5.4610
half duration:   5.7000
latitude:       -5.4528
longitude:     151.7331
depth:          45.5398
Mrr:       1.470701e+26
Mtt:      -1.484797e+26
Mpp:       1.409519e+24
Mrt:       3.457294e+25
Mrp:      -2.218798e+25
Mtp:      -4.933369e+25
