 PDE 2019 12 23 19 49 43.10  50.6100 -129.9300  10.0 6.0 6.0 VANCOUVER ISLAND, CANADA REGION
event name:     C201912231949A
time shift:      3.9687
half duration:   2.5000
latitude:       50.4786
longitude:    -130.1929
depth:           7.0726
Mrr:      -1.303093e+23
Mtt:      -1.065705e+25
Mpp:       1.078735e+25
Mrt:      -4.059989e+23
Mrp:      -2.144831e+24
Mtp:       3.014997e+24
