 PDE 2011  8 10 23 45 43.00  -7.0400  -12.6200  10.0 6.0 6.0 ASCENSION ISLAND REGION
event name:     C201108102345A
time shift:      3.6594
half duration:   2.4000
latitude:       -6.8945
longitude:     -12.6049
depth:          13.1399
Mrr:      -7.154280e+23
Mtt:      -5.271626e+24
Mpp:       5.987054e+24
Mrt:      -1.453245e+24
Mrp:      -4.544040e+23
Mtp:       1.012505e+25
