 PDE 2017  7 12 19 48  7.80  40.8500  131.6600 545.0 5.9 5.9 SEA OF JAPAN
event name:     C201707121948A
time shift:     -0.2591
half duration:   2.2000
latitude:       40.8935
longitude:     131.5558
depth:         553.7417
Mrr:      -7.477507e+23
Mtt:       6.051841e+24
Mpp:      -5.304090e+24
Mrt:      -1.343584e+24
Mrp:      -4.231009e+24
Mtp:      -4.789617e+24
