 PDE 2012  3  8 22 50  8.40  39.3800   81.3100  38.0 5.8 5.9 SOUTHERN XINJIANG, CHINA
event name:     C201203082250A
time shift:      2.3443
half duration:   2.1000
latitude:       39.4956
longitude:      81.4629
depth:          46.2705
Mrr:       4.401420e+24
Mtt:      -4.797546e+24
Mpp:       3.961259e+23
Mrt:      -1.360820e+24
Mrp:      -1.576718e+24
Mtp:       1.958862e+24
