 PDE 2010 01 18 15 40 26.40   13.7300  -90.1300  54.7 5.4 5.9 NEAR COAST OF GUATEMALA
event name:   C201001181540A
time shift:           4.9487
half duration:        2.2000
latitude:            13.6903
longitude:          -90.5385
depth:               60.9936
Mrr:            2.067085E+24
Mtt:           -2.938305E+24
Mpp:            8.712219E+23
Mrt:            6.470288E+24
Mrp:           -4.545911E+24
Mtp:            9.312156E+23
