 PDE 2012  5 23 22 59 52.70 -50.4200  139.5200  10.0 6.0 6.0 WESTERN INDIAN-ANTARCTIC RIDGE
event name:     C201205232259A
time shift:      1.2456
half duration:   2.5000
latitude:      -50.4782
longitude:     139.4187
depth:           8.5965
Mrr:      -7.981651e+23
Mtt:       9.547448e+23
Mpp:      -1.565795e+23
Mrt:       8.944162e+23
Mrp:      -1.632672e+23
Mtp:      -1.450608e+25
