 PDE 2018  4 29 22 23  5.90 -39.2600   46.1200  10.0 5.9 5.9 SOUTHWEST INDIAN RIDGE
event name:     C201804292223A
time shift:      4.8510
half duration:   2.2000
latitude:      -39.2113
longitude:      46.2019
depth:          13.8771
Mrr:      -8.324023e+23
Mtt:       1.714701e+24
Mpp:      -8.822987e+23
Mrt:       1.355590e+24
Mrp:      -3.093636e+23
Mtp:       8.304749e+24
