 PDE 2014 02 09 14 56 39.10   -5.9700  154.4300  41.8 0.0 6.0 SOLOMON ISLANDS
event name:   C201402091456A
time shift:           5.2568
half duration:        2.2000
latitude:            -6.1822
longitude:          154.2778
depth:               43.4373
Mrr:            1.154036E+25
Mtt:           -6.135338E+24
Mpp:           -5.405015E+24
Mrt:           -4.166677E+23
Mrp:           -1.168688E+23
Mtp:            5.757356E+24
