 PDE 2010  2 26 20 31 27.00  25.9300  128.4300  25.0 7.0 7.0 RYUKYU ISLANDS, JAPAN
event name:     C201002262031A
time shift:      2.4942
half duration:   7.4000
latitude:       25.8695
longitude:     128.6077
depth:          17.3948
Mrr:      -7.642057e+25
Mtt:       3.866810e+25
Mpp:       3.775247e+25
Mrt:       8.155691e+25
Mrp:       8.442843e+25
Mtp:       3.434505e+26
