 PDE 2018  5 15 15 48  9.90 -12.7800   45.5800  17.0 5.9 5.9 NORTHWEST OF MADAGASCAR
event name:     C201805151548A
time shift:      2.3763
half duration:   2.1000
latitude:      -12.8242
longitude:      45.7114
depth:          31.7171
Mrr:      -1.154438e+24
Mtt:       3.494875e+24
Mpp:      -2.340437e+24
Mrt:      -4.169587e+24
Mrp:      -1.855602e+24
Mtp:      -6.754674e+24
