 PDE 2013 09 14 15 42 46.80   51.5500 -174.7200  24.9 0.0 6.0 ANDREANOF ISLANDS, ALEUTIAN IS.
event name:   C201309141542A
time shift:           3.3519
half duration:        2.2000
latitude:            51.4376
longitude:         -174.6854
depth:               22.5725
Mrr:            8.683912E+24
Mtt:           -8.216142E+24
Mpp:           -4.677700E+23
Mrt:            6.494194E+24
Mrp:            2.904050E+24
Mtp:           -3.091064E+24
