 PDE 2013 06 15 16 11 02.50   34.4000   25.0200  10.0 6.0 6.2 CRETE, GREECE
event name:   C201306151611A
time shift:           4.2231
half duration:        3.6000
latitude:            34.1708
longitude:           25.0743
depth:               12.7137
Mrr:            2.829739E+24
Mtt:           -5.219674E+24
Mpp:            2.389936E+24
Mrt:            2.529519E+25
Mrp:           -4.230151E+24
Mtp:           -1.140836E+24
