 PDE 2016  4 10 10 28 58.70  36.4700   71.1300 212.0 6.6 6.6 AFGHANISTAN-TAJIKISTAN BORD REG.
event name:     C201604101028A
time shift:      1.4555
half duration:   5.1000
latitude:       36.4361
longitude:      71.0521
depth:         210.3968
Mrr:       1.117810e+26
Mtt:      -1.187472e+26
Mpp:       6.966286e+24
Mrt:       3.091486e+25
Mrp:       1.954157e+25
Mtp:      -3.025808e+23
