 PDE 2014 12 29 09 29 37.40    8.6300  121.5200   8.0 0.0 6.1 MINDANAO, PHILIPPINES
event name:   C201412290929A
time shift:           3.2478
half duration:        2.9000
latitude:             8.6776
longitude:          121.4509
depth:               13.1610
Mrr:           -4.444789E+24
Mtt:            5.131429E+24
Mpp:           -6.866408E+23
Mrt:           -5.160090E+24
Mrp:           -4.501734E+24
Mtp:           -2.020677E+25
