 PDE 2010  1 19 14 23 38.80  19.0000  -80.8000  10.0 5.9 5.9 CUBA REGION
event name:     C201001191423A
time shift:      2.3319
half duration:   2.2000
latitude:       18.9972
longitude:     -80.9032
depth:          13.2095
Mrr:      -2.342423e+23
Mtt:      -2.887623e+24
Mpp:       3.121865e+24
Mrt:       1.675448e+24
Mrp:      -7.269118e+23
Mtp:       7.174858e+24
