 PDE 2019  4 29 14 19 52.50  10.8600   57.2300  10.0 6.3 6.3 CARLSBERG RIDGE
event name:     C201904291419A
time shift:      2.7140
half duration:   3.5000
latitude:       10.9265
longitude:      57.1430
depth:          11.1427
Mrr:       7.103511e+23
Mtt:      -2.959312e+25
Mpp:       2.888277e+25
Mrt:      -7.932337e+24
Mrp:      -1.373075e+25
Mtp:      -1.657913e+25
