 PDE 2014 06 19 19 54 04.90  -19.8400  -70.8700  10.6 0.0 5.8 NEAR COAST OF NORTHERN CHILE
event name:   C201406191954A
time shift:           5.0745
half duration:        1.9000
latitude:           -19.8036
longitude:          -71.1625
depth:               23.1149
Mrr:            5.599917E+24
Mtt:            4.617498E+23
Mpp:           -6.061666E+24
Mrt:            1.442911E+24
Mrp:           -6.561578E+24
Mtp:            1.235752E+24
