 PDE 2010  1 27 17 42 45.20 -14.1000  -14.5500  10.0 5.8 5.8 SOUTHERN MID-ATLANTIC RIDGE
event name:     C201001271742A
time shift:      1.4654
half duration:   1.9000
latitude:      -14.0398
longitude:     -14.4230
depth:           6.5483
Mrr:      -6.898254e+24
Mtt:       6.212603e+23
Mpp:       6.276994e+24
Mrt:      -6.850101e+22
Mrp:       4.052813e+23
Mtp:      -2.572093e+24
