 PDE 2019  7  3  3 45 28.90 -22.1600 -179.5100 587.0 5.8 5.9 SOUTH OF FIJI ISLANDS
event name:     C201907030345A
time shift:      2.8041
half duration:   2.0000
latitude:      -22.1336
longitude:    -179.5354
depth:         605.3411
Mrr:      -6.498998e+24
Mtt:       2.486313e+24
Mpp:       4.012684e+24
Mrt:      -1.664971e+24
Mrp:      -4.306940e+24
Mtp:       1.668734e+24
