 PDE 2011  4 24 23  7 51.50  -4.5900  122.7700   8.0 6.1 6.1 SULAWESI, INDONESIA
event name:     C201104242307A
time shift:      1.2626
half duration:   2.7000
latitude:       -4.2767
longitude:     122.7937
depth:          12.3728
Mrr:      -2.021066e+24
Mtt:       1.404538e+25
Mpp:      -1.202431e+25
Mrt:       6.132046e+24
Mrp:       7.671006e+24
Mtp:      -5.033794e+24
