 PDE 2012  8  8 10 57 44.30 -16.0200  178.0600  13.0 5.9 5.9 FIJI ISLANDS
event name:     C201208081057A
time shift:      5.4580
half duration:   2.2000
latitude:      -16.0413
longitude:     178.1506
depth:          10.2427
Mrr:      -2.517943e+24
Mtt:      -3.347572e+24
Mpp:       5.865515e+24
Mrt:       2.947704e+23
Mrp:      -1.235429e+24
Mtp:       6.600103e+24
