 PDE 2014 12 08 08 54 52.50    7.9400  -82.6900  20.0 0.0 6.6 SOUTH OF PANAMA
event name:   C201412080854A
time shift:           7.0179
half duration:        4.7000
latitude:             7.9656
longitude:          -82.6355
depth:               20.7482
Mrr:            7.376377E+25
Mtt:           -4.359500E+25
Mpp:           -3.016878E+25
Mrt:            3.724172E+25
Mrp:           -3.442800E+25
Mtp:            3.638034E+25
