 PDE 2012 11 08 02 01 50.60   49.2300 -128.4800  13.7 5.9 6.1 VANCOUVER ISLAND, CANADA REGION
event name:   C201211080201A
time shift:          -0.4609
half duration:        2.9000
latitude:            48.9006
longitude:         -128.8576
depth:               10.9175
Mrr:           -1.531484E+24
Mtt:           -1.994745E+25
Mpp:            2.147893E+25
Mrt:           -5.092865E+24
Mrp:           -3.780081E+24
Mtp:           -3.938208E+24
