 PDE 2016  1 31 17 39  0.00 -63.2600  169.1500  10.0 6.0 6.1 BALLENY ISLANDS REGION
event name:     C201601311739A
time shift:      2.8613
half duration:   2.4000
latitude:      -63.1353
longitude:     169.6878
depth:           8.3561
Mrr:      -1.151286e+24
Mtt:       1.439203e+25
Mpp:      -1.324075e+25
Mrt:      -5.115533e+24
Mrp:      -1.384266e+24
Mtp:      -1.389734e+24
