 PDE 2016  8  4 16 24 33.50  24.9400  142.0100 510.0 6.3 6.3 VOLCANO ISLANDS, JAPAN REGION
event name:     C201608041624A
time shift:      4.6512
half duration:   3.3000
latitude:       24.9836
longitude:     141.9161
depth:         522.5396
Mrr:      -1.224361e+25
Mtt:       4.772746e+24
Mpp:       7.470860e+24
Mrt:      -4.968553e+24
Mrp:      -2.680262e+25
Mtp:      -1.344031e+25
