 PDE 2019  4 18 14 46  1.70 -51.1300  139.3200  10.0 6.3 6.3 WESTERN INDIAN-ANTARCTIC RIDGE
event name:     C201904181446A
time shift:      3.5972
half duration:   3.6000
latitude:      -51.0937
longitude:     139.3566
depth:           5.5906
Mrr:      -1.165412e+24
Mtt:       2.688647e+24
Mpp:      -1.523235e+24
Mrt:      -6.875645e+24
Mrp:      -3.548822e+23
Mtp:      -3.997319e+25
