 PDE 2014  7  7 11 23 54.80  14.7600  -92.4300  53.0 6.9 6.9 NEAR COAST OF CHIAPAS, MEXICO
event name:     201407071123A
time shift:      3.8815
half duration:   6.9000
latitude:       14.7846
longitude:     -92.7543
depth:          58.3507
Mrr:      -2.126940e+26
Mtt:       7.595293e+25
Mpp:       1.367411e+26
Mrt:       1.247143e+26
Mrp:      -1.216098e+26
Mtp:      -1.350329e+26
