 PDE 2017  4  3 17 40 18.60 -22.6800   25.1600  29.0 6.5 6.5 BOTSWANA
event name:     201704031740A
time shift:      5.7994
half duration:   4.3000
latitude:      -22.5281
longitude:      25.1758
depth:          26.6824
Mrr:      -5.736512e+25
Mtt:       2.290372e+25
Mpp:       3.446138e+25
Mrt:      -1.705076e+25
Mrp:       8.666463e+23
Mtp:      -3.733052e+25
