 PDE 2011 11 17 13 30 59.10  13.9800  -91.7300  35.0 5.8 5.8 NEAR COAST OF GUATEMALA
event name:     C201111171330A
time shift:      2.9213
half duration:   2.0000
latitude:       13.9270
longitude:     -92.2323
depth:          25.5656
Mrr:       4.989522e+24
Mtt:      -3.950827e+24
Mpp:      -1.038695e+24
Mrt:       2.730453e+24
Mrp:      -2.093170e+24
Mtp:       2.030927e+24
