 PDE 2014 05 15 08 16 34.40    6.4300  144.9400  11.0 0.0 6.3 E. CAROLINE ISLANDS, MICRONESIA
event name:   C201405150816A
time shift:           5.2246
half duration:        3.5000
latitude:             6.5780
longitude:          144.8712
depth:               17.8850
Mrr:            4.051991E+24
Mtt:            1.667656E+25
Mpp:           -2.072856E+25
Mrt:           -9.002260E+23
Mrp:           -1.390398E+25
Mtp:            4.343430E+25
