 PDE 2011  6  5 11 51 12.00 -55.8400  146.6200   3.0 6.4 6.4 WEST OF MACQUARIE ISLAND
event name:     C201106051151A
time shift:      3.9699
half duration:   4.0000
latitude:      -55.9962
longitude:     146.9159
depth:           8.6106
Mrr:      -2.680468e+24
Mtt:       2.373824e+25
Mpp:      -2.105778e+25
Mrt:       5.023310e+24
Mrp:      -8.123043e+23
Mtp:      -5.538624e+25
