 PDE 2015  7 27  4 49 46.40  52.3800 -169.4500  29.0 6.9 6.9 FOX ISLANDS, ALEUTIAN ISLANDS
event name:     C201507270449A
time shift:      5.6713
half duration:   6.9000
latitude:       52.2318
longitude:    -169.4347
depth:          25.0231
Mrr:       1.894083e+26
Mtt:      -1.511705e+26
Mpp:      -3.823784e+25
Mrt:       1.755829e+26
Mrp:       8.567202e+25
Mtp:      -7.571604e+25
