 PDE 2015  9 18 15 59 42.60  15.2800  -45.9900  10.0 6.0 6.0 NORTHERN MID-ATLANTIC RIDGE
event name:     C201509181559A
time shift:      2.0222
half duration:   2.4000
latitude:       15.3844
longitude:     -45.8162
depth:           7.4716
Mrr:       5.498633e+22
Mtt:      -3.604519e+24
Mpp:       3.549533e+24
Mrt:       3.282263e+24
Mrp:       1.434679e+24
Mtp:      -1.320576e+25
