 PDE 2019 10 23 16  8 14.50  -1.1000  -13.8400  10.0 6.3 6.3 NORTH OF ASCENSION ISLAND
event name:     C201910231608A
time shift:      4.0618
half duration:   3.4000
latitude:       -0.9180
longitude:     -13.7323
depth:           7.3270
Mrr:      -2.922442e+24
Mtt:       1.611486e+25
Mpp:      -1.319242e+25
Mrt:       1.161240e+25
Mrp:      -5.148803e+24
Mtp:      -3.173776e+25
