 PDE 2014  7 29 10 46 15.40  17.7000  -95.6300 117.1 6.4 6.3 OAXACA, MEXICO
event name:     C201407291046A
time shift:      3.1094
half duration:   3.7000
latitude:       17.9685
longitude:     -95.6879
depth:         109.1945
Mrr:      -3.764627e+25
Mtt:       9.890405e+24
Mpp:       2.775586e+25
Mrt:       7.552298e+24
Mrp:      -1.307345e+25
Mtp:      -2.210217e+25
