 PDE 2010 03 04 22 39 26.50  -22.2300  -68.3300 114.0 6.3 6.4 NORTHERN CHILE
event name:   C201003042239A
time shift:           0.7839
half duration:        3.5000
latitude:           -22.3625
longitude:          -68.6869
depth:              111.7015
Mrr:           -2.504731E+25
Mtt:           -7.664854E+24
Mpp:            3.271216E+25
Mrt:           -1.686787E+24
Mrp:           -2.653257E+25
Mtp:           -6.769636E+24
