 PDE 2015  8 24  9 41 26.60 -30.6500 -178.7300 228.0 6.0 6.0 KERMADEC ISLANDS, NEW ZEALAND
event name:     C201508240941A
time shift:      3.0956
half duration:   2.5000
latitude:      -30.3377
longitude:    -178.8533
depth:         239.0449
Mrr:      -3.642490e+24
Mtt:      -3.863335e+24
Mpp:       7.505825e+24
Mrt:      -1.067790e+25
Mrp:       5.281221e+24
Mtp:       3.369545e+24
