 PDE 2010  3 13  2 53 15.20   2.1900  133.0200  10.0 5.8 5.9 IRIAN JAYA REGION, INDONESIA
event name:     C201003130253A
time shift:      3.4737
half duration:   2.0000
latitude:        2.2725
longitude:     133.0206
depth:          10.8539
Mrr:      -7.134160e+24
Mtt:      -1.682683e+23
Mpp:       7.302429e+24
Mrt:       1.491682e+24
Mrp:       1.115689e+24
Mtp:       9.378217e+23
