 PDE 2011 10 04 01 37 29.10   26.7700  140.4300 455.9 5.3 5.7 BONIN ISLANDS, JAPAN REGION
event name:   C201110040137A
time shift:           3.9529
half duration:        1.6000
latitude:            26.7295
longitude:          140.3554
depth:              438.9067
Mrr:           -3.621615E+24
Mtt:            2.126801E+24
Mpp:            1.494811E+24
Mrt:           -2.996948E+24
Mrp:           -3.619222E+23
Mtp:           -1.167753E+24
