 PDE 2010 04 05 22 36 57.20  -19.8600  -68.8400  94.3 5.8 5.8 CHILE-BOLIVIA BORDER REGION
event name:   C201004052236A
time shift:           2.5283
half duration:        1.9000
latitude:           -20.0823
longitude:          -69.3067
depth:              116.8166
Mrr:           -2.676960E+24
Mtt:           -3.110197E+23
Mpp:            2.987978E+24
Mrt:            2.976676E+24
Mrp:           -4.620276E+24
Mtp:           -4.715207E+23
