 PDE 2013 02 01 22 18 33.10  -11.1200  165.3800  10.0 5.7 6.4 SANTA CRUZ ISLANDS
event name:   C201302012218A
time shift:           6.6235
half duration:        3.7000
latitude:           -11.2526
longitude:          165.2628
depth:               15.9694
Mrr:            3.786834E+25
Mtt:           -1.494519E+25
Mpp:           -2.292320E+25
Mrt:            2.675077E+25
Mrp:           -4.052821E+25
Mtp:            1.919173E+25
