 PDE 2018  5  1 19 47 53.60 -18.0200 -177.9400 585.0 5.9 5.9 FIJI ISLANDS REGION
event name:     C201805011947A
time shift:      2.3266
half duration:   2.1000
latitude:      -17.9975
longitude:    -178.0286
depth:         596.7769
Mrr:      -4.545033e+24
Mtt:       2.572876e+24
Mpp:       1.972157e+24
Mrt:      -2.234817e+23
Mrp:      -6.217435e+24
Mtp:       3.871719e+24
