 PDE 2014  4 11 20 29 13.00  11.6400  -85.8800 135.0 6.6 6.6 NICARAGUA
event name:     201404112029A
time shift:      4.3819
half duration:   4.9000
latitude:       11.6904
longitude:     -86.2197
depth:         138.6362
Mrr:       4.630254e+25
Mtt:      -2.451545e+25
Mpp:      -2.178709e+25
Mrt:       4.958949e+25
Mrp:      -7.754250e+25
Mtp:       9.379876e+24
