 PDE 2013 11 13 03 57 40.10   51.5300 -178.9900  20.0 0.0 5.8 ANDREANOF ISLANDS, ALEUTIAN IS.
event name:   C201311130357A
time shift:           4.0906
half duration:        2.0000
latitude:            51.4647
longitude:         -178.7655
depth:               22.5295
Mrr:           -4.423501E+24
Mtt:           -1.724064E+24
Mpp:            6.147566E+24
Mrt:            3.908683E+24
Mrp:            1.588164E+24
Mtp:           -1.661047E+24
