 PDE 2012  4 14 10 56 19.40 -57.6800  -65.3100  15.0 6.2 6.2 DRAKE PASSAGE
event name:     C201204141056A
time shift:      3.2841
half duration:   3.2000
latitude:      -57.5878
longitude:     -65.7618
depth:          17.3910
Mrr:       1.179225e+25
Mtt:       1.682037e+25
Mpp:      -2.861261e+25
Mrt:      -3.988948e+24
Mrp:       3.602473e+24
Mtp:       2.531387e+25
