 PDE 2018 12 19  1 37 40.50 -36.1400 -101.0700  10.0 6.2 6.3 SOUTHEAST OF EASTER ISLAND
event name:     C201812190137A
time shift:      3.1747
half duration:   3.2000
latitude:      -36.1733
longitude:    -101.0728
depth:           9.0916
Mrr:      -3.170440e+24
Mtt:      -3.435246e+24
Mpp:       6.605686e+24
Mrt:       4.097898e+24
Mrp:      -5.918382e+24
Mtp:      -2.668194e+25
