 PDE 2014 01 23 04 59 49.80   13.3600  146.1300   7.0 0.0 5.8 SOUTH OF MARIANA ISLANDS
event name:   C201401230459A
time shift:           8.4041
half duration:        1.9000
latitude:            13.2803
longitude:          146.2999
depth:               11.6488
Mrr:            7.622953E+24
Mtt:           -2.317045E+24
Mpp:           -5.305910E+24
Mrt:           -4.927570E+23
Mrp:            3.926387E+24
Mtp:           -3.940900E+24
