 PDE 2017  9  7 17 26 49.30  27.7800  139.8000 451.0 6.0 6.1 BONIN ISLANDS, JAPAN REGION
event name:     C201709071726A
time shift:      2.8009
half duration:   2.5000
latitude:       27.7958
longitude:     139.7550
depth:         459.9371
Mrr:      -8.097762e+24
Mtt:       3.683386e+24
Mpp:       4.414376e+24
Mrt:       1.387167e+24
Mrp:      -9.924064e+24
Mtp:      -6.833736e+24
