 PDE 2014 08 03 00 22 03.70    0.8300  146.1700  13.0 0.0 6.9 E. CAROLINE ISLANDS, MICRONESIA
event name:   C201408030022A
time shift:           8.1708
half duration:        6.4000
latitude:             0.8826
longitude:          146.2276
depth:               17.0131
Mrr:            9.607251E+25
Mtt:           -1.816936E+26
Mpp:            8.562109E+25
Mrt:           -5.478363E+25
Mrp:            6.839296E+25
Mtp:            2.350659E+26
