 PDE 2019  6 16  5 17 14.90 -31.0000 -178.0800  21.0 6.3 6.3 KERMADEC ISLANDS REGION
event name:     C201906160517A
time shift:      6.8723
half duration:   3.6000
latitude:      -31.0539
longitude:    -177.8106
depth:          32.7731
Mrr:       3.009620e+25
Mtt:      -1.416290e+24
Mpp:      -2.867991e+25
Mrt:       4.504391e+24
Mrp:       2.166498e+25
Mtp:      -8.948601e+24
