 PDE 2013 10 12  2 10 27.30  10.9000  -62.3100  63.0 6.0 6.0 NEAR COAST OF VENEZUELA
event name:     C201310120210A
time shift:      4.4090
half duration:   2.4000
latitude:       10.8625
longitude:     -62.1704
depth:          76.6518
Mrr:       3.442118e+24
Mtt:      -3.118165e+24
Mpp:      -3.239536e+23
Mrt:       1.082646e+25
Mrp:       4.091804e+24
Mtp:       3.807861e+24
