 PDE 2012 11 02 18 17 32.70    9.2100  126.1600  37.0 0.0 6.1 MINDANAO, PHILIPPINES
event name:   C201211021817A
time shift:           4.6661
half duration:        2.7000
latitude:             9.2141
longitude:          126.4705
depth:               44.6539
Mrr:            1.892882E+25
Mtt:            7.244838E+23
Mpp:           -1.965332E+25
Mrt:            2.610038E+24
Mrp:            4.192939E+24
Mtp:            2.623335E+24
