 PDE 2012  1 28 17 42 51.70 -29.4300 -177.3900  21.0 5.9 5.9 KERMADEC ISLANDS, NEW ZEALAND
event name:     C201201281742A
time shift:      6.2552
half duration:   2.1000
latitude:      -29.2144
longitude:    -176.9616
depth:          31.2855
Mrr:       5.878329e+24
Mtt:      -4.498799e+23
Mpp:      -5.428449e+24
Mrt:       1.002937e+24
Mrp:       4.342969e+24
Mtp:      -1.749294e+24
