 PDE 2013 09 04 02 32 30.80   51.5900 -174.7300  20.0 0.0 6.5 ANDREANOF ISLANDS, ALEUTIAN IS.
event name:   C201309040232A
time shift:           5.5964
half duration:        4.4000
latitude:            51.3612
longitude:         -174.8195
depth:               21.6353
Mrr:            6.932019E+25
Mtt:           -6.170875E+25
Mpp:           -7.611420E+24
Mrt:            5.288137E+25
Mrp:            2.804796E+25
Mtp:           -2.442194E+25
