 PDE 2014 03 16 21 16 29.60  -19.9800  -70.7000  20.0 0.0 6.7 NEAR COAST OF NORTHERN CHILE
event name:   C201403162116A
time shift:           7.1275
half duration:        5.3000
latitude:           -19.9373
longitude:          -70.9273
depth:               12.3201
Mrr:            1.103125E+26
Mtt:           -8.065383E+25
Mpp:           -2.965868E+25
Mrt:            4.659769E+25
Mrp:           -1.035892E+26
Mtp:            3.229788E+25
