 PDE 2013 04 22 01 16 32.80   18.0800 -102.1800  30.0 5.6 6.0 MICHOACAN, MEXICO
event name:   C201304220116A
time shift:           2.4004
half duration:        2.7000
latitude:            18.0483
longitude:         -102.1875
depth:               26.5480
Mrr:            1.346562E+25
Mtt:           -1.072585E+25
Mpp:           -2.739765E+24
Mrt:           -7.081764E+24
Mrp:            6.886952E+24
Mtp:            7.629348E+24
