 PDE 2015 11  8 16 47  2.20   6.8400   94.6500  10.0 6.5 6.6 NICOBAR ISLANDS, INDIA REGION
event name:     201511081647A
time shift:      9.2649
half duration:   4.6000
latitude:        6.7518
longitude:      94.7547
depth:           9.5350
Mrr:      -2.553750e+24
Mtt:      -7.495144e+25
Mpp:       7.750519e+25
Mrt:      -1.796034e+25
Mrp:      -6.137793e+24
Mtp:       2.266538e+25
