 PDE 2014 04 30 15 52 40.80   -1.1700  -13.4600  10.0 0.0 5.7 NORTH OF ASCENSION ISLAND
event name:   C201404301552A
time shift:           9.9762
half duration:        1.9000
latitude:            -0.6950
longitude:          -13.5293
depth:               13.8598
Mrr:           -1.129481E+24
Mtt:            3.363206E+24
Mpp:           -2.233723E+24
Mrt:            8.784707E+23
Mrp:            1.422900E+24
Mtp:           -6.246582E+24
