 PDE 2019  9 14 16 21 27.60  -0.9800  128.5400   4.4 5.9 5.8 HALMAHERA, INDONESIA
event name:     C201909141621A
time shift:      5.2389
half duration:   2.1000
latitude:       -0.9405
longitude:     128.5680
depth:           9.0928
Mrr:       5.020890e+24
Mtt:      -3.343229e+24
Mpp:      -1.677662e+24
Mrt:       9.132602e+23
Mrp:       3.331995e+24
Mtp:       5.751963e+24
