 PDE 2018  2 19  6 56 58.20  16.2900  -97.7300  22.0 5.9 5.9 OAXACA, MEXICO
event name:     C201802190657A
time shift:      4.3254
half duration:   2.2000
latitude:       16.5813
longitude:     -97.6284
depth:          23.9815
Mrr:       4.894970e+24
Mtt:      -4.129038e+24
Mpp:      -7.659318e+23
Mrt:       6.081681e+24
Mrp:      -3.417984e+24
Mtp:       1.603600e+24
