 PDE 2013 05 27 03 36 30.10   14.5500   53.8900  10.3 5.4 5.9 OWEN FRACTURE ZONE REGION
event name:   C201305270336A
time shift:           4.1874
half duration:        2.2000
latitude:            14.5240
longitude:           53.7058
depth:               14.9737
Mrr:           -1.215737E+24
Mtt:            8.606606E+24
Mpp:           -7.390869E+24
Mrt:            4.175342E+24
Mrp:            6.193486E+23
Mtp:            7.165417E+24
