 PDE 2015 12  9 10 21 48.50  -4.1100  129.5100  21.0 6.8 6.9 BANDA SEA
event name:     201512091021A
time shift:      6.8751
half duration:   6.1000
latitude:       -4.1724
longitude:     129.4726
depth:          11.4355
Mrr:       2.214597e+26
Mtt:      -2.124025e+26
Mpp:      -9.057099e+24
Mrt:      -1.727544e+25
Mrp:      -2.688735e+24
Mtp:       1.090003e+26
