 PDE 2018  2 27 17 29 22.60 -60.2500  150.7800  10.0 6.0 6.1 WEST OF MACQUARIE ISLAND
event name:     C201802271729A
time shift:      5.8496
half duration:   2.5000
latitude:      -60.2145
longitude:     150.1971
depth:           5.0331
Mrr:      -2.509055e+23
Mtt:       8.624016e+24
Mpp:      -8.373111e+24
Mrt:      -3.845553e+24
Mrp:       7.751921e+23
Mtp:      -9.481816e+24
