 PDE 2012  3 21 22 15  6.10  -6.2400  145.9600 118.0 6.6 6.6 NEW GUINEA, PAPUA NEW GUINEA
event name:     201203212215A
time shift:      3.9994
half duration:   4.9000
latitude:       -6.2819
longitude:     145.9482
depth:         120.7591
Mrr:      -6.110638e+25
Mtt:       8.461735e+25
Mpp:      -2.351098e+25
Mrt:      -3.218805e+25
Mrp:      -1.062789e+25
Mtp:      -5.105953e+25
