 PDE 2016  4  2  5 50  0.00  57.0100 -157.9300  11.4 6.2 6.2 ALASKA PENINSULA
event name:     C201604020550A
time shift:      6.3568
half duration:   3.2000
latitude:       57.2031
longitude:    -157.6637
depth:           8.8380
Mrr:       2.257301e+25
Mtt:      -2.113333e+25
Mpp:      -1.439690e+24
Mrt:      -7.560803e+24
Mrp:      -2.634368e+24
Mtp:      -7.506167e+24
