 PDE 2014 04 20 04 17 31.60   -6.8300  154.5500  11.0 0.0 5.8 SOLOMON ISLANDS
event name:   C201404200417A
time shift:           4.8678
half duration:        1.9000
latitude:            -6.9994
longitude:          154.7034
depth:               17.2424
Mrr:            4.347998E+24
Mtt:           -2.948154E+24
Mpp:           -1.399843E+24
Mrt:            4.070234E+24
Mrp:           -2.939001E+24
Mtp:            2.184625E+24
