 PDE 2015  8 13 10 39 53.80 -37.0100   78.0600  10.0 6.0 6.0 MID-INDIAN RIDGE
event name:     C201508131039A
time shift:      3.7961
half duration:   2.3000
latitude:      -36.7885
longitude:      78.4923
depth:           8.7503
Mrr:      -2.484143e+23
Mtt:      -1.130517e+25
Mpp:       1.155359e+25
Mrt:       5.873430e+23
Mrp:       2.536290e+24
Mtp:       1.034308e+24
