 PDE 2014 06 29 14 32 49.40  -55.3600  -28.1100  10.0 0.0 6.0 SOUTH SANDWICH ISLANDS REGION
event name:   C201406291432A
time shift:           6.9697
half duration:        2.5000
latitude:           -55.2662
longitude:          -28.0312
depth:               14.0004
Mrr:            1.502183E+25
Mtt:           -1.040322E+25
Mpp:           -4.618596E+24
Mrt:           -8.404396E+24
Mrp:            6.255255E+24
Mtp:            8.816419E+24
