 PDE 2013 12 01 01 24 13.60   -7.0100  128.4100  10.0 0.0 6.4 BANDA SEA
event name:   C201312010124A
time shift:           5.0143
half duration:        4.3000
latitude:            -7.0241
longitude:          128.2896
depth:               12.7953
Mrr:            6.649962E+25
Mtt:           -8.075619E+25
Mpp:            1.425657E+25
Mrt:           -4.552452E+25
Mrp:           -3.065157E+25
Mtp:           -2.885931E+25
