 PDE 2017  3 29  4  9 24.20  56.9400  162.7900  17.0 6.6 6.6 NEAR EAST COAST OF KAMCHATKA
event name:     201703290409A
time shift:      5.4771
half duration:   4.9000
latitude:       56.9984
longitude:     163.1020
depth:          15.5615
Mrr:       8.569993e+25
Mtt:      -1.360382e+25
Mpp:      -7.209612e+25
Mrt:      -1.887488e+25
Mrp:      -8.073039e+24
Mtp:      -4.160526e+25
