 PDE 2017 12 15 16 47 58.20  -7.4900  108.1700  90.0 6.5 6.5 JAVA, INDONESIA
event name:     201712151647A
time shift:      1.9321
half duration:   4.6000
latitude:       -7.9175
longitude:     108.1075
depth:         104.9274
Mrr:       2.157940e+25
Mtt:       4.608189e+25
Mpp:      -6.766129e+25
Mrt:       3.438537e+25
Mrp:      -2.587625e+25
Mtp:      -2.341282e+25
