 PDE 2018  2 28  2 45 45.40  -6.1700  142.4700  16.0 6.2 6.1 NEW GUINEA, PAPUA NEW GUINEA
event name:     C201802280245A
time shift:      3.4056
half duration:   3.0000
latitude:       -6.2426
longitude:     142.4067
depth:          10.5845
Mrr:       8.347317e+24
Mtt:      -8.403552e+24
Mpp:       5.623527e+22
Mrt:       1.465308e+25
Mrp:      -1.657838e+25
Mtp:       5.583585e+24
