 PDE 2014 09 06 06 53 11.80  -26.6500 -114.5000   7.0 0.0 6.1 EASTER ISLAND REGION
event name:   C201409060653A
time shift:           4.8265
half duration:        2.8000
latitude:           -26.8903
longitude:         -114.5625
depth:                9.7120
Mrr:           -1.570347E+25
Mtt:            4.202273E+24
Mpp:            1.150119E+25
Mrt:            8.528731E+23
Mrp:           -1.988918E+23
Mtp:           -1.669110E+25
