 PDE 2012 11 17 05 12 56.80  -18.3800 -172.3200  10.0 5.8 5.9 TONGA ISLANDS REGION
event name:   C201211170512A
time shift:           3.3352
half duration:        2.1000
latitude:           -18.4657
longitude:         -171.9912
depth:               11.9275
Mrr:           -7.926900E+24
Mtt:           -1.363758E+24
Mpp:            9.290660E+24
Mrt:           -1.563460E+24
Mrp:            5.237721E+24
Mtp:            3.227418E+24
