 PDE 2018  9 28  6 59 59.70  -0.4000  119.7700   5.0 6.1 6.1 MINAHASSA PENINSULA, SULAWESI
event name:     C201809280700A
time shift:      2.3981
half duration:   2.6000
latitude:       -0.2505
longitude:     119.8935
depth:           8.8382
Mrr:      -2.900464e+24
Mtt:       1.307817e+23
Mpp:       2.769682e+24
Mrt:      -6.582734e+24
Mrp:      -2.396998e+24
Mtp:      -1.275236e+25
