 PDE 2015 11 17  7 10  7.30  38.6700   20.6000  11.0 6.5 6.5 GREECE
event name:     C201511170710A
time shift:      4.4251
half duration:   4.3000
latitude:       38.4588
longitude:      20.5363
depth:          12.0631
Mrr:       6.578426e+23
Mtt:       4.396802e+25
Mpp:      -4.462587e+25
Mrt:       2.938062e+25
Mrp:      -9.148510e+24
Mtp:       4.369068e+25
