 PDE 2012  6  7 16  3 18.90 -15.8800  -72.4100 110.0 6.2 6.1 SOUTHERN PERU
event name:     C201206071603A
time shift:      1.4460
half duration:   2.9000
latitude:      -15.9744
longitude:     -72.7015
depth:         119.3754
Mrr:       1.797393e+24
Mtt:      -1.252037e+25
Mpp:       1.072298e+25
Mrt:      -2.628895e+24
Mrp:      -1.115580e+25
Mtp:      -1.108602e+25
