 PDE 2014  5  8 17  0 14.80  17.2400 -100.7500  17.1 6.5 6.4 GUERRERO, MEXICO
event name:     C201405081700A
time shift:      5.3653
half duration:   4.2000
latitude:       17.3540
longitude:    -100.7503
depth:          21.7533
Mrr:       4.180397e+25
Mtt:      -3.460832e+25
Mpp:      -7.195646e+24
Mrt:       3.726331e+25
Mrp:      -2.264923e+25
Mtp:       1.575097e+25
