 PDE 2014 03 18 21 26 45.40  -19.9300  -70.8000   3.3 0.0 5.8 NEAR COAST OF NORTHERN CHILE
event name:   C201403182126A
time shift:           5.8956
half duration:        2.0000
latitude:           -20.0105
longitude:          -71.0213
depth:               13.1764
Mrr:            5.015305E+24
Mtt:           -1.897948E+23
Mpp:           -4.825512E+24
Mrt:           -1.908793E+23
Mrp:           -8.941889E+24
Mtp:           -8.117613E+23
