 PDE 2014 06 29 14 20 37.20  -55.4100  -28.1100  10.0 0.0 5.8 SOUTH SANDWICH ISLANDS REGION
event name:   C201406291420A
time shift:           6.6917
half duration:        2.1000
latitude:           -55.2472
longitude:          -27.9453
depth:               13.5177
Mrr:            6.914329E+24
Mtt:           -3.376192E+24
Mpp:           -3.538135E+24
Mrt:           -4.364283E+24
Mrp:            5.563462E+24
Mtp:            5.966144E+24
