 PDE 2012  4 17 19  3 56.40 -59.0100  -16.6200  12.0 6.2 6.2 EAST OF SOUTH SANDWICH ISLANDS
event name:     C201204171903A
time shift:      3.6100
half duration:   3.0000
latitude:      -59.2596
longitude:     -16.3426
depth:          11.8752
Mrr:      -1.322322e+25
Mtt:      -4.749971e+24
Mpp:       1.797319e+25
Mrt:       1.581854e+24
Mrp:       4.474197e+24
Mtp:       2.314535e+25
