 PDE 2017  6  2 22 24 47.40  54.0300  170.9200   5.0 6.7 6.8 NEAR ISLANDS, ALEUTIAN ISLANDS
event name:     201706022224A
time shift:      7.7115
half duration:   5.7000
latitude:       54.1330
longitude:     170.7587
depth:          11.9969
Mrr:       1.319576e+25
Mtt:      -1.863398e+26
Mpp:       1.731440e+26
Mrt:      -1.465817e+25
Mrp:       2.461599e+24
Mtp:      -3.685781e+25
