 PDE 2013 07 04 17 15 54.50   -7.0300  155.7300  29.0 5.7 6.1 SOLOMON ISLANDS
event name:   C201307041716A
time shift:           5.3464
half duration:        2.5000
latitude:            -7.2121
longitude:          155.6858
depth:               39.9656
Mrr:            1.497534E+25
Mtt:           -1.058040E+25
Mpp:           -4.394940E+24
Mrt:           -7.912100E+23
Mrp:           -4.258487E+24
Mtp:            8.474478E+24
