 PDE 2010 04 10 16 54 24.20  -20.1100 -176.2200 272.9 5.5 6.0 FIJI ISLANDS REGION
event name:   C201004101654A
time shift:           1.0026
half duration:        2.2000
latitude:           -20.1185
longitude:         -175.7400
depth:              275.7209
Mrr:           -1.795272E+23
Mtt:            1.902225E+24
Mpp:           -1.722696E+24
Mrt:            2.054592E+24
Mrp:            9.825376E+24
Mtp:            2.894178E+24
