 PDE 2016  7 23  1  0 20.90  47.7000  146.9200 408.0 5.8 5.8 NORTHWEST OF KURIL ISLANDS
event name:     C201607230100A
time shift:      1.2003
half duration:   2.0000
latitude:       47.6753
longitude:     146.9147
depth:         419.6255
Mrr:       3.757445e+24
Mtt:       1.672402e+24
Mpp:      -5.429847e+24
Mrt:       6.584982e+23
Mrp:      -4.440984e+24
Mtp:      -1.058706e+23
