 PDE 2018 10 29 23 26  9.00  -4.5700 -105.9200  10.0 5.9 5.8 CENTRAL EAST PACIFIC RISE
event name:     C201810292326A
time shift:     -0.0526
half duration:   2.1000
latitude:       -4.4259
longitude:    -105.9585
depth:           7.2239
Mrr:      -4.764659e+23
Mtt:       2.778612e+24
Mpp:      -2.302146e+24
Mrt:      -1.011949e+23
Mrp:       1.624673e+24
Mtp:       7.557362e+24
