 PDE 2011  9  3 16 20 41.00 -38.4400  -74.9100  12.0 5.8 5.8 OFF COAST OF CENTRAL CHILE
event name:     C201109031620A
time shift:     15.8153
half duration:   2.0000
latitude:      -38.2803
longitude:     -74.1659
depth:          18.7381
Mrr:       3.225361e+24
Mtt:       1.100313e+23
Mpp:      -3.335392e+24
Mrt:       1.601707e+23
Mrp:      -4.797188e+24
Mtp:      -1.923395e+23
