 PDE 2017  8 27  4 17 51.00  -1.4500  148.0800   8.0 6.3 6.3 ADMIRALTY ISLANDS REGION, P.N.G.
event name:     201708270417A
time shift:      3.9991
half duration:   3.5000
latitude:       -1.2442
longitude:     148.1400
depth:          14.2114
Mrr:      -8.342460e+24
Mtt:      -3.527910e+25
Mpp:       4.362156e+25
Mrt:       2.938326e+24
Mrp:       3.665681e+24
Mtp:       2.754306e+24
