 PDE 2018 10 25 22 54 52.60  37.5200   20.5600  14.0 6.8 6.8 IONIAN SEA
event name:     C201810252254A
time shift:      6.5584
half duration:   5.2000
latitude:       37.2716
longitude:      20.6106
depth:          15.0704
Mrr:       2.696952e+25
Mtt:       2.550319e+25
Mpp:      -5.247272e+25
Mrt:       1.537317e+26
Mrp:      -8.612094e+25
Mtp:       8.864175e+25
