 PDE 2017  5 12 10 41 26.70  12.9100  -90.0700  16.0 6.2 6.2 OFF COAST OF CENTRAL AMERICA
event name:     C201705121041A
time shift:      0.9375
half duration:   3.1000
latitude:       12.6697
longitude:     -90.3764
depth:          15.8411
Mrr:      -2.490869e+25
Mtt:      -4.703767e+24
Mpp:       2.961245e+25
Mrt:       9.946869e+24
Mrp:      -1.357708e+24
Mtp:      -3.605347e+24
