 PDE 2013 02 28 03 09 44.50  -17.7200  167.3400  18.0 6.0 5.9 VANUATU ISLANDS
event name:   C201302280309A
time shift:           4.0614
half duration:        2.1000
latitude:           -17.7430
longitude:          167.1858
depth:               35.5535
Mrr:            5.549144E+24
Mtt:           -3.106190E+24
Mpp:           -2.442956E+24
Mrt:            3.798559E+23
Mrp:           -4.959155E+24
Mtp:            5.214082E+24
