 PDE 2011  7 21 23  1 42.50 -62.5000  164.4500  10.0 5.9 5.9 BALLENY ISLANDS REGION
event name:     C201107212301A
time shift:      3.5352
half duration:   2.2000
latitude:      -62.3436
longitude:     165.4379
depth:           9.9505
Mrr:      -9.012603e+23
Mtt:       9.327124e+24
Mpp:      -8.425864e+24
Mrt:      -4.066869e+24
Mrp:      -5.058417e+23
Mtp:      -3.323166e+24
