 PDE 2014 02 05 20 52 33.40  -61.3900  154.4500  10.0 0.0 5.9 BALLENY ISLANDS REGION
event name:   C201402052052A
time shift:           5.2539
half duration:        2.0000
latitude:           -61.4295
longitude:          154.1833
depth:               14.8711
Mrr:           -5.506436E+23
Mtt:            6.912184E+24
Mpp:           -6.361542E+24
Mrt:            1.411950E+24
Mrp:            1.120560E+24
Mtp:           -5.100366E+24
