 PDE 2014 02 12 09 19 49.10   35.9000   82.5900  10.0 0.0 6.9 XIZANG
event name:   C201402120919A
time shift:           6.6673
half duration:        6.9000
latitude:            36.2214
longitude:           82.5698
depth:               19.3626
Mrr:           -3.081293E+25
Mtt:           -2.657064E+26
Mpp:            2.965192E+26
Mrt:            3.318463E+25
Mrp:           -1.211650E+25
Mtp:            1.895244E+26
