 PDE 2018  3 10 21 45 36.30  -1.4200  -15.2100  10.0 6.0 5.9 NORTH OF ASCENSION ISLAND
event name:     C201803102145A
time shift:      3.3622
half duration:   2.3000
latitude:       -1.1160
longitude:     -15.1264
depth:          13.5926
Mrr:      -1.051275e+24
Mtt:       4.453530e+24
Mpp:      -3.402256e+24
Mrt:       1.701904e+24
Mrp:       3.401760e+24
Mtp:      -9.663615e+24
