 PDE 2014 01 21 01 29 07.00  -15.1400 -174.6800   6.1 0.0 6.1 TONGA ISLANDS
event name:   C201401210129A
time shift:          10.6190
half duration:        3.0000
latitude:           -15.2721
longitude:         -174.8585
depth:               10.4834
Mrr:           -2.399729E+24
Mtt:            1.898956E+25
Mpp:           -1.658983E+25
Mrt:            5.510794E+24
Mrp:           -3.078731E+24
Mtp:            2.021928E+25
