 PDE 2016  6  7 10 51 37.70  18.3600 -105.1700  10.0 6.3 6.3 OFF COAST OF JALISCO, MEXICO
event name:     C201606071051A
time shift:      1.5082
half duration:   3.3000
latitude:       18.4197
longitude:    -105.3321
depth:           7.3052
Mrr:       3.859043e+23
Mtt:      -1.852698e+24
Mpp:       1.466795e+24
Mrt:       3.800033e+24
Mrp:      -3.128701e+24
Mtp:      -2.813955e+25
