 PDE 2014  6 14  3 58 41.70  36.4500   70.7200 200.0 5.6 5.6 HINDU KUSH REGION, AFGHANISTAN
event name:     C201406140358A
time shift:      3.1871
half duration:   1.6000
latitude:       36.4860
longitude:      70.6087
depth:         203.5340
Mrr:       1.985205e+24
Mtt:      -1.551590e+24
Mpp:      -4.336153e+23
Mrt:       1.988828e+24
Mrp:      -1.442423e+24
Mtp:       6.167327e+23
