 PDE 2017 12  8  0 22 54.20  10.1200  140.2200  12.8 6.4 6.4 W. CAROLINE ISLANDS, MICRONESIA
event name:     201712080022A
time shift:      3.1455
half duration:   4.0000
latitude:       10.0895
longitude:     140.1547
depth:          15.0377
Mrr:       5.069336e+24
Mtt:       4.043312e+25
Mpp:      -4.550245e+25
Mrt:      -3.426822e+25
Mrp:       4.241474e+24
Mtp:      -2.550171e+25
