 PDE 2010  7 14  8 32 21.50 -38.0700  -73.3100  22.0 6.6 6.6 NEAR COAST OF CENTRAL CHILE
event name:     201007140832A
time shift:      5.1137
half duration:   5.0000
latitude:      -38.3325
longitude:     -73.8953
depth:          15.2228
Mrr:       2.546534e+25
Mtt:       8.070142e+23
Mpp:      -2.627234e+25
Mrt:       9.152843e+22
Mrp:      -8.222536e+25
Mtp:      -1.970873e+24
