 PDE 2016  8  4 14 15 12.90 -22.3300  -66.0100 270.0 6.1 6.2 JUJUY PROVINCE, ARGENTINA
event name:     C201608041415A
time shift:      3.2447
half duration:   2.9000
latitude:      -22.1808
longitude:     -66.0169
depth:         271.6183
Mrr:       4.041916e+24
Mtt:      -2.275273e+24
Mpp:      -1.766642e+24
Mrt:       2.784727e+24
Mrp:      -1.966503e+25
Mtp:      -1.501513e+23
