 PDE 2019 10  1  3 56  7.10 -55.9200 -122.5700  10.0 5.9 5.8 SOUTHERN EAST PACIFIC RISE
event name:     C201910010356A
time shift:      1.9448
half duration:   2.3000
latitude:      -56.1238
longitude:    -122.6668
depth:           6.2918
Mrr:      -4.299534e+23
Mtt:       4.992480e+24
Mpp:      -4.562527e+24
Mrt:      -9.236401e+23
Mrp:      -3.080239e+24
Mtp:       7.369666e+24
