 PDE 2011  9 15  7 53 18.80 -35.3100 -179.0300  10.0 6.0 6.2 EAST OF NORTH ISLAND, N.Z.
event name:     C201109150753A
time shift:      3.7046
half duration:   2.4000
latitude:      -35.1805
longitude:    -178.6782
depth:           9.9525
Mrr:      -1.379738e+25
Mtt:      -1.568620e+24
Mpp:       1.536600e+25
Mrt:      -1.959382e+24
Mrp:       1.274484e+24
Mtp:       3.553775e+24
