 PDE 2013 02 22 12 01 58.20  -27.9300  -63.1000 575.2 5.8 6.2 SANTIAGO DEL ESTERO PROV., ARG.
event name:   C201302221201A
time shift:           2.9729
half duration:        2.7000
latitude:           -27.8980
longitude:          -63.0108
depth:              585.8258
Mrr:           -7.898825E+24
Mtt:           -5.157063E+24
Mpp:            1.305590E+25
Mrt:           -8.512920E+24
Mrp:            1.284091E+25
Mtp:           -6.093455E+24
