 PDE 2016  2 12 10  2 24.00  -9.6300  119.4000  28.0 6.2 6.3 SUMBA REGION, INDONESIA
event name:     C201602121002A
time shift:      4.1056
half duration:   3.2000
latitude:       -9.8657
longitude:     119.3495
depth:          37.9085
Mrr:       2.215548e+25
Mtt:      -2.402698e+25
Mpp:       1.871504e+24
Mrt:       1.951657e+25
Mrp:      -3.260658e+24
Mtp:       1.117224e+24
