 PDE 2015  1 28  2 43 19.40 -20.9700 -178.3000 484.1 6.2 6.2 FIJI ISLANDS REGION
event name:     C201501280243A
time shift:      2.8100
half duration:   3.0000
latitude:      -20.9726
longitude:    -178.2290
depth:         488.5203
Mrr:      -1.589479e+25
Mtt:      -1.424493e+24
Mpp:       1.731928e+25
Mrt:      -1.320425e+25
Mrp:      -8.329473e+24
Mtp:      -6.035318e+24
