 PDE 2017  3  5 22 47 54.00  -5.9900  149.3600  37.0 6.3 6.3 NEW BRITAIN REGION, P.N.G.
event name:     201703052247A
time shift:      4.7059
half duration:   3.5000
latitude:       -6.2863
longitude:     149.5300
depth:          43.3047
Mrr:       3.244700e+25
Mtt:      -3.655114e+25
Mpp:       4.104137e+24
Mrt:       6.121951e+24
Mrp:      -1.377346e+24
Mtp:      -1.434323e+24
