 PDE 2010  5  5  9 38 23.00 -35.9500 -103.0600  10.0 5.9 5.9 SOUTHEAST OF EASTER ISLAND
event name:     C201005050938A
time shift:      5.7975
half duration:   2.2000
latitude:      -35.9455
longitude:    -103.3492
depth:          14.4016
Mrr:      -3.852873e+23
Mtt:      -2.175615e+24
Mpp:       2.560902e+24
Mrt:      -4.624981e+23
Mrp:      -1.381747e+24
Mtp:      -8.737757e+24
