 PDE 2018  1 24 10 51 19.10  41.1000  142.4300  31.0 6.4 6.3 HOKKAIDO, JAPAN REGION
event name:     201801241051A
time shift:      5.6624
half duration:   4.0000
latitude:       41.0747
longitude:     142.5063
depth:          39.7881
Mrr:       3.249068e+25
Mtt:       1.562339e+24
Mpp:      -3.405302e+25
Mrt:       1.540776e+25
Mrp:       2.963878e+25
Mtp:      -1.001813e+25
