 PDE 2018 10 10 18 44 55.30  -7.4500  114.4600   9.0 6.0 6.0 BALI SEA
event name:     C201810101844A
time shift:      2.1034
half duration:   2.4000
latitude:       -7.4483
longitude:     114.4743
depth:          12.4921
Mrr:       9.917441e+24
Mtt:      -8.533634e+24
Mpp:      -1.383808e+24
Mrt:      -1.572072e+24
Mrp:       2.419561e+24
Mtp:       4.110719e+24
