 PDE 2019  6 24  1  5 29.50  -2.7800  138.5700  28.0 6.1 6.1 IRIAN JAYA, INDONESIA
event name:     C201906240105A
time shift:      0.9958
half duration:   2.8000
latitude:       -2.6440
longitude:     138.5807
depth:          19.4031
Mrr:       1.714063e+25
Mtt:      -1.147058e+25
Mpp:      -5.670045e+24
Mrt:       7.266556e+23
Mrp:      -3.110772e+23
Mtp:       8.795878e+24
