 PDE 2011 10 23 20 45 34.90  38.6300   43.0800   5.0 6.0 6.0 TURKEY
event name:     C201110232045A
time shift:      3.5346
half duration:   2.3000
latitude:       38.5121
longitude:      43.0724
depth:          10.3884
Mrr:       7.835237e+24
Mtt:      -8.007089e+24
Mpp:       1.718524e+23
Mrt:       1.333703e+24
Mrp:      -1.094560e+24
Mtp:       2.667143e+24
