 PDE 2013 12 28 18 59 04.90   -1.3700  -15.1700  10.2 0.0 5.8 NORTH OF ASCENSION ISLAND
event name:   C201312281859A
time shift:           5.6278
half duration:        2.2000
latitude:            -1.0824
longitude:          -15.0339
depth:               17.3393
Mrr:           -7.920135E+23
Mtt:            4.381435E+24
Mpp:           -3.589420E+24
Mrt:            9.547015E+23
Mrp:            3.435547E+24
Mtp:           -9.289560E+24
