 PDE 2018  8 12 21 15  1.80  69.5200 -144.3600   1.7 6.0 6.0 NORTHERN ALASKA
event name:     C201808122115A
time shift:      2.0634
half duration:   2.5000
latitude:       69.6798
longitude:    -144.2485
depth:          12.4080
Mrr:      -1.075187e+24
Mtt:      -6.123884e+24
Mpp:       7.199071e+24
Mrt:       2.081177e+24
Mrp:      -2.368526e+24
Mtp:      -8.578050e+24
