 PDE 2014 04 20 00 15 58.10   -7.1600  155.3400  20.0 0.0 6.2 SOLOMON ISLANDS
event name:   C201404200015A
time shift:           4.0779
half duration:        3.0000
latitude:            -7.3164
longitude:          155.3330
depth:               21.0529
Mrr:            2.016644E+25
Mtt:           -1.056954E+25
Mpp:           -9.596890E+24
Mrt:            1.116507E+25
Mrp:           -1.392268E+25
Mtp:            1.085370E+25
