 PDE 2016  4 22  3  3 41.70  -0.2900  -80.5100  10.0 6.0 6.0 NEAR COAST OF ECUADOR
event name:     C201604220303A
time shift:      1.1593
half duration:   2.5000
latitude:       -0.3365
longitude:     -80.7464
depth:          11.1666
Mrr:       5.919881e+24
Mtt:      -1.531218e+22
Mpp:      -5.904569e+24
Mrt:       6.980642e+23
Mrp:      -1.136881e+25
Mtp:      -1.694892e+24
