 PDE 2010  3  5 16  7  0.70  -3.7600  100.9800  26.0 6.7 6.8 SOUTHERN SUMATRA, INDONESIA
event name:     201003051606A
time shift:      7.7600
half duration:   5.0000
latitude:       -4.0027
longitude:     100.5190
depth:          17.3037
Mrr:       4.662947e+25
Mtt:      -2.395475e+25
Mpp:      -2.267473e+25
Mrt:       9.790295e+25
Mrp:      -6.405259e+25
Mtp:       2.351969e+25
