 PDE 2014 05 18 01 02 32.60    4.2500   92.7600  35.0 0.0 6.0 OFF W COAST OF NORTHERN SUMATRA
event name:   C201405180102A
time shift:           4.1796
half duration:        2.6000
latitude:             4.3247
longitude:           92.6761
depth:               43.8689
Mrr:            1.606449E+25
Mtt:           -8.937205E+24
Mpp:           -7.127277E+24
Mrt:           -5.117698E+23
Mrp:            8.087174E+23
Mtp:           -9.642999E+24
