 PDE 2018  2 26 15 18  0.30  -6.5100  143.2600  19.0 6.2 6.3 NEW GUINEA, PAPUA NEW GUINEA
event name:     C201802261517A
time shift:      3.0432
half duration:   3.2000
latitude:       -6.5656
longitude:     143.1940
depth:           8.9661
Mrr:       1.982970e+25
Mtt:      -1.325562e+25
Mpp:      -6.574089e+24
Mrt:       1.840527e+25
Mrp:      -1.496733e+25
Mtp:       1.121451e+25
