 PDE 2017  3 14  2 51 16.80   6.1500   92.3000  10.0 6.0 6.0 NICOBAR ISLANDS, INDIA REGION
event name:     C201703140251A
time shift:      2.2881
half duration:   2.3000
latitude:        6.2277
longitude:      92.1712
depth:          15.0560
Mrr:      -2.851031e+24
Mtt:      -4.764940e+24
Mpp:       7.615970e+24
Mrt:       1.199541e+24
Mrp:      -2.257252e+24
Mtp:      -7.529547e+24
