 PDE 2019  8  2  5 50 55.20 -49.7300 -113.8300  10.0 5.9 6.0 SOUTHERN EAST PACIFIC RISE
event name:     C201908020550A
time shift:      3.4446
half duration:   2.3000
latitude:      -50.0317
longitude:    -114.1656
depth:           6.0555
Mrr:      -4.647967e+23
Mtt:       4.152236e+24
Mpp:      -3.687439e+24
Mrt:      -3.077670e+23
Mrp:       5.924236e+23
Mtp:       9.141881e+24
