 PDE 2011  9  3  4 48 57.30 -56.4500  -26.8500  84.0 6.4 6.4 SOUTH SANDWICH ISLANDS REGION
event name:     C201109030449A
time shift:      6.3359
half duration:   3.7000
latitude:      -56.5654
longitude:     -26.4259
depth:          96.5740
Mrr:       3.658904e+25
Mtt:      -2.565489e+24
Mpp:      -3.402354e+25
Mrt:      -2.067805e+25
Mrp:       1.053200e+25
Mtp:       1.781084e+25
