 PDE 2018  4 19 21  9 17.00 -42.7800   42.1900  10.0 5.9 6.0 PRINCE EDWARD ISLANDS REGION
event name:     C201804192109A
time shift:      2.0131
half duration:   2.2000
latitude:      -42.6876
longitude:      42.3756
depth:           6.4917
Mrr:      -8.564773e+24
Mtt:       8.333909e+24
Mpp:       2.308647e+23
Mrt:       2.278282e+24
Mrp:       2.469366e+24
Mtp:      -2.234835e+24
