 PDE 2011 12 15 10 10  7.20 -32.7200 -179.1000  32.0 5.9 6.0 SOUTH OF KERMADEC ISLANDS
event name:     C201112151010A
time shift:      4.9873
half duration:   2.2000
latitude:      -32.5263
longitude:    -178.7367
depth:          46.7609
Mrr:       8.397306e+24
Mtt:      -8.234561e+23
Mpp:      -7.573850e+24
Mrt:       7.590710e+23
Mrp:       3.518919e+24
Mtp:      -2.849666e+24
