 PDE 2013 08 06 10 41 30.70  -22.5000  173.8000  10.0 5.3 5.8 SOUTHEAST OF LOYALTY ISLANDS
event name:   C201308061041A
time shift:           6.4780
half duration:        2.0000
latitude:           -22.5817
longitude:          173.8815
depth:               15.6834
Mrr:            6.944951E+24
Mtt:           -7.646893E+24
Mpp:            7.019408E+23
Mrt:            4.269082E+24
Mrp:           -5.388026E+23
Mtp:           -9.953038E+23
