 PDE 2019  8 21 14 28 25.60 -50.3300  139.3200  10.0 6.0 6.0 WESTERN INDIAN-ANTARCTIC RIDGE
event name:     C201908211428A
time shift:      3.0982
half duration:   2.5000
latitude:      -50.3026
longitude:     139.4452
depth:           4.6784
Mrr:      -5.835184e+23
Mtt:       9.051007e+23
Mpp:      -3.215823e+23
Mrt:      -2.565185e+23
Mrp:      -1.004684e+24
Mtp:      -1.304760e+25
