 PDE 2011  6  5 16 35  4.30 -15.1100 -177.8900  12.6 5.9 5.9 FIJI ISLANDS REGION
event name:     C201106051635A
time shift:      4.4934
half duration:   2.3000
latitude:      -14.9482
longitude:    -177.8381
depth:           9.2009
Mrr:      -3.912904e+23
Mtt:      -1.600289e+24
Mpp:       1.991579e+24
Mrt:      -4.862647e+23
Mrp:      -1.619062e+24
Mtp:       9.537591e+24
