 PDE 2013 04 02 14 34 55.10  -40.4400   45.3800   9.0 5.9 5.9 SOUTHWEST INDIAN RIDGE
event name:   C201304021434A
time shift:           4.9214
half duration:        2.1000
latitude:           -40.1949
longitude:           45.3235
depth:                8.3165
Mrr:           -8.587852E+24
Mtt:            8.288870E+24
Mpp:            2.989791E+23
Mrt:            3.037433E+24
Mrp:           -1.169647E+24
Mtp:            4.811548E+24
