 PDE 2019  1 18 16 40 43.60   8.4300 -103.2300  10.0 5.8 5.9 NORTHERN EAST PACIFIC RISE
event name:     C201901181640A
time shift:      0.0834
half duration:   2.0000
latitude:        8.4690
longitude:    -103.3748
depth:           5.8017
Mrr:      -7.827040e+23
Mtt:       2.429776e+24
Mpp:      -1.647072e+24
Mrt:      -6.752078e+23
Mrp:      -6.326502e+23
Mtp:      -5.594756e+24
