 PDE 2019  2 17 14 35 55.80  -3.3400  152.1300 368.1 6.4 6.4 NEW IRELAND REGION, P.N.G.
event name:     C201902171435A
time shift:      2.7537
half duration:   3.8000
latitude:       -3.3277
longitude:     152.1317
depth:         371.6266
Mrr:      -5.059476e+25
Mtt:       4.158095e+25
Mpp:       9.013821e+24
Mrt:       1.718446e+25
Mrp:      -3.042268e+24
Mtp:       7.296277e+24
