 PDE 2015  6 20 23 39  9.50 -23.5300 -177.0900 151.0 5.9 5.9 SOUTH OF FIJI ISLANDS
event name:     C201506202339A
time shift:      0.6068
half duration:   2.3000
latitude:      -23.5260
longitude:    -176.8190
depth:         154.1694
Mrr:      -1.292635e+23
Mtt:      -3.912932e+23
Mpp:       5.205566e+23
Mrt:      -2.002040e+24
Mrp:      -9.542632e+24
Mtp:      -3.494518e+24
