 PDE 2013 12 01 06 29 57.80    2.0400   96.8300  20.0 0.0 6.0 NORTHERN SUMATRA, INDONESIA
event name:   C201312010629A
time shift:           6.9839
half duration:        2.5000
latitude:             1.8931
longitude:           96.5802
depth:               21.4131
Mrr:            7.399150E+24
Mtt:           -4.680135E+24
Mpp:           -2.719016E+24
Mrt:            8.468480E+24
Mrp:           -1.004953E+25
Mtp:            3.862106E+24
