 PDE 2012 11 15 08 21 48.50   -3.1100  148.2700  10.0 5.4 5.9 BISMARCK SEA
event name:   C201211150821A
time shift:           3.0435
half duration:        2.3000
latitude:            -3.0678
longitude:          148.3835
depth:                7.7562
Mrr:           -7.066859E+23
Mtt:            8.264447E+24
Mpp:           -7.557762E+24
Mrt:            3.104770E+24
Mrp:            3.276680E+24
Mtp:            8.346600E+24
