 PDE 2011  7 26 17 44 20.40  25.1000 -109.5300  12.0 6.0 6.0 GULF OF CALIFORNIA
event name:     C201107261744A
time shift:      0.4426
half duration:   2.6000
latitude:       25.0635
longitude:    -109.6324
depth:          13.9261
Mrr:      -6.504110e+23
Mtt:      -1.024900e+25
Mpp:       1.089942e+25
Mrt:      -3.152955e+24
Mrp:       3.938679e+23
Mtp:      -9.785704e+23
