 PDE 2014 06 19 10 17 55.50  -13.5600  166.8300  36.0 0.0 6.2 VANUATU ISLANDS
event name:   C201406191017A
time shift:           4.8140
half duration:        3.2000
latitude:           -13.6344
longitude:          166.5980
depth:               44.0121
Mrr:            3.342354E+25
Mtt:           -1.954050E+24
Mpp:           -3.146950E+25
Mrt:           -9.967775E+23
Mrp:            8.891920E+24
Mtp:            7.265739E+24
