 PDE 2019  1 26 19 56 44.10 -21.0500 -178.9600 588.0 6.2 6.2 FIJI ISLANDS REGION
event name:     C201901261956A
time shift:      3.2101
half duration:   3.0000
latitude:      -21.0431
longitude:    -178.9978
depth:         600.7971
Mrr:      -1.264790e+25
Mtt:       6.198430e+24
Mpp:       6.449476e+24
Mrt:      -1.818471e+25
Mrp:      -1.000471e+25
Mtp:       1.401291e+24
