 PDE 2014 10 09 02 14 31.40  -32.1100 -110.8100  16.5 0.0 7.0 SOUTHERN EAST PACIFIC RISE
event name:   C201410090214A
time shift:           8.9484
half duration:        7.3000
latitude:           -32.3433
longitude:         -110.8196
depth:               10.3553
Mrr:            3.190221E+26
Mtt:           -3.493328E+26
Mpp:            3.031064E+25
Mrt:           -8.261830E+25
Mrp:            1.021556E+26
Mtp:            9.120296E+25
