 PDE 2014 04 12 15 59 27.50   -7.1800  155.0500  10.0 0.0 5.8 SOLOMON ISLANDS
event name:   C201404121559A
time shift:           5.3981
half duration:        1.9000
latitude:            -7.4573
longitude:          155.1040
depth:               11.8461
Mrr:            4.456446E+24
Mtt:           -2.695485E+24
Mpp:           -1.760963E+24
Mrt:            3.835223E+24
Mrp:           -3.509383E+24
Mtp:            2.211959E+24
