 PDE 2017  6 30  1 34 58.10  33.7400  -38.5400  10.0 6.0 5.9 NORTHERN MID-ATLANTIC RIDGE
event name:     C201706300134A
time shift:      1.9358
half duration:   2.3000
latitude:       33.7881
longitude:     -38.5795
depth:          13.4397
Mrr:      -3.583935e+23
Mtt:       3.594669e+24
Mpp:      -3.236275e+24
Mrt:      -3.446312e+24
Mrp:       8.745926e+22
Mtp:       8.402162e+24
