 PDE 2012  2  9 18 52 48.40 -58.3100  157.8400  10.0 5.9 5.9 MACQUARIE ISLAND REGION
event name:     C201202091852A
time shift:      3.9675
half duration:   2.1000
latitude:      -58.2753
longitude:     157.9923
depth:          16.3611
Mrr:      -4.340353e+23
Mtt:      -4.636441e+24
Mpp:       5.070477e+24
Mrt:       3.444390e+24
Mrp:       2.078672e+23
Mtp:       6.553631e+24
