 PDE 2013 04 23 23 14 40.60   -3.9000  152.1300  10.0 6.0 6.5 NEW IRELAND REGION, P.N.G.
event name:   C201304232314A
time shift:           7.9767
half duration:        4.3000
latitude:            -3.8236
longitude:          152.3195
depth:               12.9070
Mrr:            2.493354E+24
Mtt:            8.150143E+25
Mpp:           -8.399478E+25
Mrt:           -1.723590E+24
Mrp:           -7.304621E+24
Mtp:            1.601223E+25
