 PDE 2010 05 06 02 42 47.90  -18.0600  -70.5500  37.0 6.7 6.2 NEAR COAST OF NORTHERN CHILE
event name:   C201005060242A
time shift:           3.1573
half duration:        3.1000
latitude:           -18.3239
longitude:          -71.2134
depth:               48.6248
Mrr:            2.957002E+25
Mtt:            1.237730E+24
Mpp:           -3.080774E+25
Mrt:            4.988061E+24
Mrp:           -8.858793E+24
Mtp:            6.734929E+24
