 PDE 2014 08 18 18 08 22.80   32.5800   47.7000   5.0 0.0 6.0 IRAN-IRAQ BORDER REGION
event name:   C201408181808A
time shift:           5.4905
half duration:        2.3000
latitude:            32.5076
longitude:           47.5650
depth:               10.3270
Mrr:            7.087945E+24
Mtt:           -7.477553E+24
Mpp:            3.896073E+23
Mrt:            5.873766E+24
Mrp:           -1.715188E+23
Mtp:            3.142028E+24
