 PDE 2010 04 17 23 15 22.00   -6.6700  147.2900  53.0 6.2 6.2 EASTERN NEW GUINEA REG., P.N.G.
event name:   C201004172315A
time shift:           3.6516
half duration:        2.9000
latitude:            -6.8227
longitude:          147.3025
depth:               59.0820
Mrr:            2.278851E+25
Mtt:           -2.675754E+25
Mpp:            3.969034E+24
Mrt:           -3.823003E+24
Mrp:           -3.866303E+22
Mtp:           -2.025559E+24
