 PDE 2011  4 18 13  3  2.70 -34.3400  179.8700  86.0 6.5 6.6 SOUTH OF KERMADEC ISLANDS
event name:     201104181303A
time shift:      5.5723
half duration:   4.5000
latitude:      -34.3921
longitude:    -179.8443
depth:          96.1397
Mrr:      -3.101332e+25
Mtt:      -1.127995e+25
Mpp:       4.229326e+25
Mrt:       2.067783e+25
Mrp:       6.400099e+25
Mtp:       1.197598e+25
