 PDE 2010  6  3  4 32 43.00  70.7800  -14.5300  10.9 5.5 5.5 JAN MAYEN ISLAND REGION - INV
event name:     C201006030432A
time shift:      0.0000
half duration:   1.5000
latitude:       70.8062
longitude:     -14.1945
depth:          10.7859
Mrr:      -0.306777E+25
Mtt:       0.201188E+25
Mpp:       0.105590E+25
Mrt:       0.937170E+24
Mrp:      -0.396534E+24
Mtp:       0.171627E+25
