 PDE 2013 02 11 09 40 19.60  -11.0500  166.8000  10.0 5.7 5.7 SANTA CRUZ ISLANDS
event name:   C201302110940A
time shift:           3.3872
half duration:        1.9000
latitude:           -10.9983
longitude:          166.9338
depth:                8.8271
Mrr:           -6.981314E+24
Mtt:            2.464762E+24
Mpp:            4.516550E+24
Mrt:           -2.041472E+24
Mrp:           -9.366954E+23
Mtp:           -3.287621E+24
