 PDE 2013 02 10 18 39 32.10  -10.9400  165.4600  11.0 5.5 6.0 SANTA CRUZ ISLANDS
event name:   C201302101839A
time shift:           4.0734
half duration:        2.4000
latitude:           -11.0175
longitude:          165.3186
depth:               11.8245
Mrr:           -9.966220E+24
Mtt:            1.474914E+25
Mpp:           -4.782900E+24
Mrt:           -4.380293E+24
Mrp:           -1.960382E+24
Mtp:           -4.889429E+24
