 PDE 2010  6 16  3 16 27.50  -2.1700  136.5400  18.0 7.0 7.1 IRIAN JAYA REGION, INDONESIA
event name:     C201006160316A
time shift:      9.3951
half duration:   7.7000
latitude:       -1.8677
longitude:     136.3643
depth:           9.7156
Mrr:      -3.236239e+25
Mtt:      -3.178582e+26
Mpp:       3.502206e+26
Mrt:       8.261912e+25
Mrp:      -1.577940e+25
Mtp:       2.098754e+26
