 PDE 2010 12  2  3 12  9.80  -6.0000  149.9800  33.0 6.6 6.7 NEW BRITAIN REGION, P.N.G.
event name:     201012020312A
time shift:      7.5580
half duration:   4.9000
latitude:       -6.2695
longitude:     149.8603
depth:          42.1932
Mrr:       8.784064e+25
Mtt:      -9.371743e+25
Mpp:       5.876807e+24
Mrt:       2.200748e+25
Mrp:       7.876211e+22
Mtp:      -8.339777e+24
