 PDE 2012  7 26  5 33 33.00 -17.5900   66.3900  20.0 6.6 6.7 MAURITIUS - REUNION REGION
event name:     C201207260533A
time shift:     13.2257
half duration:   5.0000
latitude:      -17.4736
longitude:      65.8770
depth:          20.5117
Mrr:      -9.651145e+24
Mtt:      -9.659685e+25
Mpp:       1.062480e+26
Mrt:      -1.614616e+25
Mrp:       8.082547e+23
Mtp:       4.722978e+25
