 PDE 2018  8 28  7  8 11.40 -10.7700  124.1900  14.0 6.2 6.2 TIMOR REGION
event name:     C201808280708A
time shift:      4.6650
half duration:   3.0000
latitude:      -10.8190
longitude:     124.1383
depth:           9.8943
Mrr:       2.211895e+25
Mtt:      -2.500320e+25
Mpp:       2.884243e+24
Mrt:      -3.711428e+24
Mrp:      -6.059438e+24
Mtp:      -1.409632e+24
