 PDE 2012  4 17  3 50 15.60 -32.6200  -71.3600  29.0 6.7 6.7 NEAR COAST OF CENTRAL CHILE
event name:     201204170350A
time shift:      8.8379
half duration:   5.4000
latitude:      -32.7689
longitude:     -71.6601
depth:          38.0764
Mrr:       8.705082e+25
Mtt:       6.697725e+23
Mpp:      -8.772060e+25
Mrt:       7.481030e+24
Mrp:      -7.506616e+25
Mtp:       3.355765e+24
