 PDE 2015  4  2  4 10 10.00 -17.8600 -178.5800 560.0 5.9 5.9 FIJI ISLANDS REGION
event name:     C201504020410A
time shift:      2.6759
half duration:   2.2000
latitude:      -17.6806
longitude:    -178.5697
depth:         563.8449
Mrr:       7.116844e+24
Mtt:       7.649952e+23
Mpp:      -7.881839e+24
Mrt:       4.501132e+24
Mrp:      -3.194903e+24
Mtp:       1.310300e+24
