 PDE 2015  9 19  5  6 47.50 -29.6400  -72.0800   6.0 6.0 6.1 OFF COAST OF CENTRAL CHILE
event name:     C201509190506A
time shift:      3.6536
half duration:   2.3000
latitude:      -29.7367
longitude:     -72.2784
depth:           8.9210
Mrr:       8.792142e+24
Mtt:      -4.345608e+23
Mpp:      -8.357581e+24
Mrt:      -3.901223e+23
Mrp:      -5.664586e+24
Mtp:       1.037017e+24
