 PDE 2018 10 26  9  5 39.30  17.4100  147.8800   8.0 5.9 5.9 MARIANA ISLANDS REGION
event name:     C201810260905A
time shift:      4.1065
half duration:   2.2000
latitude:       17.3225
longitude:     148.0831
depth:          10.2811
Mrr:      -7.846149e+24
Mtt:      -2.363038e+24
Mpp:       1.020918e+25
Mrt:      -4.132045e+24
Mrp:       2.177038e+24
Mtp:      -3.311955e+24
