 PDE 2014 12 07 12 11 31.20   13.7500  -91.3800  28.0 0.0 5.9 NEAR COAST OF GUATEMALA
event name:   C201412071211A
time shift:           4.3172
half duration:        2.0000
latitude:            13.6931
longitude:          -91.7994
depth:               19.5441
Mrr:            3.989353E+24
Mtt:           -3.776968E+24
Mpp:           -2.123873E+23
Mrt:            5.239022E+24
Mrp:           -3.847336E+24
Mtp:            1.296043E+24
