 PDE 2016  3 19  1 35 12.20  51.5100 -174.1400  17.0 6.0 6.0 ANDREANOF ISLANDS, ALEUTIAN IS.
event name:     C201603190135A
time shift:      3.1604
half duration:   2.6000
latitude:       51.3953
longitude:    -174.1249
depth:          15.7528
Mrr:       9.270719e+24
Mtt:      -8.420813e+24
Mpp:      -8.499059e+23
Mrt:       1.093933e+25
Mrp:       4.767001e+24
Mtp:      -3.882771e+24
