 PDE 2017  1 14  6 11 40.90 -18.6200  176.2400   3.9 5.9 5.9 FIJI ISLANDS REGION
event name:     C201701140611A
time shift:      5.6640
half duration:   2.2000
latitude:      -18.7308
longitude:     176.1818
depth:           6.9437
Mrr:      -8.691169e+24
Mtt:       9.081415e+23
Mpp:       7.783027e+24
Mrt:      -1.553991e+24
Mrp:       2.036696e+24
Mtp:       2.245347e+24
