 PDE 2011 10 13  3 16 30.20  -9.3500  114.5900  39.0 6.2 6.2 SOUTH OF BALI, INDONESIA
event name:     C201110130316A
time shift:      3.3379
half duration:   2.9000
latitude:       -9.6780
longitude:     114.6428
depth:          55.4473
Mrr:       5.005505e+24
Mtt:       1.105580e+25
Mpp:      -1.606131e+25
Mrt:      -6.449458e+24
Mrp:       5.461771e+23
Mtp:       1.749778e+25
