 PDE 2017  3 27 10 50 20.20  52.7600  172.2600  20.0 6.2 6.2 NEAR ISLANDS, ALEUTIAN ISLANDS
event name:     C201703271050A
time shift:      4.1364
half duration:   3.2000
latitude:       52.7254
longitude:     172.2292
depth:          25.0183
Mrr:       9.689029e+24
Mtt:      -1.413857e+25
Mpp:       4.449545e+24
Mrt:       1.684155e+25
Mrp:       1.062690e+25
Mtp:       5.579614e+23
