 PDE 2015  5 22 21 45 18.70 -11.0500  163.6900  11.2 7.0 6.9 SOLOMON ISLANDS
event name:     201505222145A
time shift:      6.9833
half duration:   7.3000
latitude:      -10.9141
longitude:     163.5182
depth:          13.2668
Mrr:       1.584316e+25
Mtt:      -1.498876e+26
Mpp:       1.340444e+26
Mrt:       1.090753e+26
Mrp:      -1.495387e+26
Mtp:       2.433945e+26
