 PDE 2013 07 21 05 09 31.50  -41.7000  174.3400  17.0 6.1 6.7 COOK STRAIT, NEW ZEALAND
event name:   C201307210509A
time shift:           6.7902
half duration:        4.3000
latitude:           -41.6299
longitude:          174.1730
depth:               11.9440
Mrr:            1.565678E+25
Mtt:            5.138253E+25
Mpp:           -6.703932E+25
Mrt:           -4.336576E+25
Mrp:            1.919444E+25
Mtp:           -2.136829E+25
