 PDE 2014 03 21 13 41 09.50    7.7400   94.3300  21.5 0.0 6.4 NICOBAR ISLANDS, INDIA REGION
event name:   C201403211341A
time shift:           4.6832
half duration:        3.9000
latitude:             7.7260
longitude:           94.3154
depth:               13.9076
Mrr:           -7.121669E+24
Mtt:           -4.167256E+25
Mpp:            4.879422E+25
Mrt:           -1.555858E+25
Mrp:            6.992521E+23
Mtp:            3.117759E+25
