 PDE 2019  8  8 11 25 31.10  37.9500   29.7000  11.0 5.9 5.9 TURKEY
event name:     C201908081125A
time shift:      1.0199
half duration:   2.1000
latitude:       37.8183
longitude:      29.6824
depth:          11.9053
Mrr:      -6.213745e+24
Mtt:       6.140555e+24
Mpp:       7.318940e+22
Mrt:      -2.452378e+24
Mrp:       7.558940e+23
Mtp:      -9.332188e+23
