 PDE 2016  9  8 21 46 20.10 -54.6100  158.7100  10.0 6.0 6.1 MACQUARIE ISLAND REGION
event name:     C201609082146A
time shift:      6.1540
half duration:   2.6000
latitude:      -54.5156
longitude:     158.4893
depth:          14.0772
Mrr:       1.261298e+25
Mtt:       4.164364e+24
Mpp:      -1.677735e+25
Mrt:       1.087086e+24
Mrp:       1.075727e+24
Mtp:       1.302328e+25
