 PDE 2011  7 11 20 47  4.30   9.5100  122.1700  19.0 6.5 6.4 NEGROS, PHILIPPINES
event name:     201107112047A
time shift:      6.3772
half duration:   4.3000
latitude:        9.6582
longitude:     122.0834
depth:          16.0622
Mrr:       3.623187e+25
Mtt:       1.315453e+24
Mpp:      -3.754732e+25
Mrt:      -3.739314e+24
Mrp:      -4.856946e+25
Mtp:      -3.356482e+24
