 PDE 2013 06 13 16 47 23.30  -10.0000  107.2400   9.0 6.5 6.7 SOUTH OF JAVA, INDONESIA
event name:   C201306131647A
time shift:           9.3997
half duration:        5.0000
latitude:           -10.1509
longitude:          107.3736
depth:               13.7948
Mrr:           -1.159587E+26
Mtt:            1.168855E+26
Mpp:           -9.267947E+23
Mrt:            3.230471E+25
Mrp:           -1.232954E+25
Mtp:           -6.758365E+25
