 PDE 2013 10 24 19 25 10.90  -58.1500  -12.8000  22.9 0.0 6.7 EAST OF SOUTH SANDWICH ISLANDS
event name:   C201310241925A
time shift:          17.3449
half duration:        5.1000
latitude:           -58.4194
longitude:          -13.6961
depth:               20.9440
Mrr:           -6.699512E+24
Mtt:           -2.684268E+25
Mpp:            3.354220E+25
Mrt:            1.689641E+24
Mrp:           -9.473046E+24
Mtp:            1.400533E+26
