 PDE 2017 10 23  8 32 32.50 -52.3400   16.7800  10.0 5.8 5.8 SOUTHWEST OF AFRICA
event name:     C201710230832A
time shift:      3.2394
half duration:   2.0000
latitude:      -52.4139
longitude:      17.3529
depth:           4.5250
Mrr:      -7.016933e+24
Mtt:       5.653630e+24
Mpp:       1.363305e+24
Mrt:      -7.979478e+23
Mrp:      -5.431527e+23
Mtp:      -2.619750e+24
