 PDE 2013 09 25 06 51 24.70  -50.0100 -113.7700  10.0 5.4 0.0 SOUTHERN EAST PACIFIC RISE
event name:   C201309250651A
time shift:          13.9109
half duration:        2.5000
latitude:           -50.0295
longitude:         -114.2487
depth:                8.5725
Mrr:           -2.722933E+23
Mtt:            5.712191E+24
Mpp:           -5.439900E+24
Mrt:           -1.801821E+24
Mrp:            3.388795E+23
Mtp:            1.527301E+25
