 PDE 2017  7  2  9 58 50.80 -27.3700 -176.4100  16.0 5.8 5.8 KERMADEC ISLANDS REGION
event name:     C201707020958A
time shift:      5.7983
half duration:   2.0000
latitude:      -27.4668
longitude:    -176.2747
depth:          20.3812
Mrr:       5.801836e+24
Mtt:       4.654270e+23
Mpp:      -6.267263e+24
Mrt:       1.712092e+24
Mrp:       3.819808e+24
Mtp:      -1.367922e+24
