 PDE 2018  7 28 22 47 38.70  -8.2400  116.5100  14.0 6.5 6.4 SUMBAWA REGION, INDONESIA
event name:     C201807282247A
time shift:      2.8267
half duration:   4.2000
latitude:       -8.3303
longitude:     116.5108
depth:           9.6899
Mrr:       4.157969e+25
Mtt:      -4.502261e+25
Mpp:       3.442917e+24
Mrt:      -5.096832e+25
Mrp:      -6.951591e+24
Mtp:      -2.689364e+24
