 PDE 2011  4 23  4 16 54.70 -10.3800  161.2000  79.0 6.8 6.8 SOLOMON ISLANDS
event name:     201104230416A
time shift:      5.6657
half duration:   6.3000
latitude:      -10.4575
longitude:     161.2897
depth:          78.7197
Mrr:       3.246175e+25
Mtt:      -9.725864e+25
Mpp:       6.479690e+25
Mrt:      -1.299981e+26
Mrp:      -2.121798e+25
Mtp:       1.343481e+26
