 PDE 2015  8 10 10  5 25.80  36.5300   71.2100 224.0 5.9 5.9 AFGHANISTAN-TAJIKISTAN BORD REG.
event name:     C201508101005A
time shift:      0.5705
half duration:   2.2000
latitude:       36.4562
longitude:      71.0341
depth:         226.0494
Mrr:       8.492710e+24
Mtt:      -7.867457e+24
Mpp:      -6.252520e+23
Mrt:       3.326232e+24
Mrp:       3.223813e+24
Mtp:      -1.813151e+24
