 PDE 2015  6 24 22 32 21.00  61.6600 -151.9600 114.2 5.8 5.8 SOUTHERN ALASKA
event name:     C201506242232A
time shift:      1.0984
half duration:   2.0000
latitude:       61.8478
longitude:    -152.0172
depth:         118.9250
Mrr:       5.163571e+24
Mtt:      -5.509837e+24
Mpp:       3.462666e+23
Mrt:      -9.110203e+23
Mrp:       2.718085e+24
Mtp:       1.395095e+24
