 PDE 2011  1 10  6  2 52.00 -35.5900  -73.0600  24.4 5.9 5.9 OFF COAST OF CENTRAL CHILE
event name:     C201101100602A
time shift:      2.7083
half duration:   2.2000
latitude:      -35.7693
longitude:     -73.5859
depth:          11.6005
Mrr:       3.857678e+24
Mtt:       7.696173e+22
Mpp:      -3.934640e+24
Mrt:      -8.496559e+23
Mrp:      -8.171783e+24
Mtp:      -1.005497e+24
