 PDE 2019  9 19  7  6 33.30  -6.0700  111.8400 610.0 6.1 6.1 JAVA, INDONESIA
event name:     C201909190706A
time shift:      2.6869
half duration:   2.9000
latitude:       -6.0637
longitude:     111.8331
depth:         618.0493
Mrr:      -2.206239e+25
Mtt:       2.050384e+25
Mpp:       1.558549e+24
Mrt:      -2.491679e+23
Mrp:      -2.631859e+24
Mtp:      -5.293026e+24
