 PDE 2012  8 26 15  5 37.10   2.1900  126.8400  91.1 6.6 6.6 NORTHERN MOLUCCA SEA
event name:     201208261505A
time shift:      3.0873
half duration:   4.7000
latitude:        2.1732
longitude:     126.7956
depth:          83.0048
Mrr:       3.619048e+25
Mtt:       4.575915e+25
Mpp:      -8.194962e+25
Mrt:      -5.015831e+25
Mrp:      -6.667397e+24
Mtp:       1.762730e+25
