 PDE 2014 09 03 20 33 59.30  -26.6400 -114.7400  10.0 0.0 5.9 EASTER ISLAND REGION
event name:   C201409032034A
time shift:           3.8845
half duration:        2.4000
latitude:           -26.8321
longitude:         -114.6770
depth:                9.7067
Mrr:           -9.199797E+24
Mtt:            6.852465E+24
Mpp:            2.347334E+24
Mrt:            1.175149E+24
Mrp:           -3.687780E+24
Mtp:           -9.197116E+24
