 PDE 2015  4 16 18  7 43.00  35.1500   26.8300  20.0 6.1 6.0 CRETE, GREECE
event name:     C201504161807A
time shift:      4.6303
half duration:   3.1000
latitude:       35.0282
longitude:      26.8487
depth:          24.3269
Mrr:       5.814491e+24
Mtt:      -1.135328e+25
Mpp:       5.538790e+24
Mrt:      -3.357350e+24
Mrp:       1.499104e+25
Mtp:      -2.628569e+24
