 PDE 2012  4 28 10  8  8.10 -18.6800 -174.7100 134.7 6.7 6.7 TONGA ISLANDS
event name:     201204281008A
time shift:      4.0773
half duration:   5.2000
latitude:      -18.7752
longitude:    -174.2768
depth:         138.7770
Mrr:      -8.192274e+25
Mtt:       8.565461e+25
Mpp:      -3.731866e+24
Mrt:       8.828038e+25
Mrp:       4.217761e+25
Mtp:       2.831182e+25
