 PDE 2016  1 11 16 38  5.90   3.9000  126.8600  13.0 6.5 6.5 TALAUD ISLANDS, INDONESIA
event name:     201601111638A
time shift:      6.3667
half duration:   4.3000
latitude:        3.8445
longitude:     127.0272
depth:          10.4091
Mrr:       5.239022e+25
Mtt:       9.997306e+24
Mpp:      -6.238752e+25
Mrt:       1.696349e+25
Mrp:       4.302361e+25
Mtp:      -2.992833e+24
