 PDE 2014 07 29 13 27 40.10   -3.4200  146.7700   9.8 0.0 6.0 BISMARCK SEA
event name:   C201407291327A
time shift:           5.4941
half duration:        2.6000
latitude:            -3.3417
longitude:          146.7198
depth:                9.6667
Mrr:           -4.200713E+23
Mtt:           -4.708523E+24
Mpp:            5.128597E+24
Mrt:           -6.044471E+22
Mrp:           -2.347921E+24
Mtp:            1.608982E+25
