 PDE 2013 11 12 07 03 51.10   54.6900  162.3000  43.0 0.0 6.4 NEAR EAST COAST OF KAMCHATKA
event name:   C201311120703A
time shift:           4.0347
half duration:        4.3000
latitude:            54.7828
longitude:          162.2556
depth:               24.7373
Mrr:            6.582153E+24
Mtt:           -2.920473E+24
Mpp:           -3.661679E+24
Mrt:            3.611056E+25
Mrp:            6.248825E+25
Mtp:            5.210074E+24
