 PDE 2014 11 15 02 31 41.70    1.9000  126.5200  45.0 0.0 7.1 NORTHERN MOLUCCA SEA
event name:   C201411150231A
time shift:          10.0256
half duration:        8.2000
latitude:             1.9781
longitude:          126.3805
depth:               37.2378
Mrr:            4.519157E+26
Mtt:           -9.346483E+25
Mpp:           -3.584510E+26
Mrt:           -1.163620E+25
Mrp:           -2.120470E+26
Mtp:           -1.978903E+26
