 PDE 2014 03 26 03 29 35.70  -26.1700  179.2900 495.0 0.0 6.3 SOUTH OF FIJI ISLANDS
event name:   C201403260329A
time shift:           3.7803
half duration:        3.7000
latitude:           -26.1279
longitude:          179.3293
depth:              506.5487
Mrr:            2.160195E+25
Mtt:           -1.478445E+25
Mpp:           -6.817502E+24
Mrt:            1.367734E+25
Mrp:           -2.164503E+25
Mtp:           -3.823841E+25
