 PDE 2011 12 27 15 21 56.80  51.8400   95.9100  15.0 6.7 6.7 SOUTHWESTERN SIBERIA, RUSSIA
event name:     C201112271521A
time shift:      7.4439
half duration:   5.4000
latitude:       51.7829
longitude:      95.9115
depth:          17.4624
Mrr:       2.706728e+25
Mtt:      -6.293800e+25
Mpp:       3.587073e+25
Mrt:       3.572674e+25
Mrp:       9.427477e+24
Mtp:       8.585028e+25
