 PDE 2018  5  4 22 32 54.40  19.3100 -155.0000   2.1 6.9 6.9 HAWAII
event name:     C201805042232A
time shift:     13.3018
half duration:   6.7000
latitude:       19.1233
longitude:    -154.7514
depth:          10.4904
Mrr:       1.500329e+26
Mtt:      -8.839297e+25
Mpp:      -6.163995e+25
Mrt:       1.389211e+26
Mrp:       1.708240e+26
Mtp:      -7.469147e+25
