 PDE 2015  1  7  5  7  7.50   5.9100  -82.6600   8.0 6.5 6.5 SOUTH OF PANAMA
event name:     201501070507A
time shift:      9.4100
half duration:   4.1000
latitude:        5.5867
longitude:     -82.6525
depth:          15.4107
Mrr:      -2.178060e+24
Mtt:       6.944536e+23
Mpp:       1.483606e+24
Mrt:       7.336699e+24
Mrp:       3.380406e+23
Mtp:       6.533123e+25
