 PDE 2013 01 31 03 33 43.70  -10.6400  166.3700   9.0 6.1 6.1 SANTA CRUZ ISLANDS
event name:   C201301310333A
time shift:           4.0845
half duration:        2.9000
latitude:           -10.6395
longitude:          166.4779
depth:               10.1135
Mrr:           -2.444132E+25
Mtt:            8.210201E+24
Mpp:            1.623110E+25
Mrt:           -1.628961E+24
Mrp:           -8.412734E+22
Mtp:           -1.241755E+25
