 PDE 2015  5 20  0 30 54.70 -19.3000 -175.5200 203.0 6.0 6.0 TONGA ISLANDS
event name:     C201505200030A
time shift:      1.4814
half duration:   2.5000
latitude:      -19.3507
longitude:    -175.1374
depth:         204.3610
Mrr:      -3.236751e+24
Mtt:       4.769092e+24
Mpp:      -1.532340e+24
Mrt:      -4.309189e+24
Mrp:      -1.118717e+25
Mtp:       3.796907e+24
