 PDE 2011  5 11 16 47 25.00  37.7000   -1.6700   1.0 5.1 5.1  SPAIN - INV
event name:     C201105111647A
time shift:      4.1000
half duration:   0.9000
latitude:       37.7393
longitude:      -1.6504
depth:           7.8662
Mrr:       0.404394E+24
Mtt:      -0.537090E+24
Mpp:       0.132694E+24
Mrt:       0.200159E+24
Mrp:      -0.275249E+23
Mtp:      -0.146670E+24
