 PDE 2018  3 25 20 14 47.70  -6.6200  129.8100 169.0 6.4 6.4 BANDA SEA
event name:     201803252014A
time shift:      3.0288
half duration:   4.0000
latitude:       -6.7316
longitude:     129.8298
depth:         179.6806
Mrr:       2.329387e+24
Mtt:      -3.338817e+25
Mpp:       3.105878e+25
Mrt:       2.011459e+25
Mrp:       4.493283e+25
Mtp:      -1.475962e+25
