 PDE 2011 10 23 10 41 22.90  38.7200   43.5100  16.0 7.1 7.3 TURKEY
event name:     C201110231041A
time shift:      5.7526
half duration:   9.0000
latitude:       38.6342
longitude:      43.4046
depth:          10.8404
Mrr:       4.672104e+26
Mtt:      -5.315380e+26
Mpp:       6.432758e+25
Mrt:       1.968799e+26
Mrp:      -1.650772e+26
Mtp:      -5.009361e+25
