 PDE 2019 12 25 20 20 12.80 -25.2200 -115.8400  10.0 6.1 6.1 SOUTHERN EAST PACIFIC RISE
event name:     C201912252020A
time shift:      1.7622
half duration:   2.7000
latitude:      -25.3777
longitude:    -116.1206
depth:           6.2275
Mrr:      -7.882394e+23
Mtt:      -1.533532e+25
Mpp:       1.612356e+25
Mrt:      -3.737027e+23
Mrp:      -7.208097e+23
Mtp:       7.655306e+24
