 PDE 2012  6  4 11 18 13.40  -7.6900  106.3700  50.0 5.8 5.9 JAVA, INDONESIA
event name:     C201206041118A
time shift:      3.3784
half duration:   1.9000
latitude:       -8.0205
longitude:     106.3599
depth:          62.8779
Mrr:       3.858847e+24
Mtt:      -3.600546e+24
Mpp:      -2.582998e+23
Mrt:       4.095888e+24
Mrp:      -2.171337e+24
Mtp:       4.690162e+23
