 PDE 2016 10 27 20 32 55.80 -33.7800  -72.5300  12.6 6.0 6.0 OFF COAST OF CENTRAL CHILE
event name:     C201610272032A
time shift:      6.5952
half duration:   2.4000
latitude:      -33.8377
longitude:     -72.7410
depth:          11.2852
Mrr:       5.673130e+24
Mtt:      -2.708362e+22
Mpp:      -5.646046e+24
Mrt:      -1.162283e+24
Mrp:      -8.474720e+24
Mtp:      -8.951392e+23
