 PDE 2012  5  7  4 40 27.80  41.5500   46.7900  11.0 5.9 5.7 EASTERN CAUCASUS
event name:     C201205070440A
time shift:      2.5168
half duration:   2.1000
latitude:       41.4909
longitude:      46.6863
depth:          12.8547
Mrr:       9.190064e+23
Mtt:      -8.756307e+23
Mpp:      -4.337621e+22
Mrt:       3.764551e+24
Mrp:      -1.253578e+24
Mtp:       4.000037e+23
