 PDE 2013 09 02 04 30 16.80   -6.6200  155.1300  35.0 5.9 5.9 SOLOMON ISLANDS
event name:   C201309020430A
time shift:           4.2541
half duration:        2.2000
latitude:            -6.7468
longitude:          155.0153
depth:               43.5407
Mrr:            1.059855E+25
Mtt:           -5.835410E+24
Mpp:           -4.763133E+24
Mrt:            6.771480E+23
Mrp:           -1.705871E+24
Mtp:            5.853571E+24
