 PDE 2014 12 20 09 29 57.50   37.4000  141.5500  31.3 0.0 5.9 NEAR EAST COAST OF HONSHU, JAPAN
event name:   C201412200929A
time shift:           3.0330
half duration:        2.3000
latitude:            37.4321
longitude:          141.6888
depth:               44.2391
Mrr:            8.034468E+24
Mtt:           -1.360105E+24
Mpp:           -6.674363E+24
Mrt:            2.757459E+24
Mrp:            7.192714E+24
Mtp:           -3.040528E+24
