 PDE 2014 04 19 01 04 03.80   -6.6600  155.0900  29.0 0.0 6.6 SOLOMON ISLANDS
event name:   C201404190104A
time shift:           6.2844
half duration:        4.8000
latitude:            -6.9103
longitude:          154.9981
depth:               34.9067
Mrr:            9.855745E+25
Mtt:           -6.098503E+25
Mpp:           -3.757241E+25
Mrt:            2.927515E+25
Mrp:           -3.197792E+25
Mtp:            4.792497E+25
