 PDE 2011  3  6 14 32 36.10 -56.4200  -27.0600  87.7 6.5 6.5 SOUTH SANDWICH ISLANDS REGION
event name:     C201103061432A
time shift:      5.8953
half duration:   4.5000
latitude:      -56.4080
longitude:     -26.6676
depth:          98.3593
Mrr:       3.014087e+25
Mtt:       1.479611e+25
Mpp:      -4.493698e+25
Mrt:      -5.076782e+25
Mrp:       4.859687e+25
Mtp:       1.278973e+25
