 PDE 2018  8 16 18 22 53.40  23.4200  143.3200  20.0 6.3 6.3 VOLCANO ISLANDS, JAPAN REGION
event name:     C201808161822A
time shift:      6.5574
half duration:   3.5000
latitude:       23.4268
longitude:     143.6080
depth:          18.4211
Mrr:       2.465803e+25
Mtt:      -8.426211e+23
Mpp:      -2.381541e+25
Mrt:       5.695378e+23
Mrp:       2.426159e+25
Mtp:       1.298962e+25
