 PDE 2013 04 20 13 12 50.50   50.1000  157.1500  18.0 5.8 6.1 KURIL ISLANDS
event name:   C201304201312A
time shift:           4.4402
half duration:        2.6000
latitude:            49.9644
longitude:          157.5887
depth:               22.9717
Mrr:            1.589358E+25
Mtt:           -5.734175E+24
Mpp:           -1.015940E+25
Mrt:            7.352005E+24
Mrp:            1.022024E+25
Mtp:           -8.190278E+24
