 PDE 2013  9  6 11 33 53.90  20.1900  122.3100 178.1 6.0 6.0 PHILIPPINE ISLANDS REGION
event name:     C201309061133A
time shift:      3.1896
half duration:   2.4000
latitude:       20.2287
longitude:     122.3051
depth:         182.8197
Mrr:      -8.307846e+24
Mtt:       3.811185e+24
Mpp:       4.496661e+24
Mrt:      -5.266795e+24
Mrp:       2.530385e+24
Mtp:       6.907749e+24
