 PDE 2018  3  8 17 39 51.10  -4.3800  153.2000  22.9 6.8 6.8 NEW IRELAND REGION, P.N.G.
event name:     201803081739A
time shift:      6.3261
half duration:   5.9000
latitude:       -4.3634
longitude:     153.2115
depth:          31.3585
Mrr:       2.749479e+25
Mtt:       1.495283e+26
Mpp:      -1.770231e+26
Mrt:      -6.714498e+25
Mrp:      -1.452510e+25
Mtp:       4.973519e+25
