 PDE 2015  7 18  2 27 33.80 -10.4000  165.1400  11.0 6.9 7.0 SANTA CRUZ ISLANDS
event name:     201507180227A
time shift:      5.0481
half duration:   7.1000
latitude:      -10.3454
longitude:     165.0740
depth:          11.8923
Mrr:      -3.318673e+26
Mtt:       4.135343e+26
Mpp:      -8.166701e+25
Mrt:       2.512420e+25
Mrp:      -6.015233e+25
Mtp:      -8.591137e+25
