 PDE 2015 10  5 16 33 26.80 -30.3100  -71.5300  34.0 5.9 5.9 NEAR COAST OF CENTRAL CHILE
event name:     C201510051633A
time shift:      3.2822
half duration:   2.1000
latitude:      -30.3601
longitude:     -71.7674
depth:          42.7954
Mrr:       7.638634e+24
Mtt:       6.836062e+21
Mpp:      -7.645469e+24
Mrt:       8.018053e+23
Mrp:      -3.464180e+24
Mtp:      -1.584041e+23
