 PDE 2015  4 30 10 45  2.90  -5.3800  151.7700  31.0 6.6 6.7 NEW BRITAIN REGION, P.N.G.
event name:     201504301045A
time shift:      5.5834
half duration:   4.9000
latitude:       -5.5776
longitude:     151.8049
depth:          37.6034
Mrr:       1.009817e+26
Mtt:      -8.909734e+25
Mpp:      -1.188429e+25
Mrt:       2.314458e+25
Mrp:       3.312110e+24
Mtp:      -3.846778e+25
