 PDE 2013 02 01 22 16 34.20  -10.9000  165.3800  10.0 5.3 6.3 SANTA CRUZ ISLANDS
event name:   C201302012216A
time shift:           8.9586
half duration:        3.9000
latitude:           -11.1717
longitude:          165.1764
depth:               13.6007
Mrr:            4.168720E+25
Mtt:           -1.060912E+25
Mpp:           -3.107808E+25
Mrt:            3.726670E+25
Mrp:           -5.324099E+25
Mtp:            1.915677E+25
