 PDE 2015  6 21 21 28 16.30 -20.4300 -178.3300 562.6 6.0 6.0 FIJI ISLANDS REGION
event name:     C201506212128A
time shift:      2.6158
half duration:   2.4000
latitude:      -20.3477
longitude:    -178.3588
depth:         572.4584
Mrr:      -8.206406e+24
Mtt:      -2.725378e+24
Mpp:       1.093178e+25
Mrt:      -3.939479e+24
Mrp:      -5.013022e+24
Mtp:      -2.127745e+24
