 PDE 2018 11 18 20 25 46.60 -17.8700 -178.9300 540.0 6.8 6.8 FIJI ISLANDS REGION
event name:     C201811182025A
time shift:      3.6575
half duration:   5.8000
latitude:      -17.8564
longitude:    -178.7820
depth:         553.7010
Mrr:      -1.131449e+25
Mtt:       1.432440e+26
Mpp:      -1.319295e+26
Mrt:       7.203741e+25
Mrp:      -5.172853e+25
Mtp:       2.609303e+25
