 PDE 2019  8  5  0 40 46.00   1.0400  -27.8700  10.0 5.9 5.8 CENTRAL MID-ATLANTIC RIDGE
event name:     C201908050040A
time shift:      2.7561
half duration:   2.1000
latitude:        1.1292
longitude:     -27.7986
depth:           9.1123
Mrr:      -1.342747e+24
Mtt:       2.217623e+24
Mpp:      -8.748769e+23
Mrt:       2.498581e+24
Mrp:      -5.139003e+23
Mtp:      -8.285200e+24
