 PDE 2010 07 12 00 11 21.20  -22.1500  -68.2000 115.0 6.1 6.3 NORTHERN CHILE
event name:   C201007120011A
time shift:           0.5046
half duration:        3.2000
latitude:           -22.4145
longitude:          -68.6143
depth:              123.2753
Mrr:           -2.501607E+25
Mtt:            1.956736E+24
Mpp:            2.305933E+25
Mrt:            7.425115E+24
Mrp:           -3.766727E+24
Mtp:           -1.178892E+25
