 PDE 2010 05 19 04 15 44.00   -5.0800  -77.5400 139.3 6.0 6.0 NORTHERN PERU
event name:   C201005190415A
time shift:          -1.0918
half duration:        2.5000
latitude:            -5.1382
longitude:          -77.5485
depth:              124.3970
Mrr:           -1.238079E+25
Mtt:            8.403892E+23
Mpp:            1.154040E+25
Mrt:           -1.273054E+24
Mrp:            2.730365E+24
Mtp:           -6.304074E+24
