 PDE 2013  5 11 20 46 57.60 -17.9700 -175.1100 212.9 6.3 6.4 TONGA ISLANDS
event name:     C201305112046A
time shift:      5.9029
half duration:   3.6000
latitude:      -17.8970
longitude:    -174.7384
depth:         241.3095
Mrr:      -2.232953e+25
Mtt:       2.068760e+25
Mpp:       1.641938e+24
Mrt:      -8.450377e+24
Mrp:      -3.105576e+25
Mtp:       1.695126e+25
