 PDE 2018 10 29 20 17 22.50 -57.5500  -66.3000  10.0 5.8 5.8 DRAKE PASSAGE
event name:     C201810292017A
time shift:      5.4818
half duration:   2.0000
latitude:      -57.6759
longitude:     -66.4602
depth:          23.4440
Mrr:       5.175247e+24
Mtt:      -1.036519e+24
Mpp:      -4.138728e+24
Mrt:       2.311713e+24
Mrp:       2.828896e+24
Mtp:       3.399529e+24
