 PDE 2010  1  5  4 55 38.90 -58.1700  -14.7000  10.0 6.8 6.8 EAST OF SOUTH SANDWICH ISLANDS
event name:     C201001050455A
time shift:      8.0145
half duration:   5.9000
latitude:      -58.4997
longitude:     -14.8466
depth:          14.4148
Mrr:      -2.238839e+25
Mtt:      -3.305301e+25
Mpp:       5.544139e+25
Mrt:       3.500504e+25
Mrp:       9.170816e+24
Mtp:       1.943025e+26
