 PDE 2010  5  5 16 29  3.20  -4.0500  101.1000  27.0 6.5 6.6 SOUTHERN SUMATRA, INDONESIA
event name:     201005051629A
time shift:      7.5547
half duration:   4.5000
latitude:       -4.2792
longitude:     100.7706
depth:          12.6264
Mrr:       2.441872e+25
Mtt:      -1.227958e+25
Mpp:      -1.213914e+25
Mrt:       6.334106e+25
Mrp:      -4.129554e+25
Mtp:       1.259283e+25
