 PDE 2013 03 01 13 20 49.90   50.9600  157.4100  29.0 6.3 6.5 KURIL ISLANDS
event name:   C201303011320A
time shift:           4.7060
half duration:        4.5000
latitude:            50.6827
longitude:          157.8918
depth:               40.7806
Mrr:            7.372166E+25
Mtt:           -2.525295E+25
Mpp:           -4.846866E+25
Mrt:            2.335018E+25
Mrp:            2.785347E+25
Mtp:           -3.556101E+25
