 PDE 2013  3 25 23  2 12.80  14.4900  -90.4600 189.0 6.2 6.2 GUATEMALA
event name:     C201303252302A
time shift:      1.2614
half duration:   3.1000
latitude:       14.6124
longitude:     -90.7009
depth:         183.1386
Mrr:       6.922108e+24
Mtt:      -1.426851e+25
Mpp:       7.346403e+24
Mrt:       1.514994e+25
Mrp:      -1.780713e+25
Mtp:       4.922832e+23
