 PDE 2015  4 24 13 56 15.20  51.6200 -130.7700   8.0 6.2 6.2 QUEEN CHARLOTTE ISLANDS REGION
event name:     C201504241356A
time shift:      5.7496
half duration:   3.2000
latitude:       51.7003
longitude:    -130.8460
depth:           8.5451
Mrr:       4.828895e+24
Mtt:      -2.157448e+25
Mpp:       1.674559e+25
Mrt:       8.405766e+24
Mrp:       1.637275e+23
Mtp:       1.403258e+25
