 PDE 2013 07 02 07 37 02.60    4.6400   96.6700  13.0 5.9 6.2 NORTHERN SUMATRA, INDONESIA
event name:   C201307020737A
time shift:           4.1726
half duration:        2.8000
latitude:             4.7312
longitude:           96.6798
depth:               13.3751
Mrr:           -3.646209E+23
Mtt:           -1.474178E+25
Mpp:            1.510640E+25
Mrt:           -1.219032E+25
Mrp:           -1.714048E+24
Mtp:           -5.236189E+24
