 PDE 2010 10  8  3 26 13.70  51.3700 -175.3600  19.0 6.4 6.4 ANDREANOF ISLANDS, ALEUTIAN IS.
event name:     C201010080326A
time shift:      3.4979
half duration:   3.8000
latitude:       51.2506
longitude:    -175.3726
depth:          18.8841
Mrr:       3.352883e+25
Mtt:      -3.051933e+25
Mpp:      -3.009494e+24
Mrt:       2.812539e+25
Mrp:       1.708873e+25
Mtp:      -1.109614e+25
