 PDE 2017  9 20 20  9 49.60 -18.7800  169.1000 197.0 6.4 6.4 VANUATU ISLANDS
event name:     201709202009A
time shift:      5.1086
half duration:   4.0000
latitude:      -18.8477
longitude:     168.9595
depth:         204.7935
Mrr:       2.320408e+25
Mtt:       2.904378e+25
Mpp:      -5.224787e+25
Mrt:       3.342486e+25
Mrp:      -1.846035e+24
Mtp:      -7.502671e+24
