 PDE 2016  8 24  1 36 32.90  42.7200   13.1900   4.4 6.2 6.2 CENTRAL ITALY
event name:     C201608240136A
time shift:      3.2158
half duration:   3.1000
latitude:       42.6436
longitude:      13.2062
depth:           7.8077
Mrr:      -2.231583e+25
Mtt:       4.618961e+24
Mpp:       1.769687e+25
Mrt:       2.279212e+23
Mrp:      -7.434209e+24
Mtp:      -9.315794e+24
