 PDE 2018  3 26  9 51  0.40  -5.5000  151.4000  40.0 6.7 6.7 NEW BRITAIN REGION, P.N.G.
event name:     201803260951A
time shift:      4.4271
half duration:   5.4000
latitude:       -5.6688
longitude:     151.3477
depth:          46.6047
Mrr:       1.159367e+26
Mtt:      -1.171725e+26
Mpp:       1.235821e+24
Mrt:       2.881305e+25
Mrp:      -1.558267e+25
Mtp:      -3.825136e+25
