 PDE 2010  6 26  5 30 19.50 -10.6300  161.4500  35.0 6.7 6.8 SOLOMON ISLANDS
event name:     201006260530A
time shift:      6.2076
half duration:   5.7000
latitude:      -10.5552
longitude:     161.3993
depth:          37.3153
Mrr:       1.190406e+26
Mtt:      -2.206356e+24
Mpp:      -1.168342e+26
Mrt:      -5.857713e+25
Mrp:      -1.224794e+25
Mtp:       6.909240e+25
