 PDE 2019  8 27 23 55 19.20 -60.2200  -26.5800  16.0 6.6 6.6 SOUTH SANDWICH ISLANDS REGION
event name:     C201908272355A
time shift:      5.6624
half duration:   4.7000
latitude:      -60.5386
longitude:     -25.8057
depth:          26.3085
Mrr:       9.286808e+24
Mtt:      -5.190531e+25
Mpp:       4.261850e+25
Mrt:       3.405508e+25
Mrp:       3.760048e+25
Mtp:       6.029553e+25
