 PDE 2015  5  7  7 10 19.60  -7.2200  154.5600  10.0 7.0 7.1 SOLOMON ISLANDS
event name:     201505070710A
time shift:     13.5255
half duration:   7.6000
latitude:       -7.3550
longitude:     154.4770
depth:          10.6272
Mrr:      -4.289790e+26
Mtt:       3.292548e+26
Mpp:       9.972429e+25
Mrt:      -3.299087e+25
Mrp:       1.056360e+26
Mtp:      -2.503161e+26
