 PDE 2019  6 25  9  5 40.50  56.2000  164.2300  10.0 6.4 6.4 KOMANDORSKIYE OSTROVA REGION
event name:     C201906250905A
time shift:      7.1772
half duration:   4.0000
latitude:       56.2359
longitude:     164.3330
depth:          13.6257
Mrr:       2.791718e+24
Mtt:      -2.305188e+25
Mpp:       2.026016e+25
Mrt:      -4.366952e+24
Mrp:      -1.937615e+24
Mtp:      -4.498684e+25
