 PDE 2016 11 20 20 57 44.00 -31.6300  -68.6400 108.0 6.4 6.4 SAN JUAN PROVINCE, ARGENTINA
event name:     201611202057A
time shift:      2.1150
half duration:   3.9000
latitude:      -31.7112
longitude:     -68.7573
depth:         120.2042
Mrr:      -6.065569e+25
Mtt:       2.340069e+25
Mpp:       3.725499e+25
Mrt:       8.971122e+24
Mrp:       5.098648e+24
Mtp:       1.401143e+25
