 PDE 2018  4 10 10 19 34.40 -31.0300  -71.5300  66.0 6.2 6.2 NEAR COAST OF CENTRAL CHILE
event name:     C201804101019A
time shift:      3.3216
half duration:   3.2000
latitude:      -31.0625
longitude:     -71.5914
depth:          75.2883
Mrr:      -2.126753e+25
Mtt:       1.228253e+25
Mpp:       8.985006e+24
Mrt:       5.730858e+24
Mrp:      -1.913905e+25
Mtp:      -5.688243e+24
