 PDE 2018 11 22 16  7  5.40 -54.2100 -137.5000  10.0 5.9 5.9 PACIFIC-ANTARCTIC RIDGE
event name:     C201811221607A
time shift:      6.8823
half duration:   2.2000
latitude:      -54.3613
longitude:    -136.8906
depth:           6.1643
Mrr:      -5.348490e+23
Mtt:       6.821883e+24
Mpp:      -6.287034e+24
Mrt:      -4.639383e+23
Mrp:      -2.770761e+23
Mtp:       4.912003e+24
