 PDE 2013 05 11 02 08 08.50   26.5600   57.7700  15.0 5.9 6.2 SOUTHERN IRAN
event name:   C201305110208A
time shift:           5.3548
half duration:        3.0000
latitude:            26.5486
longitude:           57.7322
depth:                8.4344
Mrr:           -1.741186E+24
Mtt:           -1.037624E+25
Mpp:            1.211742E+25
Mrt:            8.548669E+24
Mrp:            1.873439E+24
Mtp:            1.983696E+25
