 PDE 2015 11  7  7  4 31.40 -29.4700  -72.2900  13.0 6.0 6.2 OFF COAST OF CENTRAL CHILE
event name:     C201511070704A
time shift:     10.0236
half duration:   2.6000
latitude:      -29.5427
longitude:     -72.3078
depth:           9.6737
Mrr:       1.035791e+25
Mtt:      -1.530013e+23
Mpp:      -1.020491e+25
Mrt:      -2.684142e+24
Mrp:      -8.702315e+24
Mtp:      -1.596370e+24
