 PDE 2013 05 21 01 55 08.40   52.5200  160.3600  30.0 5.6 6.0 OFF EAST COAST OF KAMCHATKA
event name:   C201305210155A
time shift:           3.7363
half duration:        2.4000
latitude:            52.3328
longitude:          160.8142
depth:               17.7540
Mrr:            1.213776E+25
Mtt:           -5.049776E+24
Mpp:           -7.087972E+24
Mrt:            8.687766E+24
Mrp:            1.002946E+25
Mtp:           -6.116399E+24
