 PDE 2016 10 15  8  3 38.20  -4.2700  150.3600 442.0 6.3 6.3 NEW BRITAIN REGION, P.N.G.
event name:     C201610150803A
time shift:      2.7661
half duration:   3.5000
latitude:       -4.1575
longitude:     150.4035
depth:         449.7665
Mrr:      -3.315325e+25
Mtt:       6.833193e+24
Mpp:       2.632006e+25
Mrt:      -2.035740e+25
Mrp:      -1.691788e+24
Mtp:       1.888297e+25
