 PDE 2019  6 26  2 18  7.80  56.1800  164.0900  10.0 6.4 6.3 KOMANDORSKIYE OSTROVA REGION
event name:     C201906260218A
time shift:      4.2214
half duration:   3.7000
latitude:       56.2371
longitude:     164.2364
depth:          10.1013
Mrr:       2.605204e+25
Mtt:      -3.944674e+25
Mpp:       1.339471e+25
Mrt:      -1.066956e+25
Mrp:       9.446332e+24
Mtp:      -2.486878e+25
