 PDE 2013 04 16 22 55 26.70   -3.2100  142.5400  13.0 6.1 6.6 NEAR N COAST OF NEW GUINEA, PNG.
event name:   C201304162255A
time shift:           5.7319
half duration:        4.9000
latitude:            -3.1364
longitude:          142.6022
depth:               17.4719
Mrr:            5.602609E+25
Mtt:           -2.658644E+25
Mpp:           -2.943965E+25
Mrt:           -5.891435E+24
Mrp:            7.073775E+25
Mtp:            5.393196E+25
