 PDE 2016  9  5 15 19  3.60 -37.1300  178.7000  27.0 5.8 5.9 OFF E. COAST OF N. ISLAND, N.Z.
event name:     C201609051518A
time shift:      2.7823
half duration:   2.0000
latitude:      -37.0584
longitude:     178.8264
depth:          12.8266
Mrr:       7.235281e+23
Mtt:       9.953727e+22
Mpp:      -8.230654e+23
Mrt:       1.386579e+24
Mrp:       6.129979e+24
Mtp:      -3.923672e+23
