 PDE 2017  3  9 11 14 26.40 -60.1500  150.3000  10.0 5.9 5.9 WEST OF MACQUARIE ISLAND
event name:     C201703091114A
time shift:      1.1264
half duration:   2.2000
latitude:      -60.0052
longitude:     150.1784
depth:           5.5717
Mrr:      -3.524182e+23
Mtt:       5.717943e+24
Mpp:      -5.365525e+24
Mrt:      -3.402283e+24
Mrp:       4.030046e+23
Mtp:      -6.814379e+24
