 PDE 2014 05 13 06 35 24.20    7.2100  -82.3000  10.0 0.0 6.5 SOUTH OF PANAMA
event name:   C201405130635A
time shift:           8.7113
half duration:        4.3000
latitude:             7.3545
longitude:          -82.4070
depth:               16.6584
Mrr:           -2.185171E+24
Mtt:            3.955694E+23
Mpp:            1.789602E+24
Mrt:            1.994773E+25
Mrp:            1.387079E+25
Mtp:            7.389897E+25
