 PDE 2014 01 13 04 01 03.20   19.0400  -66.8100  20.0 0.0 6.4 PUERTO RICO REGION
event name:   C201401130401A
time shift:           4.9250
half duration:        3.6000
latitude:            19.2226
longitude:          -66.8195
depth:               22.0801
Mrr:            9.639134E+24
Mtt:           -1.599048E+25
Mpp:            6.351336E+24
Mrt:           -1.572145E+25
Mrp:            4.116196E+25
Mtp:            1.924272E+25
