 PDE 2019 12 20 11 39 52.90  36.5400   70.4600 212.0 6.2 6.1 HINDU KUSH REGION, AFGHANISTAN
event name:     C201912201139A
time shift:      1.1916
half duration:   3.1000
latitude:       36.5465
longitude:      70.4556
depth:         207.4469
Mrr:       1.083549e+25
Mtt:       1.133935e+25
Mpp:      -2.217485e+25
Mrt:       1.616262e+25
Mrp:       3.553233e+24
Mtp:      -2.003958e+24
