 PDE 2016  8 21  3 45 23.80 -55.3100  -31.7500  12.0 6.1 6.1 SOUTH GEORGIA ISLAND REGION
event name:     C201608210345A
time shift:      5.0806
half duration:   2.7000
latitude:      -55.2372
longitude:     -31.5984
depth:          21.9157
Mrr:       1.147358e+25
Mtt:      -8.058097e+24
Mpp:      -3.415490e+24
Mrt:      -5.285949e+24
Mrp:       1.287482e+25
Mtp:       8.861441e+24
