 PDE 2012  7  6  2 28 22.20 -14.6600  167.3400 160.1 6.4 6.3 VANUATU ISLANDS
event name:     C201207060228A
time shift:      3.5102
half duration:   3.8000
latitude:      -14.7336
longitude:     167.1897
depth:         163.1423
Mrr:       4.272218e+25
Mtt:      -3.394034e+24
Mpp:      -3.932814e+25
Mrt:      -1.502156e+25
Mrp:      -9.379726e+24
Mtp:       1.924021e+25
