 PDE 2013 10 12 13 11 53.30   35.5100   23.2500  40.0 0.0 6.6 CRETE, GREECE
event name:   C201310121311A
time shift:           5.2105
half duration:        6.1000
latitude:            35.4099
longitude:           23.3761
depth:               13.4142
Mrr:            4.273716E+24
Mtt:           -1.900114E+24
Mpp:           -2.373604E+24
Mrt:            8.801773E+25
Mrp:           -4.827282E+25
Mtp:            3.628100E+24
