 PDE 2014 03 11 22 03 09.80   -3.0900  148.5500   7.0 0.0 6.1 BISMARCK SEA
event name:   C201403112203A
time shift:           5.2849
half duration:        2.8000
latitude:            -3.1175
longitude:          148.5114
depth:                8.2905
Mrr:           -1.566080E+24
Mtt:            1.685521E+25
Mpp:           -1.528915E+25
Mrt:            4.698051E+24
Mrp:            6.123893E+24
Mtp:            1.604981E+25
