 PDE 2011  2 11 20  5 30.80 -36.4700  -73.1200  27.6 6.8 6.8 NEAR COAST OF CENTRAL CHILE
event name:     201102112005A
time shift:      7.7347
half duration:   6.4000
latitude:      -36.6252
longitude:     -73.6014
depth:          19.5520
Mrr:       1.065392e+26
Mtt:      -3.254348e+24
Mpp:      -1.032848e+26
Mrt:       3.903091e+24
Mrp:      -2.204788e+26
Mtp:      -1.367223e+25
