 PDE 2014 12 07 01 22 02.20   -6.5100  154.4600  23.0 0.0 6.6 SOLOMON ISLANDS
event name:   C201412070122A
time shift:           6.1682
half duration:        4.7000
latitude:            -6.6186
longitude:          154.4066
depth:               16.8346
Mrr:            5.835406E+25
Mtt:           -1.756640E+25
Mpp:           -4.078767E+25
Mrt:            5.349773E+25
Mrp:           -6.645510E+25
Mtp:            2.944275E+25
