 PDE 2017  8  8 23 27 53.10  44.3000   82.8300  20.0 6.3 6.3 NORTHERN XINJIANG, CHINA
event name:     201708082327A
time shift:      5.5982
half duration:   3.6000
latitude:       44.3891
longitude:      82.7049
depth:          22.4277
Mrr:       2.530126e+25
Mtt:      -2.836255e+25
Mpp:       3.061283e+24
Mrt:      -2.306837e+24
Mrp:      -8.356145e+24
Mtp:      -3.027811e+24
