 PDE 2018  9  3 23 37 17.60   1.4400  -85.2600  10.0 5.9 5.9 OFF COAST OF ECUADOR
event name:     C201809032337A
time shift:      1.9308
half duration:   2.1000
latitude:        1.3038
longitude:     -85.3505
depth:           5.9503
Mrr:      -2.790677e+23
Mtt:       1.832796e+24
Mpp:      -1.553728e+24
Mrt:      -8.632636e+23
Mrp:       2.571721e+24
Mtp:       7.572258e+24
