 PDE 2012  1 15 13 40 19.50 -60.9500  -56.1100   8.0 6.5 6.6 SOUTH SHETLAND ISLANDS
event name:     C201201151340A
time shift:      6.7011
half duration:   4.6000
latitude:      -60.6466
longitude:     -56.4815
depth:          12.3598
Mrr:       8.009508e+23
Mtt:       9.117361e+25
Mpp:      -9.197456e+25
Mrt:      -5.071084e+23
Mrp:       3.180492e+25
Mtp:       1.512987e+25
