 PDE 2014 06 29 17 15 09.30  -14.9800 -175.5100  18.0 0.0 6.7 SAMOA ISLANDS REGION
event name:   C201406291715A
time shift:           8.9089
half duration:        5.0000
latitude:           -15.0004
longitude:         -175.5169
depth:               12.4050
Mrr:           -8.963875E+24
Mtt:            5.548677E+25
Mpp:           -4.652288E+25
Mrt:            6.385596E+24
Mrp:           -1.008891E+25
Mtp:            1.080692E+26
