 PDE 2016 12  9 19 10  6.80 -10.7500  161.1300  19.7 6.9 6.9 SOLOMON ISLANDS
event name:     201612091910A
time shift:     19.3114
half duration:   7.0000
latitude:      -10.9275
longitude:     161.0421
depth:           8.6863
Mrr:       2.191424e+26
Mtt:      -8.050153e+25
Mpp:      -1.386408e+26
Mrt:       1.706370e+26
Mrp:      -1.737710e+26
Mtp:       1.024365e+26
