 PDE 2015 11 11  1 54 38.60 -29.5100  -72.0100  12.0 6.8 6.9 OFF COAST OF CENTRAL CHILE
event name:     201511110154A
time shift:      8.2485
half duration:   6.1000
latitude:      -29.4695
longitude:     -72.2194
depth:          11.2279
Mrr:       1.265068e+26
Mtt:       6.502248e+23
Mpp:      -1.271570e+26
Mrt:       7.079132e+24
Mrp:      -1.289895e+26
Mtp:      -1.782409e+24
