 PDE 2013 08 25 16 07 14.70  -33.4500   57.0600   4.9 5.4 5.8 SOUTHWEST INDIAN RIDGE
event name:   C201308251607A
time shift:           6.1122
half duration:        2.0000
latitude:           -33.4466
longitude:           56.9930
depth:               14.2613
Mrr:           -1.044938E+24
Mtt:            1.139217E+24
Mpp:           -9.427845E+22
Mrt:           -2.476049E+23
Mrp:            1.282180E+24
Mtp:            8.270476E+24
