 PDE 2011 07 22 06 56 40.90  -20.3300 -178.6000 612.1 5.9 6.0 FIJI ISLANDS REGION
event name:   C201107220656A
time shift:           1.3852
half duration:        2.2000
latitude:           -20.1846
longitude:         -178.5097
depth:              604.4377
Mrr:           -4.659596E+24
Mtt:           -4.422484E+23
Mpp:            5.101843E+24
Mrt:           -7.233450E+24
Mrp:           -5.307910E+24
Mtp:           -2.231782E+22
