 PDE 2015  5 15 20 26 56.90  -2.5400  102.2200 151.0 6.0 6.0 SOUTHERN SUMATRA, INDONESIA
event name:     C201505152026A
time shift:      1.0802
half duration:   2.6000
latitude:       -2.6114
longitude:     102.1400
depth:         155.0643
Mrr:       3.609975e+24
Mtt:      -9.270238e+24
Mpp:       5.660262e+24
Mrt:      -1.045332e+24
Mrp:      -6.802101e+24
Mtp:      -7.190312e+24
