 PDE 2011  5 21  0 16 25.60 -56.0700  -27.1100  48.0 5.9 5.9 SOUTH SANDWICH ISLANDS REGION
event name:     C201105210016A
time shift:      4.0810
half duration:   2.1000
latitude:      -56.0302
longitude:     -26.9049
depth:          42.8486
Mrr:       2.563754e+24
Mtt:       4.467329e+24
Mpp:      -7.031083e+24
Mrt:      -3.369876e+24
Mrp:       1.006649e+24
Mtp:      -4.382449e+24
