 PDE 2016 12  5  1 13  4.90  -7.3200  123.3800 526.0 6.3 6.3 BANDA SEA
event name:     C201612050113A
time shift:      2.9180
half duration:   3.4000
latitude:       -7.3575
longitude:     123.4634
depth:         529.0104
Mrr:      -6.415101e+24
Mtt:      -2.124938e+25
Mpp:       2.766448e+25
Mrt:      -1.410224e+25
Mrp:       1.666423e+25
Mtp:       6.491033e+24
