 PDE 2012  4  2 17 36 42.10  16.4000  -98.3200   9.0 6.0 6.0 NEAR COAST OF GUERRERO, MEXICO
event name:     C201204021736A
time shift:      2.1090
half duration:   2.6000
latitude:       16.5562
longitude:     -98.3521
depth:           7.0935
Mrr:      -1.246851e+25
Mtt:       1.290547e+25
Mpp:      -4.369698e+23
Mrt:       7.308977e+24
Mrp:      -8.791388e+23
Mtp:      -4.023898e+23
