 PDE 2014 08 06 11 45 22.70   -7.2700  128.0400  10.0 0.0 6.2 BANDA SEA
event name:   C201408061145A
time shift:           7.4153
half duration:        3.0000
latitude:            -7.1391
longitude:          127.9225
depth:               16.5389
Mrr:            4.873630E+24
Mtt:           -2.984048E+25
Mpp:            2.496685E+25
Mrt:           -1.093079E+25
Mrp:            1.910306E+24
Mtp:            6.421951E+24
