 PDE 2019  9  2 22 45 48.80  23.7800  -45.2200  10.0 5.9 5.9 NORTHERN MID-ATLANTIC RIDGE
event name:     C201909022245A
time shift:      0.2447
half duration:   2.2000
latitude:       23.7544
longitude:     -45.0650
depth:           6.2141
Mrr:      -4.199928e+23
Mtt:      -3.011908e+24
Mpp:       3.431900e+24
Mrt:       8.574938e+23
Mrp:      -3.026489e+23
Mtp:      -8.753692e+24
