 PDE 2017  8  8 13 19 49.50  33.1900  103.8600   9.0 6.5 6.5 GANSU, CHINA
event name:     201708081319A
time shift:      2.3562
half duration:   4.3000
latitude:       33.2107
longitude:     103.8495
depth:          14.1479
Mrr:      -1.700402e+24
Mtt:       4.629604e+25
Mpp:      -4.459564e+25
Mrt:       6.546466e+24
Mrp:       1.333341e+25
Mtp:      -3.166056e+25
