 PDE 2013  7 24  3 32 33.60 -23.1300 -177.2200 155.5 6.0 5.9 SOUTH OF FIJI ISLANDS
event name:     C201307240332A
time shift:      2.4785
half duration:   2.3000
latitude:      -23.2316
longitude:    -176.8044
depth:         165.9922
Mrr:      -1.161132e+24
Mtt:       1.857673e+24
Mpp:      -6.965409e+23
Mrt:      -3.143622e+24
Mrp:      -9.632986e+24
Mtp:       2.120936e+24
