 PDE 2014 03 19 16 00 23.20  -27.8800 -177.1300  30.7 0.0 5.8 KERMADEC ISLANDS REGION
event name:   C201403191600A
time shift:           3.8519
half duration:        1.9000
latitude:           -27.9795
longitude:         -176.6999
depth:               35.0939
Mrr:            3.005626E+24
Mtt:            1.124670E+24
Mpp:           -4.130296E+24
Mrt:           -1.344300E+24
Mrp:            4.560077E+24
Mtp:           -8.598730E+22
