 PDE 2011 02 21 10 57 52.40  -26.1400  178.3900 558.1 6.3 6.6 SOUTH OF FIJI ISLANDS
event name:   C201102211057A
time shift:           2.9902
half duration:        4.5000
latitude:           -25.9485
longitude:          178.4680
depth:              565.1070
Mrr:           -2.851247E+25
Mtt:            1.855339E+25
Mpp:            9.959077E+24
Mrt:           -1.956175E+25
Mrp:            7.572526E+25
Mtp:           -3.318377E+25
