 PDE 2016  3 20 22 50 20.40  54.2900  162.8100  30.0 6.4 6.4 NEAR EAST COAST OF KAMCHATKA
event name:     C201603202250A
time shift:      5.6301
half duration:   3.8000
latitude:       54.2994
longitude:     163.1162
depth:          34.0171
Mrr:       2.831224e+25
Mtt:      -5.173646e+24
Mpp:      -2.313859e+25
Mrt:       6.031460e+24
Mrp:       3.314201e+25
Mtp:       1.963696e+24
