 PDE 2013 11 19 13 32 51.20    2.6400  128.4300  38.0 0.0 6.0 HALMAHERA, INDONESIA
event name:   C201311191332A
time shift:           5.1869
half duration:        2.8000
latitude:             2.7938
longitude:          128.3394
depth:               35.3157
Mrr:            7.438063E+24
Mtt:           -1.473502E+25
Mpp:            7.296959E+24
Mrt:            3.151268E+24
Mrp:            1.414405E+25
Mtp:           -5.055487E+24
