 PDE 2016  6  9  4 13  8.10 -11.2500  116.2700  19.0 6.1 6.1 SOUTH OF SUMBAWA, INDONESIA
event name:     C201606090413A
time shift:      3.4300
half duration:   2.6000
latitude:      -11.2908
longitude:     116.2709
depth:          26.0308
Mrr:      -1.368246e+25
Mtt:       1.549349e+25
Mpp:      -1.811036e+24
Mrt:      -1.877968e+24
Mrp:      -8.508684e+24
Mtp:       3.740930e+24
