 PDE 2014 12 24 01 58 01.70  -56.4000  147.3400   4.0 0.0 5.9 WEST OF MACQUARIE ISLAND
event name:   C201412240158A
time shift:           5.8608
half duration:        2.2000
latitude:           -56.4605
longitude:          147.1060
depth:                9.2745
Mrr:           -8.315835E+23
Mtt:            5.686228E+24
Mpp:           -4.854643E+24
Mrt:           -7.277635E+23
Mrp:           -8.092123E+23
Mtp:           -9.951582E+24
