 PDE 2010  3  8  7 47 42.00  38.7100   40.0500  10.0 5.5 5.6 TURKEY - INV
event name:     C201003080747A
time shift:      2.2600
half duration:   1.5000
latitude:       38.7211
longitude:      39.9247
depth:          14.6701
Mrr:      -0.152855E+24
Mtt:      -0.172025E+25
Mpp:       0.187311E+25
Mrt:       0.515103E+24
Mrp:      -0.262792E+23
Mtp:       0.259675E+24
