 PDE 2011 01 12 21 32 55.20   26.9800  139.8700 527.9 6.2 6.5 BONIN ISLANDS, JAPAN REGION
event name:   C201101122132A
time shift:           3.5605
half duration:        4.4000
latitude:            26.9426
longitude:          139.9482
depth:              512.7542
Mrr:           -3.625362E+25
Mtt:            4.207394E+25
Mpp:           -5.820312E+24
Mrt:            2.428003E+25
Mrp:           -5.646507E+25
Mtp:           -2.580585E+25
