 PDE 2014 02 18 09 27 13.10   14.6700  -58.9300  14.8 0.0 6.5 NORTH ATLANTIC OCEAN
event name:   C201402180927A
time shift:           4.6444
half duration:        4.1000
latitude:            14.7543
longitude:          -58.8936
depth:               15.3968
Mrr:           -4.291324E+25
Mtt:           -3.803021E+25
Mpp:            8.094344E+25
Mrt:            2.261872E+25
Mrp:            4.124627E+23
Mtp:            8.806540E+24
