 PDE 2010 03 04 14 02 27.50  -13.5700  167.2300 176.0 6.0 6.5 VANUATU ISLANDS
event name:   C201003041402A
time shift:           4.1890
half duration:        4.1000
latitude:           -13.6531
longitude:          166.9922
depth:              181.2356
Mrr:            6.358715E+25
Mtt:           -8.246664E+24
Mpp:           -5.534048E+25
Mrt:           -1.262353E+24
Mrp:           -1.125326E+25
Mtp:            1.925039E+25
