 PDE 2014 03 10 05 18 13.40   40.8300 -125.1300  16.6 0.0 6.9 OFF COAST OF NORTHERN CALIFORNIA
event name:   C201403100518A
time shift:           7.2059
half duration:        7.0000
latitude:            40.7918
longitude:         -125.2470
depth:               15.5927
Mrr:           -4.054394E+24
Mtt:           -3.186838E+26
Mpp:            3.227380E+26
Mrt:            2.321021E+25
Mrp:           -8.482459E+24
Mtp:            5.150062E+25
