 PDE 2015 11 26  5 45 18.40  -9.1800  -71.2600 602.8 6.7 6.7 PERU-BRAZIL BORDER REGION
event name:     201511260545A
time shift:      3.3561
half duration:   5.4000
latitude:       -9.1446
longitude:     -71.3859
depth:         612.3630
Mrr:      -1.145794e+26
Mtt:       7.642540e+24
Mpp:       1.069369e+26
Mrt:      -8.657385e+24
Mrp:       7.579190e+25
Mtp:      -2.135461e+25
