 PDE 2017  4 24 21 38 30.80 -33.0400  -72.0700  28.0 6.9 6.9 OFF COAST OF CENTRAL CHILE
event name:     201704242138A
time shift:      6.7995
half duration:   6.1000
latitude:      -33.1237
longitude:     -72.0964
depth:          23.5511
Mrr:       1.070894e+26
Mtt:       4.753428e+23
Mpp:      -1.075647e+26
Mrt:       5.763222e+24
Mrp:      -1.584689e+26
Mtp:      -2.965980e+24
