 PDE 2018  7 16 15 18 38.40 -61.3700  154.9700  10.0 5.8 5.8 BALLENY ISLANDS REGION
event name:     C201807161518A
time shift:      8.2250
half duration:   2.0000
latitude:      -61.3950
longitude:     154.0812
depth:           8.7452
Mrr:      -5.706404e+23
Mtt:       6.154188e+24
Mpp:      -5.583547e+24
Mrt:       8.399763e+23
Mrp:       1.716326e+24
Mtp:      -4.779305e+24
