 PDE 2010  3 30 16 54 46.70  13.6700   92.8300  34.0 6.6 6.7 ANDAMAN ISLANDS, INDIA REGION
event name:     201003301654A
time shift:      6.3224
half duration:   5.1000
latitude:       13.5906
longitude:      92.7245
depth:          29.0149
Mrr:      -5.363123e+25
Mtt:      -1.244870e+25
Mpp:       6.607993e+25
Mrt:       8.101319e+24
Mrp:      -3.673805e+25
Mtp:       8.840400e+25
