 PDE 2017 10 31  0 42  8.70 -21.7000  169.1300  24.0 6.7 6.8 SOUTHEAST OF LOYALTY ISLANDS
event name:     201710310042A
time shift:     10.0786
half duration:   5.5000
latitude:      -21.6054
longitude:     169.1383
depth:          11.5598
Mrr:       1.316479e+26
Mtt:      -3.640221e+25
Mpp:      -9.524569e+25
Mrt:       7.047263e+25
Mrp:      -1.132516e+26
Mtp:       5.682829e+25
