 PDE 2013 09 05 12 29 15.10   10.5900  -86.1100  18.0 0.0 5.9 OFF COAST OF COSTA RICA
event name:   C201309051229A
time shift:           3.7643
half duration:        2.0000
latitude:            10.2937
longitude:          -86.4487
depth:               20.3090
Mrr:            4.591391E+24
Mtt:           -3.084596E+24
Mpp:           -1.506794E+24
Mrt:            4.379006E+24
Mrp:           -3.413627E+24
Mtp:            2.487124E+24
