 PDE 2011 08 23 17 51 03.00   37.9800  -77.9700   1.0 5.9 5.9 VIRGINIA
event name:    201108231751A
time shift:           2.9655
half duration:        1.9000
latitude:            37.8306
longitude:          -77.9589
depth:                8.6706
Mrr:            4.604640E+24
Mtt:            3.906545E+23
Mpp:           -4.995304E+24
Mrt:            1.613999E+24
Mrp:           -4.075534E+23
Mtp:           -1.081412E+24
