 PDE 2013 04 30 06 25 23.20   37.5900  -24.9100  10.0 5.9 5.9 AZORES ISLANDS REGION
event name:   C201304300625A
time shift:           4.2129
half duration:        2.0000
latitude:            37.5997
longitude:          -24.6267
depth:               12.9658
Mrr:           -6.304107E+24
Mtt:            4.844290E+24
Mpp:            1.459817E+24
Mrt:           -1.245809E+23
Mrp:           -1.173068E+24
Mtp:           -6.611339E+24
