 PDE 2015 11 27 21  0 22.90 -24.8300  -70.6000  34.0 6.2 6.2 NEAR COAST OF NORTHERN CHILE
event name:     C201511272100A
time shift:      4.6387
half duration:   3.0000
latitude:      -24.7703
longitude:     -70.8621
depth:          39.2872
Mrr:       1.709132e+25
Mtt:       1.348314e+24
Mpp:      -1.843964e+25
Mrt:       4.226322e+24
Mrp:      -1.450325e+25
Mtp:       1.032095e+23
