 PDE 2011  1 23 19 15 42.70 -20.3300 -176.2900 236.1 5.8 5.9 FIJI ISLANDS REGION
event name:     C201101231915A
time shift:      1.6592
half duration:   2.0000
latitude:      -20.4351
longitude:    -175.7235
depth:         233.0171
Mrr:      -9.706566e+23
Mtt:       9.844859e+23
Mpp:      -1.382931e+22
Mrt:      -1.683893e+24
Mrp:      -7.231172e+24
Mtp:      -3.017723e+23
