 PDE 2019  1 26  3 51 37.90  -7.0100  156.3200 355.0 6.2 6.2 SOLOMON ISLANDS
event name:     C201901260351A
time shift:      1.5089
half duration:   3.1000
latitude:       -6.9846
longitude:     156.2555
depth:         362.5802
Mrr:       1.507984e+25
Mtt:      -4.993135e+24
Mpp:      -1.008671e+25
Mrt:      -1.998715e+25
Mrp:      -8.411570e+24
Mtp:      -6.820623e+24
