 PDE 2012  1 23 16  4 53.00 -36.4100  -73.0300  20.0 6.1 6.2 NEAR COAST OF CENTRAL CHILE
event name:     C201201231604A
time shift:      4.4293
half duration:   2.8000
latitude:      -36.5019
longitude:     -73.4258
depth:          23.0169
Mrr:       1.173507e+25
Mtt:       4.749937e+23
Mpp:      -1.221006e+25
Mrt:       3.575317e+23
Mrp:      -1.632233e+25
Mtp:      -1.739150e+24
