 PDE 2016  6 21 16 26 34.40  22.6600  -45.1400  10.0 6.1 6.1 NORTHERN MID-ATLANTIC RIDGE
event name:     C201606211626A
time shift:      2.0094
half duration:   2.9000
latitude:       22.7441
longitude:     -44.9619
depth:           6.2193
Mrr:      -2.397151e+25
Mtt:       6.799163e+23
Mpp:       2.329159e+25
Mrt:      -2.252757e+24
Mrp:      -5.119396e+24
Mtp:       6.164466e+24
