 PDE 2013 07 06 05 05 06.70   -3.2700  100.5600  21.0 5.9 6.3 SOUTHERN SUMATRA, INDONESIA
event name:   C201307060505A
time shift:           3.7484
half duration:        2.6000
latitude:            -3.5921
longitude:          100.2189
depth:               22.2009
Mrr:            1.335618E+25
Mtt:           -5.566368E+24
Mpp:           -7.789802E+24
Mrt:            1.621293E+25
Mrp:           -1.031561E+25
Mtp:            7.107075E+24
