 PDE 2010 07 21 09 16 04.40    3.0400  128.2200 100.0 6.0 6.1 NORTH OF HALMAHERA, INDONESIA
event name:   C201007210916A
time shift:           4.3456
half duration:        2.8000
latitude:             3.0879
longitude:          128.0898
depth:              115.6666
Mrr:            5.192938E+24
Mtt:            1.300781E+25
Mpp:           -1.820074E+25
Mrt:            8.673254E+24
Mrp:            5.116596E+24
Mtp:            5.712451E+24
