 PDE 2010 01 28 08 04 14.20  -23.3600  -66.7100 208.4 5.8 5.9 JUJUY PROVINCE, ARGENTINA
event name:   C201001280804A
time shift:          -0.3244
half duration:        2.1000
latitude:           -23.6410
longitude:          -66.9430
depth:              201.6275
Mrr:           -3.948399E+24
Mtt:           -2.417176E+24
Mpp:            6.365576E+24
Mrt:            4.718276E+24
Mrp:           -6.131190E+24
Mtp:           -1.465975E+24
