 PDE 2017 12 12  8 43 18.30  30.7400   57.2800  12.0 6.0 6.0 NORTHERN AND CENTRAL IRAN
event name:     C201712120843A
time shift:      1.1213
half duration:   2.4000
latitude:       30.6599
longitude:      57.0890
depth:           8.7060
Mrr:       8.228742e+24
Mtt:      -5.592166e+24
Mpp:      -2.636576e+24
Mrt:      -5.834224e+24
Mrp:       5.012095e+24
Mtp:       3.944828e+24
