 PDE 2011  5  9 18 54 43.70 -56.6500  147.4100   9.0 5.9 6.1 WEST OF MACQUARIE ISLAND
event name:     C201105091854A
time shift:      1.2876
half duration:   2.2000
latitude:      -56.7387
longitude:     147.3260
depth:           5.6084
Mrr:      -3.780166e+23
Mtt:       4.371088e+24
Mpp:      -3.993072e+24
Mrt:       5.595782e+23
Mrp:      -1.439206e+24
Mtp:      -8.684108e+24
