 PDE 2016 12 10 16 24 35.00  -5.6600  154.4700 142.6 6.1 6.0 SOLOMON ISLANDS
event name:     C201612101624A
time shift:      3.0031
half duration:   2.6000
latitude:       -5.8170
longitude:     154.4334
depth:         152.7373
Mrr:       1.486770e+25
Mtt:      -8.660228e+24
Mpp:      -6.207464e+24
Mrt:       4.014314e+24
Mrp:       3.825978e+24
Mtp:       9.655755e+24
