 PDE 2010  3  9 14  6 52.30  51.4900 -173.5300  35.0 5.8 5.9 ANDREANOF ISLANDS, ALEUTIAN IS.
event name:     C201003091406A
time shift:      1.7637
half duration:   2.0000
latitude:       51.4755
longitude:    -173.5676
depth:          18.2842
Mrr:       5.027291e+24
Mtt:      -4.746762e+24
Mpp:      -2.805284e+23
Mrt:       4.414529e+24
Mrp:       1.811279e+24
Mtp:      -1.498198e+24
