 PDE 2013 09 25 16 42 43.80  -15.8500  -74.5600  45.8 0.0 7.0 NEAR COAST OF PERU
event name:   C201309251642A
time shift:           8.1415
half duration:        8.1000
latitude:           -16.0123
longitude:          -74.7908
depth:               43.4336
Mrr:            4.221392E+26
Mtt:           -2.592001E+26
Mpp:           -1.629391E+26
Mrt:            1.617409E+26
Mrp:           -1.635188E+26
Mtp:            2.798940E+26
