 PDE 2013 07 16 09 35 53.60   -6.2900  154.7700  40.0 5.4 6.0 SOLOMON ISLANDS
event name:   C201307160935A
time shift:           5.6567
half duration:        2.2000
latitude:            -6.5644
longitude:          154.7042
depth:               42.2843
Mrr:            1.030690E+25
Mtt:           -5.928607E+24
Mpp:           -4.378302E+24
Mrt:            7.101917E+23
Mrp:           -1.214144E+24
Mtp:            5.141930E+24
