 PDE 2013 04 19 19 58 40.20   49.9700  157.6500  15.0 5.9 6.1 EAST OF KURIL ISLANDS
event name:   C201304191958A
time shift:           4.3752
half duration:        2.6000
latitude:            49.9195
longitude:          157.9522
depth:               17.2162
Mrr:            1.582551E+25
Mtt:           -5.292636E+24
Mpp:           -1.053288E+25
Mrt:            7.698746E+24
Mrp:            1.204481E+25
Mtp:           -7.893563E+24
