 PDE 2013  5 26  6  8 16.00  39.9600   67.3100  18.0 5.8 5.9 SOUTHEASTERN UZBEKISTAN
event name:     C201305260608A
time shift:      0.7719
half duration:   1.9000
latitude:       39.9575
longitude:      67.2496
depth:          21.6740
Mrr:       4.270851e+24
Mtt:      -1.429848e+24
Mpp:      -2.841002e+24
Mrt:       2.110136e+24
Mrp:       1.212572e+24
Mtp:      -2.488354e+24
