 PDE 2014  5  1  6 36 35.50 -21.4500  170.3500 106.0 6.6 6.6 SOUTHEAST OF LOYALTY ISLANDS
event name:     201405010636A
time shift:      4.9693
half duration:   4.9000
latitude:      -21.5171
longitude:     170.1300
depth:         119.5784
Mrr:       6.732560e+24
Mtt:       1.509077e+25
Mpp:      -2.182333e+25
Mrt:       7.520840e+25
Mrp:       3.496484e+24
Mtp:       6.184499e+25
