 PDE 2014 11 01 10 59 54.60  -31.8500 -111.2400  10.0 0.0 6.0 EASTER ISLAND REGION
event name:   C201411011059A
time shift:           3.7854
half duration:        2.5000
latitude:           -31.9498
longitude:         -111.2212
depth:                8.7771
Mrr:            8.905329E+24
Mtt:           -1.096597E+25
Mpp:            2.060640E+24
Mrt:           -8.317938E+24
Mrp:            5.125181E+23
Mtp:            1.114082E+25
