 PDE 2014 11 26 14 33 43.60    1.9600  126.5700  39.0 0.0 6.8 NORTHERN MOLUCCA SEA
event name:   C201411261433A
time shift:           7.5783
half duration:        5.9000
latitude:             2.1109
longitude:          126.4537
depth:               34.5357
Mrr:            1.763487E+26
Mtt:           -4.650113E+25
Mpp:           -1.298476E+26
Mrt:           -2.441529E+25
Mrp:           -7.846728E+25
Mtp:           -8.352031E+25
