 PDE 2015 10 23  1 40  6.30 -54.2300    6.1600  11.0 6.1 6.2 BOUVET ISLAND REGION
event name:     C201510230140A
time shift:      7.5944
half duration:   2.8000
latitude:      -54.3335
longitude:       6.5187
depth:          12.6936
Mrr:      -1.719748e+24
Mtt:       2.020155e+25
Mpp:      -1.848180e+25
Mrt:       2.333410e+24
Mrp:       3.525148e+24
Mtp:       3.821918e+24
