 PDE 2018  8 10 18 12  7.00  48.4600  154.9400  27.0 6.1 6.0 KURIL ISLANDS
event name:     C201808101812A
time shift:      3.7994
half duration:   2.9000
latitude:       48.4331
longitude:     155.2572
depth:          25.3458
Mrr:      -1.127576e+25
Mtt:       2.759449e+24
Mpp:       8.516307e+24
Mrt:      -8.291647e+24
Mrp:      -1.201736e+25
Mtp:       6.076190e+24
