 PDE 2010 03 14 00 57 44.70   -1.6900  128.1300  53.0 6.3 6.4 HALMAHERA, INDONESIA
event name:   C201003140057A
time shift:           5.2441
half duration:        4.1000
latitude:            -1.6169
longitude:          128.0903
depth:               55.9557
Mrr:            4.130056E+24
Mtt:            5.966672E+25
Mpp:           -6.379679E+25
Mrt:            2.488618E+25
Mrp:            1.051103E+25
Mtp:            8.528531E+24
