 PDE 2014 04 17 15 06 51.50  -62.8700  155.7400  20.6 0.0 6.2 BALLENY ISLANDS REGION
event name:   C201404171506A
time shift:          15.3030
half duration:        3.1000
latitude:           -62.6489
longitude:          155.4355
depth:                9.8081
Mrr:           -1.040360E+24
Mtt:            2.320802E+25
Mpp:           -2.216765E+25
Mrt:           -6.079772E+24
Mrp:           -3.049487E+24
Mtp:           -1.463481E+25
