 PDE 2011  3 24 13 55 11.90  20.6900   99.8400   8.0 6.8 7.1 MYANMAR
event name:     C201103241355A
time shift:      4.7067
half duration:   6.4000
latitude:       20.6195
longitude:     100.0242
depth:          14.7514
Mrr:       4.029800e+24
Mtt:      -1.265666e+26
Mpp:       1.225368e+26
Mrt:       2.934876e+25
Mrp:       2.799585e+25
Mtp:       1.460205e+26
