 PDE 2010 09 03 16 35 47.80  -43.5300  171.8100  12.0 6.4 7.3 SOUTH ISLAND, NEW ZEALAND
event name:    201009031635A
time shift:          10.1627
half duration:        7.5000
latitude:           -43.5547
longitude:          172.1196
depth:                7.2206
Mrr:            6.429410E+25
Mtt:           -4.598487E+23
Mpp:           -6.383440E+25
Mrt:            7.613098E+25
Mrp:            3.343030E+24
Mtp:           -4.032108E+26
