 PDE 2016  1  5  9 34 14.60 -54.2900 -136.2600  10.0 6.0 6.0 PACIFIC-ANTARCTIC RIDGE
event name:     C201601050934A
time shift:      3.2269
half duration:   2.3000
latitude:      -54.4600
longitude:    -136.5635
depth:           7.3526
Mrr:      -5.597171e+23
Mtt:       8.028072e+24
Mpp:      -7.468355e+24
Mrt:      -7.071857e+22
Mrp:       6.370375e+23
Mtp:       7.371222e+24
