 PDE 2016  2  8 16 19 12.80  -6.6200  154.7400  29.0 6.4 6.4 SOLOMON ISLANDS
event name:     201602081619A
time shift:      4.5373
half duration:   4.0000
latitude:       -6.8100
longitude:     154.5903
depth:          35.4132
Mrr:       5.332236e+25
Mtt:      -2.309885e+25
Mpp:      -3.022350e+25
Mrt:       7.193907e+24
Mrp:      -2.460920e+25
Mtp:       1.852849e+25
