 PDE 2014  9 24 11 16 14.90 -23.8200  -66.6400 224.0 6.2 6.2 JUJUY PROVINCE, ARGENTINA
event name:     C201409241116A
time shift:      2.5742
half duration:   3.2000
latitude:      -23.7816
longitude:     -66.7081
depth:         223.5022
Mrr:      -2.273574e+25
Mtt:      -2.167605e+24
Mpp:       2.490334e+25
Mrt:      -1.324096e+24
Mrp:      -1.236446e+25
Mtp:       9.841259e+23
