 PDE 2016  4 25  7  7  8.60  14.4800  -93.1500  16.0 6.0 6.0 NEAR COAST OF CHIAPAS, MEXICO
event name:     C201604250707A
time shift:      3.5803
half duration:   2.4000
latitude:       14.4509
longitude:     -93.3694
depth:          16.7718
Mrr:       7.183504e+24
Mtt:      -5.721665e+24
Mpp:      -1.461838e+24
Mrt:       6.199154e+24
Mrp:      -5.058063e+24
Mtp:       2.859549e+24
