 PDE 2012  3  9  7  9 51.00 -19.1200  169.6100  16.0 6.6 6.7 VANUATU ISLANDS
event name:     201203090709A
time shift:      8.0850
half duration:   5.1000
latitude:      -19.0498
longitude:     169.5557
depth:           8.3582
Mrr:      -1.150908e+26
Mtt:       4.278393e+25
Mpp:       7.230689e+25
Mrt:      -2.661929e+24
Mrp:      -9.214909e+24
Mtp:      -6.991733e+25
