 PDE 2013 04 14 01 32 22.60   -6.4700  154.6100  31.0 6.0 6.6 SOLOMON ISLANDS
event name:   C201304140132A
time shift:           5.3057
half duration:        4.5000
latitude:            -6.7275
longitude:          154.5686
depth:               28.2503
Mrr:            6.911125E+25
Mtt:           -3.804540E+25
Mpp:           -3.106585E+25
Mrt:            3.525048E+25
Mrp:           -3.518743E+25
Mtp:            3.486806E+25
