 PDE 2012  4 11 22 55 10.20  18.2300 -102.6900  20.0 6.7 6.7 MICHOACAN, MEXICO
event name:     201204112255A
time shift:      5.4287
half duration:   5.2000
latitude:       18.1164
longitude:    -103.0120
depth:          20.8769
Mrr:       7.541270e+25
Mtt:      -6.946822e+25
Mpp:      -5.944485e+24
Mrt:       5.969745e+25
Mrp:      -3.540183e+25
Mtp:       2.686978e+25
