 PDE 2012  5 20  2  3 51.80  44.9000   11.2300   8.3 6.1 6.1 NORTHERN ITALY
event name:     C201205200203A
time shift:      5.3911
half duration:   2.7000
latitude:       44.8877
longitude:      11.4161
depth:           9.0561
Mrr:       1.412651e+25
Mtt:      -1.366414e+25
Mpp:      -4.623578e+23
Mrt:      -6.417114e+24
Mrp:       8.862393e+24
Mtp:       3.875778e+24
