 PDE 2013 10  6 16 38  8.80  12.3100  141.6900 104.0 6.0 6.0 SOUTH OF MARIANA ISLANDS
event name:     C201310061638A
time shift:      3.9960
half duration:   2.5000
latitude:       12.1343
longitude:     141.7181
depth:         110.9735
Mrr:       5.352854e+24
Mtt:      -5.306298e+24
Mpp:      -4.655603e+22
Mrt:       1.007792e+25
Mrp:      -7.654816e+24
Mtp:      -3.754615e+23
