 PDE 2012 10 17 04 42 30.40    4.2300  124.5200 326.0 5.9 6.1 CELEBES SEA
event name:   C201210170442A
time shift:           3.4894
half duration:        2.5000
latitude:             4.2600
longitude:          124.4970
depth:              328.6274
Mrr:           -1.084847E+25
Mtt:           -1.308292E+24
Mpp:            1.215675E+25
Mrt:           -9.514381E+24
Mrp:           -2.718807E+24
Mtp:           -1.412274E+24
