 PDE 2017  2 24  0 32 17.50  -8.4400   30.0500  30.0 6.0 5.9 LAKE TANGANYIKA REGION
event name:     C201702240032A
time shift:      1.3608
half duration:   2.3000
latitude:       -8.3131
longitude:      29.8674
depth:          32.9514
Mrr:      -7.242389e+24
Mtt:       7.495552e+24
Mpp:      -2.531622e+23
Mrt:       1.646193e+24
Mrp:       3.837654e+24
Mtp:       2.568647e+24
