 PDE 2018  1 23  6 34 55.00  -7.0900  105.9600  48.2 6.0 5.9 JAVA, INDONESIA
event name:     C201801230634A
time shift:      1.7655
half duration:   2.5000
latitude:       -7.1619
longitude:     106.1663
depth:          49.8520
Mrr:       1.506650e+24
Mtt:      -7.714141e+24
Mpp:       6.207491e+24
Mrt:       7.005026e+24
Mrp:       5.241396e+24
Mtp:      -1.595903e+24
