 PDE 2019 10 21  2 52 29.70 -19.0200  169.4900 231.0 6.4 6.4 VANUATU ISLANDS
event name:     C201910210252A
time shift:      2.9674
half duration:   4.1000
latitude:      -19.0684
longitude:     169.3121
depth:         238.8617
Mrr:       4.636985e+25
Mtt:      -2.739899e+23
Mpp:      -4.609586e+25
Mrt:       1.921558e+25
Mrp:      -2.480816e+25
Mtp:      -1.538451e+25
