 PDE 2010  4 24 15  1 12.60  34.4500   26.0100  34.5 5.3 4.9 CRETE, GREECE - INV
event name:     C201004241501A
time shift:     -0.7800
half duration:   1.2000
latitude:       34.1501
longitude:      26.0101
depth:          18.7512
Mrr:       0.882635E+24
Mtt:      -0.923829E+24
Mpp:       0.411940E+23
Mrt:       0.406686E+24
Mrp:       0.993693E+23
Mtp:      -0.280026E+23
