 PDE 2013 08 29 13 52 26.50  -19.3200 -179.1500 649.0 5.5 5.8 FIJI ISLANDS REGION
event name:   C201308291352A
time shift:           3.5528
half duration:        1.9000
latitude:           -19.3381
longitude:         -178.9497
depth:              683.3319
Mrr:            4.613708E+24
Mtt:           -4.947298E+24
Mpp:            3.335900E+23
Mrt:            1.169808E+24
Mrp:           -1.703370E+24
Mtp:           -2.055958E+24
