 PDE 2012 11 13 04 31 26.80  -45.7600  -77.0500   9.0 5.7 6.1 OFF COAST OF SOUTHERN CHILE
event name:   C201211130431A
time shift:           3.0779
half duration:        2.5000
latitude:           -45.8057
longitude:          -77.5438
depth:               12.9442
Mrr:           -5.508526E+23
Mtt:            6.432420E+24
Mpp:           -5.881567E+24
Mrt:            2.431109E+24
Mrp:           -4.002062E+24
Mtp:           -1.341451E+25
