 PDE 2015 12 23 16 55  9.50 -54.1800   -1.4900  10.0 5.9 5.8 BOUVET ISLAND REGION
event name:     C201512231655A
time shift:      3.6871
half duration:   2.1000
latitude:      -54.1819
longitude:      -1.1698
depth:           7.8718
Mrr:      -5.005197e+23
Mtt:       4.648612e+24
Mpp:      -4.148092e+24
Mrt:       2.073830e+23
Mrp:       7.342319e+23
Mtp:      -6.758804e+24
