 PDE 2011  4  3 20  6 40.40  -9.8500  107.6900  14.0 6.7 6.8 SOUTH OF JAVA, INDONESIA
event name:     201104032006A
time shift:      9.1157
half duration:   5.7000
latitude:      -10.1000
longitude:     107.6909
depth:          18.0130
Mrr:      -1.315959e+26
Mtt:       1.563721e+26
Mpp:      -2.477609e+25
Mrt:       2.675361e+25
Mrp:      -3.279314e+25
Mtp:      -9.885250e+25
