 PDE 2018  2  6 15 50 43.30  24.1300  121.6600  17.0 6.4 6.4 TAIWAN
event name:     201802061550A
time shift:      7.8422
half duration:   3.7000
latitude:       24.0009
longitude:     121.5199
depth:          15.0511
Mrr:       2.427343e+25
Mtt:      -4.361719e+25
Mpp:       1.934376e+25
Mrt:       1.412053e+25
Mrp:      -5.469962e+24
Mtp:      -2.497834e+25
