 PDE 2013 09 11 12 44 13.60   -4.6500 -104.8200   9.6 0.0 6.1 CENTRAL EAST PACIFIC RISE
event name:   C201309111244A
time shift:           5.5383
half duration:        2.6000
latitude:            -4.4527
longitude:         -104.8407
depth:               11.4815
Mrr:           -1.551728E+24
Mtt:            5.338451E+24
Mpp:           -3.786720E+24
Mrt:           -1.132409E+24
Mrp:            2.043303E+24
Mtp:            1.578982E+25
