 PDE 2018 10  1 23 59 42.70 -10.5600  120.2400  29.0 6.0 6.0 SUMBA REGION, INDONESIA
event name:     C201810012359A
time shift:      4.7977
half duration:   2.4000
latitude:      -10.5611
longitude:     120.1631
depth:          21.3548
Mrr:       1.046170e+25
Mtt:      -1.016923e+25
Mpp:      -2.924693e+23
Mrt:       6.393562e+24
Mrp:      -1.617138e+24
Mtp:       4.624334e+24
