 PDE 2013 10 29 10 37 56.00  -61.6900  154.6700  10.0 0.0 5.9 BALLENY ISLANDS REGION
event name:   C201310291037A
time shift:           4.4653
half duration:        2.3000
latitude:           -61.7326
longitude:          154.4289
depth:               12.7890
Mrr:           -5.938564E+23
Mtt:            1.103146E+25
Mpp:           -1.043761E+25
Mrt:           -9.236989E+23
Mrp:           -3.730751E+23
Mtp:           -7.666735E+24
