 PDE 2019  6 25  6  1 51.00 -47.8700   99.4500  10.0 5.8 5.9 SOUTHEAST INDIAN RIDGE
event name:     C201906250601A
time shift:      0.0101
half duration:   2.0000
latitude:      -47.9075
longitude:      99.5990
depth:           5.9290
Mrr:       1.013642e+23
Mtt:       6.415228e+24
Mpp:      -6.516592e+24
Mrt:       1.016893e+24
Mrp:       5.561761e+23
Mtp:       1.927046e+24
