 PDE 2011  9 14 18 10  9.00  53.1100  172.9800  15.0 6.0 6.0 NEAR ISLANDS, ALEUTIAN ISLANDS
event name:     C201109141810A
time shift:      2.5092
half duration:   2.5000
latitude:       53.0695
longitude:     172.9720
depth:          13.1234
Mrr:       7.432994e+23
Mtt:      -1.633998e+24
Mpp:       8.906982e+23
Mrt:       1.460743e+23
Mrp:      -7.368078e+24
Mtp:      -1.138747e+25
