 PDE 2011  9  5 17 55 11.20   2.9600   97.8900  91.0 6.7 6.7 NORTHERN SUMATRA, INDONESIA
event name:     201109051755A
time shift:      2.8344
half duration:   5.4000
latitude:        2.8773
longitude:      97.8415
depth:          88.3318
Mrr:      -2.562750e+25
Mtt:       2.419619e+25
Mpp:       1.431305e+24
Mrt:       8.338521e+25
Mrp:      -9.423704e+25
Mtp:      -3.447702e+25
