 PDE 2013 04 09 11 52 49.90   28.4300   51.5900  12.0 5.9 6.4 SOUTHERN IRAN
event name:   C201304091152A
time shift:           6.0103
half duration:        3.4000
latitude:            28.2757
longitude:           51.6221
depth:               12.0608
Mrr:            2.828492E+25
Mtt:           -1.078001E+25
Mpp:           -1.750491E+25
Mrt:           -9.159724E+24
Mrp:            4.801753E+24
Mtp:            3.412619E+25
