 PDE 2010 12  7  4 27 22.00 -57.9300   -7.4700  10.0 5.9 5.9 EAST OF SOUTH SANDWICH ISLANDS
event name:     C201012070427A
time shift:      3.1535
half duration:   2.2000
latitude:      -58.0996
longitude:      -7.2875
depth:           8.5526
Mrr:      -1.067641e+22
Mtt:      -2.032566e+24
Mpp:       2.043243e+24
Mrt:       2.643348e+24
Mrp:      -1.945077e+24
Mtp:       1.068509e+25
