 PDE 2016  4 13 13 55 17.80  23.1000   94.8600 136.0 6.9 6.9 MYANMAR-INDIA BORDER REGION
event name:     C201604131355A
time shift:      3.1791
half duration:   7.2000
latitude:       23.0279
longitude:      94.7735
depth:         141.5843
Mrr:       2.780300e+26
Mtt:      -3.065071e+26
Mpp:       2.847710e+25
Mrt:      -1.410849e+26
Mrp:      -6.029637e+25
Mtp:       1.177819e+26
