 PDE 2018  3  2  2 20 12.30  -6.1400  130.2800 135.0 5.9 5.9 BANDA SEA
event name:     C201803020220A
time shift:      1.5816
half duration:   2.2000
latitude:       -6.1683
longitude:     130.3474
depth:         148.1669
Mrr:       2.786925e+24
Mtt:      -2.632162e+24
Mpp:      -1.547623e+23
Mrt:       4.911953e+23
Mrp:       7.112029e+24
Mtp:       6.133465e+24
