 PDE 2013 02 08 15 26 38.50  -10.9300  166.0200  21.0 6.4 7.1 SANTA CRUZ ISLANDS
event name:   C201302081526A
time shift:          14.0072
half duration:        8.2000
latitude:           -10.7172
longitude:          165.9227
depth:               22.2803
Mrr:            2.380556E+25
Mtt:            3.547024E+25
Mpp:           -5.927580E+25
Mrt:           -6.194603E+25
Mrp:            8.262912E+25
Mtp:           -5.578514E+26
