 PDE 2017  5  1 12 31 55.60  59.8300 -136.6900  10.0 6.2 6.2 SOUTHEASTERN ALASKA
event name:     C201705011231A
time shift:      3.0058
half duration:   3.0000
latitude:       60.0250
longitude:    -136.5915
depth:          13.6982
Mrr:       1.296628e+25
Mtt:      -7.544793e+24
Mpp:      -5.421489e+24
Mrt:       3.816843e+23
Mrp:      -7.720449e+24
Mtp:       1.571815e+25
