 PDE 2017 11 30  6 32 50.80  -1.0800  -23.4300  10.0 6.5 6.5 CENTRAL MID-ATLANTIC RIDGE
event name:     201711300632A
time shift:      3.4724
half duration:   4.2000
latitude:       -0.9714
longitude:     -23.3745
depth:          12.8675
Mrr:      -5.109584e+24
Mtt:       1.727860e+25
Mpp:      -1.216902e+25
Mrt:       2.608411e+25
Mrp:       1.017007e+25
Mtp:      -6.511332e+25
