 PDE 2015  1  7  3  6 45.40 -36.3200 -103.6700  10.0 6.0 5.2 SOUTHEAST OF EASTER ISLAND
event name:     C201501070306A
time shift:     -0.1071
half duration:   2.4000
latitude:      -35.8812
longitude:    -103.3827
depth:          12.1453
Mrr:      -7.571438e+23
Mtt:      -2.410298e+24
Mpp:       3.167442e+24
Mrt:       1.021079e+24
Mrp:      -2.370662e+24
Mtp:      -1.113579e+25
