 PDE 2010 08 10 23 18 31.80  -14.4600  167.3500 191.6 5.4 5.9 VANUATU ISLANDS
event name:   C201008102318A
time shift:           1.4233
half duration:        2.1000
latitude:           -14.4270
longitude:          167.1596
depth:              185.7330
Mrr:            5.743929E+24
Mtt:           -5.635346E+23
Mpp:           -5.180395E+24
Mrt:           -4.537137E+24
Mrp:            8.162028E+23
Mtp:            4.172524E+24
