 PDE 2010  5 19 10 30 10.40 -54.8000 -135.2500  10.0 6.0 6.0 PACIFIC-ANTARCTIC RIDGE
event name:     C201005191030A
time shift:      1.4471
half duration:   2.3000
latitude:      -54.7212
longitude:    -135.4854
depth:           7.9644
Mrr:      -9.767746e+23
Mtt:       7.700053e+24
Mpp:      -6.723279e+24
Mrt:       7.271159e+23
Mrp:       6.463026e+23
Mtp:       6.922872e+24
