 PDE 2018  9 16 21 11 48.80 -25.4200  178.2000 576.0 6.5 6.5 SOUTH OF FIJI ISLANDS
event name:     C201809162111A
time shift:      5.8933
half duration:   4.2000
latitude:      -25.2617
longitude:     178.3789
depth:         587.2126
Mrr:      -1.497430e+25
Mtt:       3.504411e+25
Mpp:      -2.006981e+25
Mrt:      -3.320611e+25
Mrp:       4.007260e+25
Mtp:      -2.765108e+25
