 PDE 2016  1 21 18  6 57.70  18.8200 -106.9300  10.0 6.5 6.6 OFF COAST OF JALISCO, MEXICO
event name:     201601211806A
time shift:      4.6229
half duration:   4.6000
latitude:       18.9067
longitude:    -107.1965
depth:           9.9401
Mrr:      -3.413283e+24
Mtt:      -4.921420e+25
Mpp:       5.262749e+25
Mrt:       2.512113e+24
Mrp:      -3.769461e+24
Mtp:      -6.672225e+25
