 PDE 2011 02 10 14 41 58.80    4.0800  123.0400 525.0 6.3 6.6 CELEBES SEA
event name:   C201102101441A
time shift:           4.3623
half duration:        4.4000
latitude:             4.2137
longitude:          123.2714
depth:              516.7031
Mrr:            7.797660E+24
Mtt:            1.261245E+25
Mpp:           -2.041012E+25
Mrt:           -1.975539E+25
Mrp:           -9.984307E+25
Mtp:           -1.684414E+24
