 PDE 2013 08 12 09 49 32.30   -5.4000  -81.9300  10.0 0.0 6.3 NEAR COAST OF NORTHERN PERU
event name:   C201308120949A
time shift:           1.2698
half duration:        3.1000
latitude:            -5.5199
longitude:          -82.1336
depth:               10.8005
Mrr:           -2.855715E+25
Mtt:           -1.981230E+24
Mpp:            3.053838E+25
Mrt:            3.385031E+24
Mrp:           -5.660316E+24
Mtp:           -3.331926E+24
