 PDE 2011  4  1 13 29 12.00  35.7300   26.4500  77.8 5.9 5.9 CRETE, GREECE - INV
event name:     C201104011329A
time shift:      1.6200
half duration:   2.8000
latitude:       35.5539
longitude:      26.6462
depth:          77.7444
Mrr:       0.174991E+25
Mtt:       0.188250E+26
Mpp:      -0.205751E+26
Mrt:       0.721560E+25
Mrp:       0.344184E+25
Mtp:      -0.309415E+25
