 PDE 2014  1  1 16  3 29.00 -13.8600  167.2500 187.0 6.5 6.5 VANUATU ISLANDS
event name:     201401011603A
time shift:      5.1975
half duration:   4.5000
latitude:      -13.8887
longitude:     167.1028
depth:         192.1795
Mrr:       8.141559e+25
Mtt:      -3.574079e+24
Mpp:      -7.784151e+25
Mrt:      -2.638538e+25
Mrp:      -5.369237e+24
Mtp:       2.367553e+25
