 PDE 2015  6  4 23 15 43.90   5.9900  116.5400  10.0 6.0 6.0 BORNEO
event name:     C201506042315A
time shift:      3.3542
half duration:   2.4000
latitude:        6.1567
longitude:     116.6506
depth:          11.3285
Mrr:      -6.586110e+24
Mtt:      -6.283913e+23
Mpp:       7.214501e+24
Mrt:       7.851901e+24
Mrp:       6.238417e+24
Mtp:       2.587784e+24
