 PDE 2013 02 08 11 12 11.50  -10.8400  165.9700  12.0 6.3 6.9 SANTA CRUZ ISLANDS
event name:   C201302081112A
time shift:          12.1442
half duration:        6.4000
latitude:           -10.9103
longitude:          165.8126
depth:               11.3655
Mrr:           -4.756726E+24
Mtt:            1.800448E+26
Mpp:           -1.752880E+26
Mrt:            8.304928E+24
Mrp:           -5.399777E+22
Mtp:           -2.133603E+26
