 PDE 2019  4 12 11 40 49.30  -1.8200  122.5700  15.3 6.8 6.8 SULAWESI, INDONESIA
event name:     C201904121140A
time shift:      6.2609
half duration:   5.9000
latitude:       -1.8417
longitude:     122.5621
depth:           9.8389
Mrr:       2.661353e+25
Mtt:       1.505679e+26
Mpp:      -1.771814e+26
Mrt:       3.307654e+24
Mrp:      -3.063366e+25
Mtp:       1.121905e+25
