 PDE 2014 03 29 07 46 50.20   -0.8500  -21.9200  12.0 0.0 5.9 CENTRAL MID-ATLANTIC RIDGE
event name:   C201403290746A
time shift:           5.9348
half duration:        2.2000
latitude:            -0.6907
longitude:          -21.7326
depth:               21.2583
Mrr:           -7.012072E+22
Mtt:            3.397856E+24
Mpp:           -3.327733E+24
Mrt:            2.383832E+24
Mrp:            7.846011E+23
Mtp:           -1.094741E+25
