 PDE 2012  6 19 15 56 32.50  53.3500  171.6200  14.0 6.0 6.1 NEAR ISLANDS, ALEUTIAN ISLANDS
event name:     C201206191556A
time shift:      3.7205
half duration:   2.5000
latitude:       53.2960
longitude:     171.4967
depth:          19.1540
Mrr:      -4.991952e+23
Mtt:      -1.017238e+25
Mpp:       1.067157e+25
Mrt:      -1.024349e+23
Mrp:      -1.137770e+24
Mtp:      -7.123554e+24
