 PDE 2019  2  1 16 14 12.20  14.6800  -92.4500  66.0 6.7 6.7 NEAR COAST OF CHIAPAS, MEXICO
event name:     C201902011614A
time shift:      3.0571
half duration:   5.2000
latitude:       14.8575
longitude:     -92.4723
depth:          38.3770
Mrr:      -7.444552e+24
Mtt:      -8.703378e+24
Mpp:       1.614793e+25
Mrt:       8.382426e+25
Mrp:      -6.986703e+25
Mtp:      -5.772912e+24
