 PDE 2012  5 24 22 47 46.80  72.9600    5.7100  10.0 6.3 6.2 NORWEGIAN SEA
event name:     C201205242247A
time shift:      4.8664
half duration:   3.3000
latitude:       73.0118
longitude:       5.5637
depth:           6.1953
Mrr:      -3.112168e+25
Mtt:       1.341320e+25
Mpp:       1.770848e+25
Mrt:      -3.210479e+24
Mrp:      -8.326665e+24
Mtp:       1.798896e+25
