 PDE 2017  6 12 12 28 39.20  38.9300   26.3600  12.0 6.4 6.3 AEGEAN SEA
event name:     201706121228A
time shift:      3.1559
half duration:   3.7000
latitude:       38.8031
longitude:      26.2937
depth:           9.0583
Mrr:      -3.820911e+25
Mtt:       3.727379e+25
Mpp:       9.353167e+23
Mrt:      -1.314255e+24
Mrp:       2.396911e+24
Mtp:      -1.341171e+25
