 PDE 2011  7 27 23  0 30.30  10.8000  -43.3900  10.0 5.9 6.0 NORTHERN MID-ATLANTIC RIDGE
event name:     C201107272300A
time shift:      2.8821
half duration:   2.3000
latitude:       10.9058
longitude:     -43.3389
depth:          12.7312
Mrr:      -1.757825e+24
Mtt:      -8.306123e+23
Mpp:       2.588437e+24
Mrt:       8.959661e+22
Mrp:       5.124555e+24
Mtp:      -1.103570e+25
