 PDE 2016 10 17  6 14 58.30  -6.0000  148.8900  42.0 6.7 6.8 NEW BRITAIN REGION, P.N.G.
event name:     201610170614A
time shift:      5.6828
half duration:   5.7000
latitude:       -6.2417
longitude:     148.8820
depth:          46.9107
Mrr:       1.582625e+26
Mtt:      -1.743583e+26
Mpp:       1.609578e+25
Mrt:       1.274810e+25
Mrp:      -2.856374e+24
Mtp:      -7.066551e+24
