 PDE 2015  8 12 18 49 24.10  -9.3300  157.8800   6.4 6.5 6.5 SOLOMON ISLANDS
event name:     201508121849A
time shift:      5.2129
half duration:   4.3000
latitude:       -9.3156
longitude:     157.6925
depth:          12.0580
Mrr:       4.674637e+24
Mtt:       1.474159e+25
Mpp:      -1.941623e+25
Mrt:       1.365681e+24
Mrp:      -6.697677e+24
Mtp:       7.483430e+25
