 PDE 2010  5  3 23  9 38.00 -38.2700  -74.3100  22.9 6.2 6.3 OFF COAST OF CENTRAL CHILE
event name:     C201005032309A
time shift:     10.2539
half duration:   3.0000
latitude:      -38.3156
longitude:     -74.0893
depth:          15.5869
Mrr:       1.136442e+25
Mtt:       3.551070e+23
Mpp:      -1.171953e+25
Mrt:       1.426276e+24
Mrp:      -2.076215e+25
Mtp:       3.492169e+23
