 PDE 2017  9  4  8  7 34.50 -57.7400  -25.6100  25.0 6.1 6.1 SOUTH SANDWICH ISLANDS REGION
event name:     C201709040807A
time shift:      6.5086
half duration:   2.6000
latitude:      -57.9050
longitude:     -24.8621
depth:          35.6332
Mrr:       1.478849e+25
Mtt:       6.496481e+23
Mpp:      -1.543815e+25
Mrt:      -5.908501e+23
Mrp:       5.954242e+24
Mtp:       3.009317e+24
