 PDE 2013 01 21 22 22 52.80    4.9300   95.9100  12.0 5.8 6.1 NORTHERN SUMATRA, INDONESIA
event name:   C201301212222A
time shift:           3.1690
half duration:        2.7000
latitude:             4.9434
longitude:           96.0204
depth:               13.8672
Mrr:           -7.976249E+23
Mtt:           -1.612079E+25
Mpp:            1.691841E+25
Mrt:           -9.155055E+24
Mrp:           -3.599005E+22
Mtp:           -3.550995E+24
