 PDE 2011 11 17  1 57  5.70  -1.7000  -81.5500  26.6 6.0 6.0 OFF COAST OF ECUADOR
event name:     C201111170157A
time shift:     -2.6126
half duration:   2.4000
latitude:       -1.8778
longitude:     -81.7507
depth:          11.6388
Mrr:      -2.110643e+24
Mtt:      -6.981464e+23
Mpp:       2.808789e+24
Mrt:       4.054992e+23
Mrp:       1.837525e+24
Mtp:       1.157728e+25
