 PDE 2011 09 02 13 47 09.60  -28.4000  -63.0700 577.8 6.4 6.7 SANTIAGO DEL ESTERO PROV., ARG.
event name:   C201109021347A
time shift:           4.0849
half duration:        5.4000
latitude:           -28.5632
longitude:          -63.0809
depth:              596.5138
Mrr:           -1.166920E+26
Mtt:            7.621999E+25
Mpp:            4.047203E+25
Mrt:           -2.398131E+25
Mrp:            1.153782E+26
Mtp:            3.070038E+25
