 PDE 2013 03 24 08 13 45.10  -20.7600  173.3700  10.0 5.8 6.1 VANUATU ISLANDS REGION
event name:   C201303240813A
time shift:           2.5087
half duration:        2.6000
latitude:           -20.7560
longitude:          173.4550
depth:               10.3227
Mrr:           -1.351142E+24
Mtt:           -1.545996E+25
Mpp:            1.681109E+25
Mrt:            2.805964E+24
Mrp:            5.527442E+24
Mtp:           -5.268441E+24
