 PDE 2018  6 24 18 43 43.30  -9.0200 -108.4700  10.0 5.9 5.9 CENTRAL EAST PACIFIC RISE
event name:     C201806241843A
time shift:      1.8027
half duration:   2.1000
latitude:       -8.9684
longitude:    -108.3444
depth:           8.1071
Mrr:      -1.669121e+23
Mtt:       1.565493e+24
Mpp:      -1.398580e+24
Mrt:      -1.948456e+24
Mrp:       1.882371e+23
Mtp:       7.346331e+24
