 PDE 2014 07 14 07 59 57.30    5.7100  126.4800  20.0 0.0 6.3 MINDANAO, PHILIPPINES
event name:   C201407140759A
time shift:           6.6436
half duration:        3.3000
latitude:             5.6441
longitude:          126.5495
depth:               28.1992
Mrr:            2.432657E+25
Mtt:            3.952271E+24
Mpp:           -2.827882E+25
Mrt:            1.151310E+25
Mrp:            1.439588E+25
Mtp:           -8.143288E+23
