 PDE 2011 11 11 10 41 37.50 -55.9800 -124.4400  10.0 6.0 6.1 SOUTHERN EAST PACIFIC RISE
event name:     C201111111041A
time shift:      3.2125
half duration:   2.5000
latitude:      -55.7206
longitude:    -124.5810
depth:          15.4230
Mrr:      -7.830411e+23
Mtt:       8.294439e+24
Mpp:      -7.511397e+24
Mrt:      -1.543729e+24
Mrp:      -2.721904e+23
Mtp:       1.079445e+25
