 PDE 2015 11 18 18 31  4.60  -8.9000  158.4200  12.6 6.8 6.8 SOLOMON ISLANDS
event name:     201511181831A
time shift:      6.6113
half duration:   6.4000
latitude:       -9.1150
longitude:     158.4078
depth:          20.7591
Mrr:       1.455782e+26
Mtt:      -4.852518e+25
Mpp:      -9.705302e+25
Mrt:       2.386023e+25
Mrp:      -1.762571e+26
Mtp:       1.097772e+26
