 PDE 2013 01 30 20 15 43.30  -28.0900  -70.6500  45.0 6.5 6.8 CENTRAL CHILE
event name:   C201301302015A
time shift:           6.0201
half duration:        6.0000
latitude:           -28.1018
longitude:          -71.1670
depth:               45.3493
Mrr:            1.540334E+26
Mtt:            2.013180E+24
Mpp:           -1.560464E+26
Mrt:            2.209260E+25
Mrp:           -1.155512E+26
Mtp:           -3.725790E+25
