 PDE 2019  1 20  1 32 52.50 -30.0400  -71.3800  63.0 6.6 6.7 NEAR COAST OF CENTRAL CHILE
event name:     C201901200132A
time shift:      4.8773
half duration:   5.1000
latitude:      -30.1822
longitude:     -71.3951
depth:          61.2632
Mrr:      -1.288439e+26
Mtt:       3.927579e+25
Mpp:       8.956819e+25
Mrt:      -3.668002e+25
Mrp:      -1.675199e+25
Mtp:       1.215738e+25
