 PDE 2019 12 19 12 35 31.30  13.7300  -91.2300  21.0 5.9 5.9 NEAR COAST OF GUATEMALA
event name:     C201912191235A
time shift:      4.6769
half duration:   2.2000
latitude:       13.5407
longitude:     -91.5520
depth:          28.0087
Mrr:       6.446389e+24
Mtt:      -5.189633e+24
Mpp:      -1.256755e+24
Mrt:       4.511912e+24
Mrp:      -2.210447e+24
Mtp:       2.646690e+24
