 PDE 2012 12 11 06 18 27.30    0.5300  126.2300  30.0 6.0 6.0 NORTHERN MOLUCCA SEA
event name:   C201212110618A
time shift:           4.5610
half duration:        2.5000
latitude:             0.6465
longitude:          126.2085
depth:               30.4390
Mrr:            1.016195E+25
Mtt:            2.877675E+24
Mpp:           -1.303964E+25
Mrt:           -3.080949E+23
Mrp:           -7.207127E+24
Mtp:           -7.865713E+24
