 PDE 2018 11  1 22 19 51.70 -19.5800  -69.2700 102.0 6.2 6.2 NORTHERN CHILE
event name:     C201811012219A
time shift:      1.4995
half duration:   3.1000
latitude:      -19.6390
longitude:     -69.5507
depth:         109.5305
Mrr:      -1.525764e+25
Mtt:      -1.521807e+24
Mpp:       1.677944e+25
Mrt:       3.656472e+24
Mrp:      -1.863321e+25
Mtp:      -1.424721e+24
