 PDE 2014 05 14 20 56 13.20    6.4500  144.9200  10.0 0.0 6.1 E. CAROLINE ISLANDS, MICRONESIA
event name:   C201405142056A
time shift:           4.2709
half duration:        3.0000
latitude:             6.5494
longitude:          144.9110
depth:               17.6120
Mrr:           -1.428009E+24
Mtt:            2.188693E+25
Mpp:           -2.045891E+25
Mrt:            1.123950E+24
Mrp:           -3.009051E+24
Mtp:            2.268396E+25
