 PDE 2015 10 11  0 58 27.20 -54.4900 -135.7100  10.0 6.1 6.1 PACIFIC-ANTARCTIC RIDGE
event name:     C201510110058A
time shift:      2.6166
half duration:   2.6000
latitude:      -54.6073
longitude:    -136.1044
depth:           8.6614
Mrr:      -6.499288e+23
Mtt:       1.136467e+25
Mpp:      -1.071474e+25
Mrt:      -5.145217e+21
Mrp:       5.715043e+23
Mtp:       1.068779e+25
