 PDE 2013 10 31 23 03 59.30  -30.3000  -71.5600  29.0 0.0 6.6 NEAR COAST OF CENTRAL CHILE
event name:   C201310312303A
time shift:           7.9961
half duration:        4.3000
latitude:           -30.4585
longitude:          -71.8459
depth:               35.4412
Mrr:            5.229084E+25
Mtt:            5.148824E+23
Mpp:           -5.280571E+25
Mrt:            4.830461E+24
Mrp:           -3.252660E+25
Mtp:            1.267557E+24
