 PDE 2014 10 28 03 15 38.00  -15.3000 -174.6800   8.0 0.0 6.0 TONGA ISLANDS
event name:   C201410280315A
time shift:           4.6742
half duration:        2.5000
latitude:           -15.1234
longitude:         -174.5777
depth:               10.8491
Mrr:           -1.180697E+23
Mtt:           -1.412230E+25
Mpp:            1.424035E+25
Mrt:           -1.524677E+24
Mrp:            3.031368E+24
Mtp:            6.369796E+24
