 PDE 2014 06 13 19 30 29.60  -46.0300  -13.8800   6.4 0.0 5.8 SOUTHERN MID-ATLANTIC RIDGE
event name:   C201406131930A
time shift:           4.1201
half duration:        2.0000
latitude:           -46.2345
longitude:          -13.6188
depth:                8.7900
Mrr:           -7.337256E+24
Mtt:            2.548953E+24
Mpp:            4.788303E+24
Mrt:            1.551476E+24
Mrp:           -3.250646E+24
Mtp:           -4.485240E+24
