 PDE 2016  5 31  5 23 47.30  25.5600  122.5500 246.4 6.4 6.4 TAIWAN REGION
event name:     C201605310523A
time shift:      4.0361
half duration:   3.7000
latitude:       25.4074
longitude:     122.3464
depth:         243.7529
Mrr:      -3.557394e+25
Mtt:       8.091567e+23
Mpp:       3.476478e+25
Mrt:      -3.531799e+24
Mrp:       1.956872e+25
Mtp:      -9.683564e+24
