 PDE 2011  3  1  0 53 46.30 -29.7000 -111.9800  10.0 6.0 6.1 EASTER ISLAND REGION
event name:     C201103010053A
time shift:      0.6416
half duration:   2.6000
latitude:      -29.6843
longitude:    -112.2633
depth:          12.6627
Mrr:       7.846177e+22
Mtt:      -1.387324e+25
Mpp:       1.379477e+25
Mrt:      -4.554457e+24
Mrp:      -3.923540e+23
Mtp:       5.498017e+24
