 PDE 2016  1 12  9 45 11.40 -31.3400   58.1900  10.0 5.9 5.9 SOUTHWEST INDIAN RIDGE
event name:     C201601120945A
time shift:      2.1801
half duration:   2.2000
latitude:      -31.3907
longitude:      58.1562
depth:          11.3017
Mrr:      -1.060108e+25
Mtt:       8.216146e+24
Mpp:       2.384940e+24
Mrt:       5.181804e+23
Mrp:       3.479243e+24
Mtp:       4.897688e+24
