 PDE 2015  4 28 16 39 39.20 -20.8900 -178.6300 581.0 6.1 6.1 FIJI ISLANDS REGION
event name:     C201504281639A
time shift:      2.3204
half duration:   2.7000
latitude:      -20.7958
longitude:    -178.7001
depth:         590.6109
Mrr:      -1.056059e+25
Mtt:       9.613729e+24
Mpp:       9.468634e+23
Mrt:      -1.074531e+25
Mrp:      -1.064375e+25
Mtp:      -1.229209e+24
