 PDE 2012  4 16  2 17 50.30  -2.6400  121.8600  13.0 5.9 5.8 SULAWESI, INDONESIA
event name:     C201204160217A
time shift:      0.9501
half duration:   2.1000
latitude:       -2.6235
longitude:     121.9110
depth:          12.5269
Mrr:       6.513566e+22
Mtt:       3.774748e+24
Mpp:      -3.839884e+24
Mrt:       2.374025e+24
Mrp:       5.083890e+24
Mtp:       2.558815e+24
