 PDE 2013  4  6  4 42 35.90  -3.5200  138.4800  66.0 7.0 7.0 IRIAN JAYA, INDONESIA
event name:     C201304060442A
time shift:      5.9000
half duration:   7.5000
latitude:       -3.3363
longitude:     138.5009
depth:          69.6425
Mrr:      -2.302666e+26
Mtt:      -1.470802e+26
Mpp:       3.773468e+26
Mrt:       1.134687e+26
Mrp:      -1.410705e+25
Mtp:       1.031191e+26
