 PDE 2017  7 19 12 16 23.60 -17.4200   66.4800  10.0 6.0 6.0 MAURITIUS - REUNION REGION
event name:     C201707191216A
time shift:      5.0323
half duration:   2.5000
latitude:      -17.1164
longitude:      66.4904
depth:           9.8868
Mrr:      -1.481513e+24
Mtt:      -1.056447e+25
Mpp:       1.204599e+25
Mrt:      -1.715493e+24
Mrp:      -4.916491e+23
Mtp:       5.174690e+24
