 PDE 2010 11 26 17 36 13.00  -3.3500  131.0200  21.6 5.8 5.8 IRIAN JAYA REGION, INDONESIA
event name:     C201011261736A
time shift:      1.8000
half duration:   2.0000
latitude:       -3.3754
longitude:     131.1223
depth:          11.3307
Mrr:       5.188750e+24
Mtt:      -2.508227e+24
Mpp:      -2.680523e+24
Mrt:      -2.904986e+24
Mrp:       5.007032e+24
Mtp:       2.716279e+24
