 PDE 2013  2  9 14 16  7.90   1.1300  -77.3900 145.0 7.0 6.9 COLOMBIA
event name:     C201302091416A
time shift:      5.0463
half duration:   7.5000
latitude:        1.1494
longitude:     -77.3952
depth:         148.3887
Mrr:      -1.892739e+25
Mtt:      -5.637945e+25
Mpp:       7.530684e+25
Mrt:      -9.098931e+25
Mrp:      -1.003664e+26
Mtp:       3.023668e+26
