 PDE 2013  1 31  9 53 40.40  55.4400 -135.0200  13.4 5.9 5.9 OFF COAST OF SOUTHEASTERN ALASKA
event name:     C201301310953A
time shift:      5.6522
half duration:   2.2000
latitude:       55.4173
longitude:    -135.1579
depth:           8.5105
Mrr:      -6.240459e+23
Mtt:       2.921291e+24
Mpp:      -2.297245e+24
Mrt:      -2.342811e+24
Mrp:      -3.927164e+24
Mtp:       6.064516e+24
