 PDE 2011  9 16 19 26 41.00  40.2700  142.7800  35.0 6.7 6.7 NEAR EAST COAST OF HONSHU, JAPAN
event name:     201109161926A
time shift:      9.5071
half duration:   5.3000
latitude:       40.2006
longitude:     143.2212
depth:          22.9121
Mrr:       6.833754e+25
Mtt:      -2.013164e+23
Mpp:      -6.813622e+25
Mrt:       4.192186e+25
Mrp:       9.229085e+25
Mtp:      -1.381312e+25
