 PDE 2019  8  2 12  3 27.00  -7.2800  104.7900  49.0 6.9 6.9 SOUTHWEST OF SUMATRA, INDONESIA
event name:     C201908021203A
time shift:      7.1278
half duration:   6.8000
latitude:       -7.3997
longitude:     104.8534
depth:          50.9366
Mrr:       2.203773e+26
Mtt:      -9.849603e+25
Mpp:      -1.218813e+26
Mrt:       9.003394e+25
Mrp:      -2.668452e+25
Mtp:      -1.845753e+26
