 PDE 2015  8 15  7 47  6.50 -10.9000  163.8200   8.0 6.4 6.4 SOLOMON ISLANDS
event name:     201508150747A
time shift:      3.4906
half duration:   4.0000
latitude:      -10.7727
longitude:     163.6834
depth:          21.4100
Mrr:      -1.633853e+24
Mtt:      -2.274864e+25
Mpp:       2.438249e+25
Mrt:       1.297726e+25
Mrp:      -3.056562e+25
Mtp:       3.680098e+25
