 PDE 2019  3 31  7  4  4.80  -1.9500  -80.8100  18.0 6.2 6.2 NEAR COAST OF ECUADOR
event name:     C201903310704A
time shift:      2.9743
half duration:   3.2000
latitude:       -1.9828
longitude:     -81.0600
depth:          16.2487
Mrr:       1.168278e+25
Mtt:      -9.981258e+22
Mpp:      -1.158297e+25
Mrt:       1.437786e+24
Mrp:      -1.905289e+25
Mtp:       1.044818e+24
