 PDE 2010  5  6 11 35 29.50 -55.7200 -127.9400  10.0 5.8 5.8 PACIFIC-ANTARCTIC RIDGE
event name:     C201005061135A
time shift:      2.2142
half duration:   2.0000
latitude:      -55.4914
longitude:    -128.1456
depth:           8.0723
Mrr:      -8.096632e+23
Mtt:       5.258812e+24
Mpp:      -4.449149e+24
Mrt:       1.303815e+23
Mrp:      -7.762444e+23
Mtp:       4.762796e+24
