 PDE 2014 05 07 04 20 33.90   -6.9600  154.9000  10.0 0.0 6.0 SOLOMON ISLANDS
event name:   C201405070420A
time shift:           6.7910
half duration:        2.4000
latitude:            -7.0290
longitude:          154.8396
depth:               12.3206
Mrr:            1.504522E+24
Mtt:           -1.307570E+25
Mpp:            1.157121E+25
Mrt:            8.762417E+24
Mrp:           -1.895209E+24
Mtp:            2.063801E+24
