 PDE 2018 12 16 14 26 19.60 -23.3200  112.5000  10.0 5.9 5.8 WESTERN AUSTRALIA
event name:     C201812161426A
time shift:      4.1939
half duration:   2.1000
latitude:      -23.2536
longitude:     112.5310
depth:          22.8760
Mrr:       7.175679e+24
Mtt:       1.381221e+23
Mpp:      -7.313801e+24
Mrt:      -1.999357e+24
Mrp:      -5.993709e+23
Mtp:      -2.583575e+24
