 PDE 2015 12 17 19 49 53.00  15.8000  -93.6300  85.0 6.6 6.6 NEAR COAST OF CHIAPAS, MEXICO
event name:     201512171949A
time shift:      2.7787
half duration:   4.7000
latitude:       15.8332
longitude:     -93.6255
depth:          71.1245
Mrr:      -2.911616e+25
Mtt:       3.506256e+24
Mpp:       2.560990e+25
Mrt:       5.286001e+25
Mrp:      -4.910496e+25
Mtp:      -1.933645e+25
