 PDE 2016  9 24 21  7 15.80 -18.1700 -174.9800 202.0 6.4 6.4 TONGA ISLANDS
event name:     201609242107A
time shift:      5.3815
half duration:   3.9000
latitude:      -18.1678
longitude:    -174.7285
depth:         206.1631
Mrr:      -1.594617e+25
Mtt:       7.583269e+24
Mpp:       8.362899e+24
Mrt:       7.158364e+24
Mrp:      -4.468536e+25
Mtp:       2.386481e+25
