 PDE 2013 03 10 22 51 50.80   -6.6000  148.1700  28.0 5.7 6.7 NEW BRITAIN REGION, P.N.G.
event name:   C201303102251A
time shift:           7.9195
half duration:        4.5000
latitude:            -6.7105
longitude:          148.3627
depth:               11.0625
Mrr:           -9.024215E+23
Mtt:           -1.548375E+25
Mpp:            1.638619E+25
Mrt:           -4.007578E+25
Mrp:            2.323467E+25
Mtp:            9.968620E+25
