 PDE 2013 03 01 12 53 51.10   50.9000  157.4500  33.0 5.7 6.4 KURIL ISLANDS
event name:   C201303011253A
time shift:           6.7060
half duration:        3.7000
latitude:            50.6990
longitude:          157.7525
depth:               44.1934
Mrr:            4.150625E+25
Mtt:           -1.122064E+25
Mpp:           -3.028560E+25
Mrt:            9.242541E+24
Mrp:            1.617604E+25
Mtp:           -1.863391E+25
