 PDE 2016  5 27  4  8 44.00 -20.8100 -178.6500 567.5 6.5 6.4 FIJI ISLANDS REGION
event name:     201605270408A
time shift:      3.2994
half duration:   4.1000
latitude:      -20.7629
longitude:    -178.6189
depth:         581.4860
Mrr:      -2.471300e+25
Mtt:       1.946551e+25
Mpp:       5.247490e+24
Mrt:      -1.374867e+25
Mrp:      -4.455989e+25
Mtp:      -3.756026e+25
