 PDE 2012 10 18  1 27 16.00 -54.2200  144.0100   7.5 5.9 5.9 WEST OF MACQUARIE ISLAND
event name:     C201210180127A
time shift:      0.6101
half duration:   2.3000
latitude:      -54.2807
longitude:     143.8808
depth:           9.0947
Mrr:      -9.478597e+23
Mtt:       2.547362e+24
Mpp:      -1.599503e+24
Mrt:      -1.108612e+24
Mrp:      -1.471821e+24
Mtp:      -9.377254e+24
