 PDE 2011  5 15 13  8 13.10   0.5700  -25.6500  10.0 6.1 6.1 CENTRAL MID-ATLANTIC RIDGE
event name:     C201105151308A
time shift:      8.1579
half duration:   2.7000
latitude:        0.8697
longitude:     -25.6221
depth:          10.1459
Mrr:      -1.105767e+24
Mtt:       3.082197e+24
Mpp:      -1.976430e+24
Mrt:       3.915516e+24
Mrp:      -1.182511e+24
Mtp:      -1.731925e+25
