 PDE 2011  3  6 12 31 59.70 -18.0400  -69.3400 118.0 6.3 6.3 NORTHERN CHILE
event name:     C201103061231A
time shift:      1.4274
half duration:   3.3000
latitude:      -18.2799
longitude:     -69.7279
depth:         120.7213
Mrr:      -1.376762e+25
Mtt:      -7.178204e+24
Mpp:       2.094583e+25
Mrt:       1.275897e+25
Mrp:      -2.187462e+25
Mtp:       1.627211e+24
