 PDE 2012 12 02 00 54 22.70  -16.9800  167.6500  32.0 6.1 6.2 VANUATU ISLANDS
event name:   C201212020054A
time shift:           3.7147
half duration:        2.8000
latitude:           -17.1084
longitude:          167.4671
depth:               38.1774
Mrr:            2.059860E+25
Mtt:           -1.137938E+25
Mpp:           -9.219220E+24
Mrt:            2.847984E+24
Mrp:           -4.745573E+24
Mtp:            1.223101E+25
