 PDE 2014 12 30 21 17 23.90  -20.3300 -178.5600 599.3 0.0 6.0 FIJI ISLANDS REGION
event name:   C201412302117A
time shift:           4.0704
half duration:        2.5000
latitude:           -20.2715
longitude:         -178.5844
depth:              610.1105
Mrr:           -7.657198E+24
Mtt:           -2.613757E+23
Mpp:            7.918573E+24
Mrt:           -7.604723E+24
Mrp:           -8.011123E+24
Mtp:            3.433055E+24
