 PDE 2011  7 18 22 38 39.00  51.2800  178.9400  19.0 5.8 5.8 RAT ISLANDS, ALEUTIAN ISLANDS
event name:     C201107182238A
time shift:      4.1343
half duration:   1.9000
latitude:       51.1118
longitude:     178.9577
depth:          22.7443
Mrr:       4.057643e+24
Mtt:      -4.267353e+24
Mpp:       2.097102e+23
Mrt:       2.795207e+24
Mrp:       1.675551e+24
Mtp:      -9.692244e+23
