 PDE 2010  1 20 11  3 43.30  18.4200  -72.8100  10.5 5.8 5.9 HAITI REGION
event name:     C201001201103A
time shift:      1.6848
half duration:   2.1000
latitude:       18.6625
longitude:     -72.7987
depth:           6.6494
Mrr:       7.856330e+24
Mtt:      -6.639678e+24
Mpp:      -1.216652e+24
Mrt:      -3.406334e+23
Mrp:      -4.183891e+23
Mtp:       2.244855e+24
