 PDE 2015  9 19 12 52 20.90 -32.3300  -72.0700  18.0 6.2 6.2 OFF COAST OF CENTRAL CHILE
event name:     C201509191252A
time shift:      5.8712
half duration:   3.1000
latitude:      -32.3378
longitude:     -72.0423
depth:          18.3337
Mrr:       1.605116e+25
Mtt:       8.226939e+23
Mpp:      -1.687384e+25
Mrt:       1.894491e+24
Mrp:      -1.661685e+25
Mtp:      -5.314579e+23
