 PDE 2017  2 24 17 28 44.80 -23.2600 -178.8000 414.5 7.0 6.9 SOUTH OF FIJI ISLANDS
event name:     201702241728A
time shift:     11.8391
half duration:   7.3000
latitude:      -23.4378
longitude:    -178.8101
depth:         416.5948
Mrr:      -1.036720e+26
Mtt:       1.107635e+25
Mpp:       9.259562e+25
Mrt:      -1.046144e+26
Mrp:      -3.179878e+26
Mtp:      -4.263288e+25
