 PDE 2013  7 21 23 45 56.70  34.5100  104.2600   8.0 6.0 6.2 GANSU, CHINA
event name:     C201307212345A
time shift:      1.2329
half duration:   2.4000
latitude:       34.5939
longitude:     104.3095
depth:          12.1208
Mrr:       4.763652e+24
Mtt:       3.084357e+24
Mpp:      -7.848009e+24
Mrt:      -4.020240e+24
Mrp:       1.847768e+23
Mtp:       5.013345e+24
