 PDE 2019  8 14 21 35 18.50  20.5000 -109.2900  10.0 5.8 5.9 REVILLA GIGEDO ISLANDS REGION
event name:     C201908142135A
time shift:      1.2303
half duration:   2.0000
latitude:       20.5713
longitude:    -109.1676
depth:           5.6731
Mrr:       1.203454e+23
Mtt:      -5.570419e+24
Mpp:       5.450073e+24
Mrt:      -5.869860e+23
Mrp:       3.736634e+23
Mtp:       4.165732e+24
