 PDE 2017  9 26  4 20  0.30 -23.5800 -176.8400  96.0 6.4 6.4 SOUTH OF FIJI ISLANDS
event name:     201709260420A
time shift:      2.5937
half duration:   4.0000
latitude:      -23.7827
longitude:    -176.4666
depth:         108.4819
Mrr:      -3.122361e+24
Mtt:      -9.492094e+24
Mpp:       1.261446e+25
Mrt:      -1.995502e+25
Mrp:      -5.014410e+25
Mtp:      -9.790999e+24
