 PDE 2017 10 10 18 53 27.80 -54.2600    8.6100   9.0 6.7 6.7 BOUVET ISLAND REGION
event name:     201710101853A
time shift:     12.4950
half duration:   5.6000
latitude:      -53.8944
longitude:       8.8699
depth:          14.4075
Mrr:      -1.239940e+25
Mtt:       1.671706e+26
Mpp:      -1.547711e+26
Mrt:       1.397318e+25
Mrp:       2.512045e+25
Mtp:       4.058135e+25
