 PDE 2013 02 23 08 59 08.70  -10.6600  165.3000  12.0 5.6 6.1 SANTA CRUZ ISLANDS
event name:   C201302230859A
time shift:           4.1674
half duration:        2.1000
latitude:           -10.5943
longitude:          165.1877
depth:               22.3551
Mrr:            8.728622E+24
Mtt:            2.934476E+24
Mpp:           -1.166311E+25
Mrt:           -2.833625E+24
Mrp:           -1.623276E+24
Mtp:           -1.270288E+24
