 PDE 2017 11  1  2 23 57.70 -21.6500  168.8600  22.0 6.5 6.6 LOYALTY ISLANDS
event name:     201711010223A
time shift:      7.8701
half duration:   4.4000
latitude:      -21.6281
longitude:     168.7823
depth:           8.7701
Mrr:      -8.936239e+25
Mtt:       3.773393e+25
Mpp:       5.162846e+25
Mrt:      -2.368371e+25
Mrp:       2.384244e+25
Mtp:      -4.411760e+25
