 PDE 2015  9 21  5 39 34.90 -31.5800  -71.7400  30.0 6.1 6.1 NEAR COAST OF CENTRAL CHILE
event name:     C201509210539A
time shift:      4.3822
half duration:   2.7000
latitude:      -31.6618
longitude:     -71.8383
depth:          39.0638
Mrr:       1.385454e+25
Mtt:       3.574736e+23
Mpp:      -1.421201e+25
Mrt:       2.438558e+24
Mrp:      -9.823417e+24
Mtp:       8.946842e+23
