 PDE 2015  2 27 13 45  5.40  -7.3000  122.5400 552.1 7.0 7.0 FLORES SEA
event name:     201502271345A
time shift:      3.4820
half duration:   7.5000
latitude:       -7.3429
longitude:     122.4513
depth:         551.1851
Mrr:      -7.865172e+25
Mtt:      -2.525237e+26
Mpp:       3.311754e+26
Mrt:      -2.216079e+26
Mrp:       1.119465e+26
Mtp:      -2.108852e+25
