 PDE 2017  1 19 23  4 21.10 -10.3500  161.3400  36.0 6.5 6.5 SOLOMON ISLANDS
event name:     201701192304A
time shift:      2.9206
half duration:   4.3000
latitude:      -10.3934
longitude:     161.2684
depth:          38.0527
Mrr:       5.834297e+25
Mtt:       1.444508e+25
Mpp:      -7.278804e+25
Mrt:       1.239628e+25
Mrp:       7.873985e+21
Mtp:       2.954937e+25
