 PDE 2014  2 26 21 13 40.10  53.6000 -171.8200 265.0 6.1 6.1 FOX ISLANDS, ALEUTIAN ISLANDS
event name:     C201402262113B
time shift:      3.3253
half duration:   2.8000
latitude:       53.5951
longitude:    -171.8635
depth:         272.7432
Mrr:       2.758742e+24
Mtt:      -5.604301e+24
Mpp:       2.845559e+24
Mrt:       1.341724e+25
Mrp:      -1.022836e+25
Mtp:      -5.606903e+24
