 PDE 2018  1 25  2 10 34.80  55.5400  166.4500  11.1 6.2 6.2 KOMANDORSKIYE OSTROVA REGION
event name:     C201801250210A
time shift:      4.3641
half duration:   3.2000
latitude:       55.5334
longitude:     166.4845
depth:          12.6150
Mrr:       6.661700e+24
Mtt:      -1.983218e+25
Mpp:       1.317048e+25
Mrt:      -1.290433e+25
Mrp:      -2.255176e+24
Mtp:      -1.373034e+25
