 PDE 2011 03 10 17 08 36.90   -6.8700  116.7200 510.6 6.2 6.6 BALI SEA
event name:   C201103101708A
time shift:           3.2190
half duration:        4.8000
latitude:            -6.9492
longitude:          116.7100
depth:              513.4740
Mrr:           -9.833282E+25
Mtt:            1.006684E+26
Mpp:           -2.335685E+24
Mrt:           -2.088871E+25
Mrp:           -1.932084E+25
Mtp:           -1.085252E+25
