 PDE 2011  1 29  6 55 26.10  70.9400   -6.6800   6.0 6.2 6.2 JAN MAYEN ISLAND REGION
event name:     C201101290655A
time shift:      3.8177
half duration:   3.2000
latitude:       70.9919
longitude:      -6.6558
depth:          13.9897
Mrr:      -3.094240e+24
Mtt:       2.250499e+25
Mpp:      -1.941075e+25
Mrt:      -3.807739e+24
Mrp:       8.903745e+24
Mtp:       1.843947e+25
