 PDE 2012  6 29 21  7 33.90  43.4300   84.7000  18.0 6.3 6.4 NORTHERN XINJIANG, CHINA
event name:     C201206292107A
time shift:      1.2323
half duration:   3.6000
latitude:       43.4120
longitude:      84.7120
depth:          21.1810
Mrr:       8.498050e+24
Mtt:      -2.559136e+25
Mpp:       1.709331e+25
Mrt:       1.985103e+24
Mrp:       1.517017e+25
Mtp:      -9.512576e+24
