 PDE 2018 10 13 11 10 22.40  52.8500  153.2400 461.0 6.7 6.7 NORTHWEST OF KURIL ISLANDS
event name:     C201810131110A
time shift:      3.1502
half duration:   5.4000
latitude:       52.7116
longitude:     153.4291
depth:         470.0353
Mrr:      -5.563147e+25
Mtt:       2.662671e+25
Mpp:       2.900476e+25
Mrt:      -8.701271e+24
Mrp:      -9.053665e+25
Mtp:      -8.976526e+25
