 PDE 2016  2  5 19 57 27.40  22.9400  120.6000  23.0 6.4 6.4 TAIWAN
event name:     201602051957A
time shift:      3.4278
half duration:   3.9000
latitude:       22.9345
longitude:     120.4246
depth:          18.4343
Mrr:       1.125342e+25
Mtt:      -4.085537e+24
Mpp:      -7.167883e+24
Mrt:       5.908354e+24
Mrp:      -3.454089e+25
Mtp:       1.762323e+25
