 PDE 2019  3 30  6 27 23.30  -9.6900   66.5300   8.0 5.8 5.8 MID-INDIAN RIDGE
event name:     C201903300627A
time shift:      2.0910
half duration:   1.9000
latitude:       -9.6578
longitude:      66.4165
depth:           6.3122
Mrr:       4.998648e+24
Mtt:       5.966461e+23
Mpp:      -5.595294e+24
Mrt:       4.308350e+22
Mrp:      -1.856118e+24
Mtp:      -3.371282e+24
