 PDE 2010 05 31 19 51 55.50   11.1200   93.4500 112.0 6.1 6.5 ANDAMAN ISLANDS, INDIA REGION
event name:   C201005311951A
time shift:          -6.3001
half duration:        4.2000
latitude:            11.1620
longitude:           93.7043
depth:              123.5518
Mrr:            2.373007E+25
Mtt:           -4.334751E+25
Mpp:            1.961744E+25
Mrt:           -4.329479E+25
Mrp:           -2.022014E+25
Mtp:            2.696856E+25
