 PDE 2013 06 05 04 47 26.20  -11.4000  166.3000  39.0 5.9 6.1 SANTA CRUZ ISLANDS
event name:   C201306050447A
time shift:           3.7861
half duration:        2.6000
latitude:           -11.4731
longitude:          165.9970
depth:               44.6334
Mrr:            1.729657E+25
Mtt:           -1.147834E+24
Mpp:           -1.614875E+25
Mrt:           -8.863250E+22
Mrp:            1.149988E+24
Mtp:            4.352755E+24
