 PDE 2018  4  5  9  7 58.70 -18.3000 -177.9100 511.0 5.9 5.8 FIJI ISLANDS REGION
event name:     C201804050907A
time shift:      1.1397
half duration:   2.1000
latitude:      -18.2115
longitude:    -177.9579
depth:         522.4286
Mrr:      -2.856803e+24
Mtt:       2.833556e+24
Mpp:       2.324606e+22
Mrt:      -2.279603e+24
Mrp:      -6.300340e+24
Mtp:       3.207483e+24
