 PDE 2019  5 30 15 38  1.50 -21.7500 -176.3200 177.9 6.0 6.0 FIJI ISLANDS REGION
event name:     C201905301538A
time shift:      2.1402
half duration:   2.5000
latitude:      -21.7737
longitude:    -176.1268
depth:         176.5024
Mrr:      -2.189091e+24
Mtt:       1.842163e+24
Mpp:       3.469281e+23
Mrt:      -3.408314e+24
Mrp:      -1.171897e+25
Mtp:       2.510053e+24
