 PDE 2014 05 31 11 53 46.50   18.7900 -107.4700   5.0 0.0 6.2 OFF COAST OF JALISCO, MEXICO
event name:   C201405311153A
time shift:           3.8559
half duration:        3.0000
latitude:            18.9884
longitude:         -107.4995
depth:               12.3379
Mrr:           -1.311546E+24
Mtt:           -1.651048E+25
Mpp:            1.782205E+25
Mrt:           -1.709901E+24
Mrp:            9.329167E+23
Mtp:           -2.101405E+25
