 PDE 2016  3 19 11 26 33.20  18.0000  -60.7000  26.0 6.0 6.0 LEEWARD ISLANDS
event name:     C201603191126A
time shift:      4.0390
half duration:   2.6000
latitude:       18.0623
longitude:     -60.6757
depth:          35.6602
Mrr:       7.475874e+24
Mtt:      -8.660338e+23
Mpp:      -6.609841e+24
Mrt:      -9.539080e+24
Mrp:       5.285744e+23
Mtp:      -9.596749e+24
