 PDE 2016  4 12  3 22 47.70  -3.7600 -103.9400  10.0 5.8 5.8 CENTRAL EAST PACIFIC RISE
event name:     C201604120322A
time shift:      1.9898
half duration:   2.0000
latitude:       -3.6656
longitude:    -103.9618
depth:           7.7199
Mrr:       4.871700e+22
Mtt:      -5.932763e+23
Mpp:       5.445593e+23
Mrt:       6.861829e+23
Mrp:       1.396669e+24
Mtp:       6.862070e+24
