 PDE 2018  8 12 14 58 54.30  69.5600 -145.3000   2.2 6.4 6.4 NORTHERN ALASKA
event name:     C201808121458A
time shift:      6.9901
half duration:   4.0000
latitude:       69.7160
longitude:    -144.8043
depth:           8.2614
Mrr:      -7.205909e+24
Mtt:      -1.799086e+25
Mpp:       2.519677e+25
Mrt:       4.840860e+24
Mrp:      -1.352152e+25
Mtp:      -4.179422e+25
