 PDE 2018  2 10 22 50 48.90  -3.8200  151.9300 268.0 5.8 5.8 NEW IRELAND REGION, P.N.G.
event name:     C201802102250A
time shift:      0.0094
half duration:   2.0000
latitude:       -3.8011
longitude:     151.9714
depth:         268.9262
Mrr:      -1.254510e+24
Mtt:       1.802811e+24
Mpp:      -5.483007e+23
Mrt:       2.034518e+23
Mrp:      -6.823365e+24
Mtp:       1.729407e+24
