 PDE 2018  7 13  9 46 49.10 -18.9300  169.0500 167.0 6.4 6.4 VANUATU ISLANDS
event name:     C201807130946A
time shift:      3.1040
half duration:   3.9000
latitude:      -18.9981
longitude:     168.8809
depth:         175.5233
Mrr:       1.406656e+25
Mtt:      -5.094219e+24
Mpp:      -8.972343e+24
Mrt:       3.052135e+24
Mrp:      -4.868227e+25
Mtp:       9.827175e+24
