 PDE 2010 06 17 13 06 46.60  -33.1700  179.7200 170.4 5.5 6.0 SOUTH OF KERMADEC ISLANDS
event name:   C201006171306A
time shift:           6.8631
half duration:        2.3000
latitude:           -32.9085
longitude:          179.9490
depth:              203.0619
Mrr:            1.340414E+24
Mtt:           -5.913710E+23
Mpp:           -7.490418E+23
Mrt:           -3.756319E+24
Mrp:            9.298778E+24
Mtp:           -7.968185E+24
