 PDE 2013 01 15 16 09 37.10  -62.5700 -161.4300  10.0 5.5 6.1 PACIFIC-ANTARCTIC RIDGE
event name:   C201301151609A
time shift:           5.2015
half duration:        2.7000
latitude:           -62.6001
longitude:         -161.9470
depth:                9.1151
Mrr:           -2.199178E+24
Mtt:            2.077063E+25
Mpp:           -1.857144E+25
Mrt:           -5.292531E+24
Mrp:            5.955724E+24
Mtp:            4.217185E+24
