 PDE 2016  5 20 18 14  4.70 -25.5700  129.8800  10.0 6.0 6.0 NORTHERN TERRITORY, AUSTRALIA
event name:     C201605201814A
time shift:      2.0324
half duration:   2.5000
latitude:      -25.6132
longitude:     129.9368
depth:           5.7128
Mrr:       1.515882e+25
Mtt:      -6.601757e+24
Mpp:      -8.557064e+24
Mrt:      -1.162709e+24
Mrp:      -9.264559e+23
Mtp:       9.560821e+24
