 PDE 2010 03 20 14 00 50.00   -3.3600  152.2400 414.6 6.0 6.6 NEW IRELAND REGION, P.N.G.
event name:   C201003201400A
time shift:           4.5784
half duration:        4.7000
latitude:            -3.3221
longitude:          152.3272
depth:              412.4871
Mrr:           -9.322595E+25
Mtt:            7.366159E+25
Mpp:            1.956439E+25
Mrt:            5.079530E+25
Mrp:            1.648552E+25
Mtp:            3.212314E+25
