 PDE 2013 03 24 04 18 34.00   50.7300  160.1600   8.0 6.1 6.1 EAST OF KURIL ISLANDS
event name:   C201303240418A
time shift:           5.2605
half duration:        2.5000
latitude:            50.6734
longitude:          160.3731
depth:                9.7810
Mrr:           -1.371637E+25
Mtt:            7.881247E+24
Mpp:            5.835131E+24
Mrt:            4.288786E+24
Mrp:            5.423673E+24
Mtp:            8.468598E+24
