 PDE 2010 09 17 19 21 15.00   36.4400   70.7700 220.1 5.9 6.3 HINDU KUSH REGION, AFGHANISTAN
event name:   C201009171921A
time shift:           2.5742
half duration:        3.2000
latitude:            36.4328
longitude:           70.7948
depth:              206.5780
Mrr:            2.890001E+25
Mtt:           -2.366120E+25
Mpp:           -5.238799E+24
Mrt:            9.263173E+24
Mrp:            1.503670E+25
Mtp:           -9.064494E+24
