 PDE 2019  7  1 16 59 25.30   9.1700  124.1900 533.0 5.9 5.9 MINDANAO, PHILIPPINES
event name:     C201907011659A
time shift:      2.3156
half duration:   2.3000
latitude:        9.1484
longitude:     124.0872
depth:         544.2028
Mrr:      -7.696825e+24
Mtt:      -3.606316e+23
Mpp:       8.057456e+24
Mrt:      -2.453394e+24
Mrp:      -4.982702e+24
Mtp:       2.376443e+23
