 PDE 2014 03 23 18 20 01.90  -19.6900  -70.8500  21.0 0.0 6.3 NEAR COAST OF NORTHERN CHILE
event name:   C201403231819A
time shift:           6.1786
half duration:        3.2000
latitude:           -19.7028
longitude:          -71.0672
depth:               22.7715
Mrr:            2.381260E+25
Mtt:           -7.615570E+23
Mpp:           -2.305105E+25
Mrt:            9.984916E+24
Mrp:           -2.505893E+25
Mtp:            6.838529E+24
