 PDE 2011  7 19 19 35 43.50  40.0800   71.4100  20.0 6.2 6.1 TAJIKISTAN
event name:     C201107191935A
time shift:      4.4134
half duration:   2.9000
latitude:       40.2949
longitude:      71.3473
depth:          24.8592
Mrr:       8.354822e+24
Mtt:      -1.009675e+25
Mpp:       1.741924e+24
Mrt:      -8.852866e+24
Mrp:      -6.663562e+22
Mtp:      -2.160026e+24
