 PDE 2012 11 21 21 36 22.70 -33.9400  -71.8700  18.0 5.9 5.9 NEAR COAST OF CENTRAL CHILE
event name:     C201211212136A
time shift:      4.6516
half duration:   2.1000
latitude:      -34.0532
longitude:     -72.2999
depth:          20.7424
Mrr:       3.876849e+24
Mtt:       3.286296e+23
Mpp:      -4.205479e+24
Mrt:       1.201810e+24
Mrp:      -4.781214e+24
Mtp:       1.317549e+23
