 PDE 2015  6 16  6 17  1.20 -20.3900 -179.0000 656.0 6.0 5.9 FIJI ISLANDS REGION
event name:     C201506160616A
time shift:      2.1949
half duration:   2.5000
latitude:      -20.4156
longitude:    -178.9225
depth:         665.0554
Mrr:       1.891293e+24
Mtt:      -1.756040e+24
Mpp:      -1.352529e+23
Mrt:      -1.491828e+24
Mrp:      -1.162633e+25
Mtp:      -3.713893e+24
