 PDE 2015  2  2 10 49 48.50 -32.7200  -67.1200 172.0 6.3 6.3 MENDOZA PROVINCE, ARGENTINA
event name:     C201502021049A
time shift:      2.6788
half duration:   3.3000
latitude:      -32.7718
longitude:     -67.1593
depth:         174.6950
Mrr:       6.415661e+24
Mtt:       4.669507e+23
Mpp:      -6.882611e+24
Mrt:      -2.421160e+25
Mrp:      -2.008658e+25
Mtp:       1.222482e+25
