 PDE 2012  8  2  9 38 30.90  -8.4100  -74.2600 144.6 6.0 6.1 PERU-BRAZIL BORDER REGION
event name:     C201208020938A
time shift:      0.3251
half duration:   2.5000
latitude:       -8.5723
longitude:     -74.3609
depth:         147.6478
Mrr:      -9.953097e+24
Mtt:       2.277913e+24
Mpp:       7.675182e+24
Mrt:      -1.516033e+24
Mrp:      -9.246180e+24
Mtp:       4.393063e+24
