 PDE 2016  6 21 17 12  7.40  -3.4200  151.8800 354.0 6.3 6.3 NEW IRELAND REGION, P.N.G.
event name:     C201606211712A
time shift:      4.4855
half duration:   3.3000
latitude:       -3.3641
longitude:     152.0374
depth:         358.5724
Mrr:      -3.441043e+25
Mtt:       9.648330e+24
Mpp:       2.476210e+25
Mrt:       1.363050e+25
Mrp:      -1.102238e+25
Mtp:      -4.822133e+23
