 PDE 2014 06 05 17 22 05.40  -29.1500 -112.4800  10.0 0.0 5.9 EASTER ISLAND REGION
event name:   C201406051722A
time shift:           3.9707
half duration:        1.9000
latitude:           -29.2432
longitude:         -112.6135
depth:                9.5896
Mrr:           -6.583514E+23
Mtt:           -1.907601E+24
Mpp:            2.565951E+24
Mrt:            1.413111E+24
Mrp:           -9.568242E+23
Mtp:           -6.675103E+24
