 PDE 2017  7 11  7  0  1.20 -49.4800  164.0200  10.0 6.5 6.6 AUCKLAND ISLANDS, N.Z. REGION
event name:     201707110659A
time shift:     15.8310
half duration:   4.6000
latitude:      -49.2243
longitude:     163.9456
depth:          25.5483
Mrr:       4.788349e+25
Mtt:       3.894288e+25
Mpp:      -8.682638e+25
Mrt:       4.566856e+25
Mrp:      -1.137425e+25
Mtp:       2.003704e+25
