 PDE 2013 06 15 17 34 27.80   11.7600  -86.9300  30.0 6.1 6.5 NEAR COAST OF NICARAGUA
event name:   C201306151734A
time shift:           7.5194
half duration:        4.0000
latitude:            11.6259
longitude:          -87.2920
depth:               38.8378
Mrr:            5.400408E+25
Mtt:           -3.912948E+25
Mpp:           -1.487461E+25
Mrt:            2.006688E+25
Mrp:           -1.521222E+25
Mtp:            2.734732E+25
