 PDE 2015  6 17 12 51 32.80 -35.3600  -17.1600  10.0 6.9 7.0 SOUTHERN MID-ATLANTIC RIDGE
event name:     C201506171251A
time shift:     15.0876
half duration:   7.0000
latitude:      -35.3841
longitude:     -16.3966
depth:          17.3824
Mrr:       3.333632e+24
Mtt:      -1.336651e+26
Mpp:       1.303314e+26
Mrt:      -5.516333e+24
Mrp:       3.986782e+25
Mtp:       2.751598e+26
