 PDE 2016 11 21 20 59 49.30  37.3900  141.3900   9.0 6.9 6.9 NEAR EAST COAST OF HONSHU, JAPAN
event name:     201611212059A
time shift:      9.1310
half duration:   7.2000
latitude:       37.3042
longitude:     141.3983
depth:           8.7528
Mrr:      -3.307734e+26
Mtt:       1.868117e+26
Mpp:       1.439617e+26
Mrt:       8.863060e+25
Mrp:       8.616139e+25
Mtp:       1.619831e+26
