 PDE 2012  8 10 18 37 43.10  52.6300 -167.4200  13.0 6.2 6.2 FOX ISLANDS, ALEUTIAN ISLANDS
event name:     C201208101837A
time shift:      5.4966
half duration:   3.0000
latitude:       52.3783
longitude:    -167.3161
depth:          13.6933
Mrr:       1.790113e+25
Mtt:      -1.062514e+25
Mpp:      -7.275994e+24
Mrt:       1.842324e+25
Mrp:       1.315689e+25
Mtp:      -9.549059e+24
