 PDE 2015  5 20 22 48 53.40 -10.8800  164.1700  11.0 6.8 6.8 SANTA CRUZ ISLANDS REGION
event name:     201505202248A
time shift:      8.6616
half duration:   6.1000
latitude:      -10.7683
longitude:     163.8974
depth:          18.0355
Mrr:       3.172347e+25
Mtt:      -1.122168e+26
Mpp:       8.049329e+25
Mrt:       5.600415e+25
Mrp:      -1.088874e+26
Mtp:       1.303553e+26
