 PDE 2012 12 29 07 59 41.10   -3.5600  148.9000   4.0 5.4 6.0 BISMARCK SEA
event name:   C201212290759A
time shift:           0.2668
half duration:        2.1000
latitude:            -3.3116
longitude:          148.9222
depth:               11.6144
Mrr:           -7.239945E+23
Mtt:            7.139209E+24
Mpp:           -6.415216E+24
Mrt:            9.520609E+23
Mrp:           -5.130799E+23
Mtp:            7.357739E+24
