 PDE 2010 11 21  4 36 31.40 -54.9700 -131.4800  10.0 6.0 6.0 PACIFIC-ANTARCTIC RIDGE
event name:     C201011210436A
time shift:      1.5943
half duration:   2.3000
latitude:      -54.6989
longitude:    -131.5290
depth:          13.2896
Mrr:      -7.444833e+23
Mtt:       7.841156e+24
Mpp:      -7.096673e+24
Mrt:       4.372169e+23
Mrp:       2.179898e+24
Mtp:       7.771784e+24
