 PDE 2013  9  7  0 13 29.90  14.6400  -92.1000  67.0 6.4 6.4 NEAR COAST OF CHIAPAS, MEXICO
event name:     C201309070013A
time shift:      6.8448
half duration:   4.0000
latitude:       14.5447
longitude:     -92.1061
depth:          72.9509
Mrr:      -6.172206e+22
Mtt:      -1.296083e+25
Mpp:       1.302255e+25
Mrt:       3.981764e+25
Mrp:      -3.609117e+25
Mtp:      -7.226676e+23
