 PDE 2015  9 10 10 26 44.80  52.1000 -169.5400  20.0 6.0 6.0 FOX ISLANDS, ALEUTIAN ISLANDS
event name:     C201509101026A
time shift:      4.0987
half duration:   2.4000
latitude:       51.9651
longitude:    -169.4717
depth:          15.8570
Mrr:       7.240686e+24
Mtt:      -5.780011e+24
Mpp:      -1.460675e+24
Mrt:       7.624879e+24
Mrp:       2.860750e+24
Mtp:      -3.155688e+24
