 PDE 2015 11  2  8 15 33.50  51.5900 -173.3400  13.0 5.9 5.7 ANDREANOF ISLANDS, ALEUTIAN IS.
event name:     C201511020815A
time shift:      4.0330
half duration:   2.1000
latitude:       51.5508
longitude:    -173.3140
depth:          17.3776
Mrr:       5.335829e+24
Mtt:      -5.150274e+24
Mpp:      -1.855548e+23
Mrt:       4.412550e+24
Mrp:       2.332113e+24
Mtp:      -1.995491e+24
