 PDE 2011 11 30  0 27  7.00  15.4500  119.0000   9.0 6.0 6.1 LUZON, PHILIPPINES
event name:     C201111300027A
time shift:      3.6152
half duration:   2.6000
latitude:       15.5297
longitude:     118.9763
depth:          10.6174
Mrr:      -1.280179e+25
Mtt:       2.119675e+24
Mpp:       1.068210e+25
Mrt:       6.621574e+24
Mrp:       8.742907e+24
Mtp:       7.599453e+24
