 PDE 2018 11  9  1 49 40.00  71.6300  -11.2400  10.0 6.8 6.7 JAN MAYEN ISLAND REGION
event name:     C201811090149A
time shift:      6.5418
half duration:   6.2000
latitude:       71.5140
longitude:     -10.8116
depth:          14.3287
Mrr:      -3.494268e+24
Mtt:       1.291490e+26
Mpp:      -1.256547e+26
Mrt:      -3.431872e+25
Mrp:       5.613848e+25
Mtp:       1.443602e+26
