 PDE 2014 12 21 11 34 13.60    2.0900  126.6500  41.0 0.0 6.3 NORTHERN MOLUCCA SEA
event name:   C201412211134A
time shift:           5.2328
half duration:        3.8000
latitude:             2.2879
longitude:          126.5205
depth:               32.7356
Mrr:            4.712699E+25
Mtt:           -6.113683E+24
Mpp:           -4.101331E+25
Mrt:           -8.724256E+24
Mrp:           -1.754348E+25
Mtp:           -1.780163E+25
