 PDE 2016  9 24 21 28 41.70 -19.7800 -178.2400 596.4 6.9 6.9 FIJI ISLANDS REGION
event name:     201609242128A
time shift:      5.3885
half duration:   7.0000
latitude:      -19.7739
longitude:    -178.1987
depth:         605.8633
Mrr:       9.646627e+24
Mtt:      -1.042442e+23
Mpp:      -9.542383e+24
Mrt:      -2.478248e+26
Mrp:      -1.805056e+26
Mtp:      -6.073038e+25
