 PDE 2012  4 21  1 16 52.70  -1.6200  134.2800  16.0 6.7 6.7 IRIAN JAYA REGION, INDONESIA
event name:     201204210116A
time shift:      2.4083
half duration:   5.2000
latitude:       -1.5910
longitude:     134.2924
depth:          17.5009
Mrr:      -2.426484e+25
Mtt:      -2.223546e+25
Mpp:       4.650030e+25
Mrt:       4.712918e+24
Mrp:       1.125105e+25
Mtp:       1.223305e+26
