 PDE 2010  1 22  0 46 56.70  38.4200   22.0400   5.0 5.6 5.2 GREECE - INV
event name:     C201001220046A
time shift:      2.8200
half duration:   1.2000
latitude:       38.3354
longitude:      22.0140
depth:          12.9351
Mrr:      -0.107736E+25
Mtt:       0.128073E+25
Mpp:      -0.203388E+24
Mrt:       0.248203E+23
Mrp:      -0.390798E+24
Mtp:      -0.210869E+23
