 PDE 2014 11 13 10 24 18.30  -15.2200  173.0900  10.0 0.0 6.0 FIJI ISLANDS REGION
event name:   C201411131024A
time shift:           3.8099
half duration:        2.4000
latitude:           -15.2763
longitude:          173.1309
depth:               10.9879
Mrr:           -1.038939E+25
Mtt:            1.124047E+25
Mpp:           -8.510793E+23
Mrt:           -3.846233E+24
Mrp:            2.549483E+24
Mtp:           -7.168994E+24
