 PDE 2014 01 26 13 55 42.20   38.2100   20.4500   8.0 0.0 6.1 GREECE
event name:   C201401261355A
time shift:           6.1534
half duration:        2.8000
latitude:            38.0819
longitude:           20.4035
depth:               14.5305
Mrr:            8.473919E+24
Mtt:            7.780997E+24
Mpp:           -1.625492E+25
Mrt:            3.787514E+24
Mrp:           -4.331411E+24
Mtp:            1.519021E+25
