 PDE 2018  1 28 16  3  4.00 -53.0600    9.6800  10.0 6.5 6.6 SOUTHWEST OF AFRICA
event name:     201801281603A
time shift:      5.6168
half duration:   4.4000
latitude:      -53.0650
longitude:       9.9223
depth:          10.6022
Mrr:      -3.212900e+25
Mtt:       9.242875e+25
Mpp:      -6.029975e+25
Mrt:       2.358977e+25
Mrp:       1.019579e+25
Mtp:       7.225511e+24
