 PDE 2018  8 19 14 56 27.50  -8.3200  116.6300  21.0 6.9 6.9 SUMBAWA REGION, INDONESIA
event name:     C201808191456A
time shift:      7.9718
half duration:   7.1000
latitude:       -8.4234
longitude:     116.7545
depth:          21.7551
Mrr:       2.244487e+26
Mtt:      -2.496880e+26
Mpp:       2.523939e+25
Mrt:      -2.034354e+26
Mrp:      -3.006932e+25
Mtp:       1.851036e+24
