 PDE 2013  7 17  2 37 43.20 -15.6600  -71.7400   7.0 6.0 6.0 SOUTHERN PERU
event name:     C201307170237A
time shift:      2.3953
half duration:   2.4000
latitude:      -15.7315
longitude:     -71.8419
depth:           7.0532
Mrr:      -1.006903e+25
Mtt:       1.025819e+25
Mpp:      -1.891624e+23
Mrt:      -1.149013e+24
Mrp:       3.503256e+22
Mtp:      -4.066345e+24
