 PDE 2010 12 20 15 15  8.70  10.1700 -103.9800  10.0 5.9 5.9 NORTHERN EAST PACIFIC RISE
event name:     C201012201515A
time shift:      0.3090
half duration:   2.1000
latitude:       10.2834
longitude:    -104.0804
depth:           6.6943
Mrr:       1.154453e+23
Mtt:      -6.782712e+24
Mpp:       6.667267e+24
Mrt:       7.896966e+23
Mrp:      -1.289411e+24
Mtp:       3.628469e+24
