 PDE 2012 07 18 08 09 46.20  -20.8700 -178.5100 536.9 5.5 6.0 FIJI ISLANDS REGION
event name:   C201207180809A
time shift:           3.2517
half duration:        2.2000
latitude:           -20.7831
longitude:         -178.4881
depth:              542.5912
Mrr:           -6.331036E+24
Mtt:            2.305299E+24
Mpp:            4.025737E+24
Mrt:           -6.140963E+24
Mrp:           -5.086245E+24
Mtp:            3.825828E+24
