 PDE 2010 05 16 00 33 06.30    0.5100  124.6600 123.0 5.7 5.8 MINAHASSA PENINSULA, SULAWESI
event name:   C201005160033A
time shift:           4.0102
half duration:        1.9000
latitude:             0.4789
longitude:          124.7039
depth:              129.8525
Mrr:           -1.029651E+24
Mtt:            2.482863E+24
Mpp:           -1.453212E+24
Mrt:            4.469717E+24
Mrp:            3.257485E+24
Mtp:           -3.076964E+24
