 PDE 2012  6  7  9  1 51.10 -20.1900 -176.3400 266.0 5.9 5.9 FIJI ISLANDS REGION
event name:     C201206070901A
time shift:      1.7520
half duration:   2.1000
latitude:      -20.3647
longitude:    -175.9550
depth:         275.1038
Mrr:       2.543203e+24
Mtt:       7.963281e+23
Mpp:      -3.339531e+24
Mrt:       5.621395e+24
Mrp:       4.766973e+24
Mtp:      -1.589283e+24
