 PDE 2015  4 24  3 36 42.40 -42.0600  173.0100  48.0 6.0 6.1 SOUTH ISLAND, NEW ZEALAND
event name:     C201504240336A
time shift:      4.4538
half duration:   2.4000
latitude:      -42.0313
longitude:     173.0582
depth:          44.8675
Mrr:      -1.932786e+24
Mtt:       6.865685e+24
Mpp:      -4.932898e+24
Mrt:       5.649071e+24
Mrp:       7.211785e+24
Mtp:       4.702295e+24
