 PDE 2017  2 21 14  9  4.30 -19.2800  -63.9000 596.0 6.5 6.5 SOUTHERN BOLIVIA
event name:     201702211409A
time shift:      3.3785
half duration:   4.3000
latitude:      -19.2779
longitude:     -63.8327
depth:         600.9807
Mrr:      -3.469562e+25
Mtt:      -7.720514e+24
Mpp:       4.241614e+25
Mrt:      -2.228195e+25
Mrp:       5.424108e+25
Mtp:       5.156303e+23
