 PDE 2014 04 12 05 24 23.30   -7.1000  155.2400  20.0 0.0 6.1 SOLOMON ISLANDS
event name:   C201404120524A
time shift:           8.0734
half duration:        2.8000
latitude:            -7.3169
longitude:          155.2134
depth:               18.5913
Mrr:            1.483463E+25
Mtt:           -1.100440E+25
Mpp:           -3.830257E+24
Mrt:            1.124635E+25
Mrp:           -9.919711E+24
Mtp:            6.940116E+24
