 PDE 2015  7  7 20  3 19.10 -22.9400 -177.1300 169.6 5.8 5.8 SOUTH OF FIJI ISLANDS
event name:     C201507072003A
time shift:     -0.9619
half duration:   2.0000
latitude:      -23.1518
longitude:    -176.8184
depth:         167.9277
Mrr:      -1.553846e+24
Mtt:       1.932609e+24
Mpp:      -3.787628e+23
Mrt:      -2.788966e+24
Mrp:      -5.388077e+24
Mtp:       1.580402e+24
