 PDE 2015  4 26  7  9 10.70  27.7700   86.0200  22.9 6.7 6.7 NEPAL
event name:     C201504260709A
time shift:      6.9273
half duration:   5.4000
latitude:       27.5675
longitude:      85.9582
depth:          17.9445
Mrr:       4.048219e+25
Mtt:      -4.683316e+25
Mpp:       6.350965e+24
Mrt:       8.569640e+25
Mrp:      -1.659458e+25
Mtp:       1.390913e+25
