 PDE 2017 12 13 18  3 43.90 -54.2200    2.1600  17.0 6.5 6.5 BOUVET ISLAND REGION
event name:     201712131803A
time shift:      9.6359
half duration:   4.3000
latitude:      -54.4036
longitude:       2.2165
depth:          15.5464
Mrr:      -8.136638e+24
Mtt:       8.088343e+25
Mpp:      -7.274679e+25
Mrt:       4.080957e+24
Mrp:       1.306384e+25
Mtp:       1.784729e+24
