 PDE 2011 08 02 19 18 46.80  -23.9800  179.0100 528.9 5.4 5.8 SOUTH OF FIJI ISLANDS
event name:   C201108021918A
time shift:           3.7391
half duration:        1.8000
latitude:           -23.9577
longitude:          179.1580
depth:              543.9008
Mrr:           -5.105761E+24
Mtt:            3.610738E+24
Mpp:            1.495023E+24
Mrt:            1.304088E+24
Mrp:           -1.067871E+23
Mtp:           -2.380536E+24
