 PDE 2013 03 09 14 56 28.80   50.8900  157.2200  39.0 5.7 5.9 KURIL ISLANDS
event name:   C201303091456A
time shift:           2.7452
half duration:        1.9000
latitude:            50.6486
longitude:          157.6429
depth:               46.1243
Mrr:            6.190001E+24
Mtt:           -2.740443E+24
Mpp:           -3.449558E+24
Mrt:            2.044174E+24
Mrp:            1.551197E+24
Mtp:           -3.087351E+24
