 PDE 2014  7 17 11 49 33.90  60.3000 -140.3400  10.0 6.0 6.0 SOUTHEASTERN ALASKA
event name:     C201407171149A
time shift:      3.2696
half duration:   2.5000
latitude:       60.4173
longitude:    -140.3389
depth:          13.9063
Mrr:       9.758642e+23
Mtt:      -3.524183e+24
Mpp:       2.548319e+24
Mrt:       2.180858e+24
Mrp:       5.936493e+24
Mtp:      -7.986229e+24
