 PDE 2014 07 30 16 00 58.50   -7.1600  154.8500  10.0 0.0 5.9 SOLOMON ISLANDS
event name:   C201407301600A
time shift:           6.1511
half duration:        2.2000
latitude:            -7.4163
longitude:          154.9868
depth:               11.6676
Mrr:            7.372969E+24
Mtt:           -4.703155E+24
Mpp:           -2.669816E+24
Mrt:            5.695207E+24
Mrp:           -5.213554E+24
Mtp:            3.632131E+24
