 PDE 2014 04 10 23 27 45.60   12.4000  -86.3800  13.0 0.0 6.1 NICARAGUA
event name:   C201404102327A
time shift:           4.0160
half duration:        2.8000
latitude:            12.4194
longitude:          -86.5415
depth:               12.0013
Mrr:           -3.897457E+24
Mtt:           -1.711368E+25
Mpp:            2.101112E+25
Mrt:           -4.339135E+24
Mrp:           -3.730965E+24
Mtp:           -5.325169E+24
