 PDE 2012 11 12 20 42 14.60   57.7900 -142.8500   9.0 6.0 6.3 GULF OF ALASKA
event name:   C201211122042A
time shift:           2.6960
half duration:        3.6000
latitude:            57.7017
longitude:         -142.9759
depth:               14.8271
Mrr:           -5.622082E+24
Mtt:           -2.269256E+24
Mpp:            7.891337E+24
Mrt:           -1.732048E+25
Mrp:           -1.397952E+25
Mtp:            3.554360E+25
