 PDE 2014 04 15 03 57 01.40  -53.5000    8.7200  11.2 0.0 6.8 BOUVET ISLAND REGION
event name:   C201404150357A
time shift:           6.3680
half duration:        6.3000
latitude:           -53.6523
longitude:            9.2362
depth:               15.9900
Mrr:           -1.865648E+25
Mtt:            2.748213E+26
Mpp:           -2.561648E+26
Mrt:            5.133431E+25
Mrp:            1.581513E+25
Mtp:            6.503654E+25
