 PDE 2017  7 27 17 53 24.60  13.4000  -49.3300  10.0 6.0 6.0 NORTH ATLANTIC OCEAN
event name:     C201707271753A
time shift:      4.6776
half duration:   2.4000
latitude:       13.4197
longitude:     -49.3702
depth:          23.0884
Mrr:      -7.516845e+24
Mtt:       1.044088e+25
Mpp:      -2.924043e+24
Mrt:      -8.296486e+23
Mrp:       5.526878e+24
Mtp:       4.071105e+24
