 PDE 2016 12 18 13 30 10.70  -9.9700  -70.9700 612.0 6.4 6.4 PERU-BRAZIL BORDER REGION
event name:     201612181330A
time shift:      5.2335
half duration:   4.0000
latitude:      -10.0275
longitude:     -70.9974
depth:         636.0520
Mrr:      -3.926830e+25
Mtt:       7.164640e+24
Mpp:       3.210366e+25
Mrt:      -1.254356e+25
Mrp:       4.121456e+25
Mtp:      -5.203790e+24
