 PDE 2014 09 04 05 33 50.30  -21.3900 -173.3200  35.0 0.0 6.0 TONGA ISLANDS
event name:   C201409040533A
time shift:           2.8352
half duration:        2.5000
latitude:           -21.5368
longitude:         -173.1428
depth:               42.5488
Mrr:            1.596496E+25
Mtt:            9.436097E+22
Mpp:           -1.605931E+25
Mrt:            2.387634E+24
Mrp:           -3.905455E+24
Mtp:           -4.237815E+24
