 PDE 2012  5  1 22 43 33.30  14.3800  -92.9000  14.0 6.0 6.0 NEAR COAST OF CHIAPAS, MEXICO
event name:     C201205012243A
time shift:      4.6194
half duration:   2.5000
latitude:       14.3793
longitude:     -93.3435
depth:          14.4260
Mrr:       1.089292e+25
Mtt:      -9.064007e+24
Mpp:      -1.828907e+24
Mrt:       7.092111e+24
Mrp:      -5.447866e+24
Mtp:       4.242297e+24
