 PDE 2014 11 21 10 10 19.60    2.3000  127.0600  35.0 0.0 6.5 NORTHERN MOLUCCA SEA
event name:   C201411211010A
time shift:           6.8752
half duration:        4.5000
latitude:             2.5935
longitude:          127.0812
depth:               29.4041
Mrr:            8.456789E+25
Mtt:           -4.630167E+24
Mpp:           -7.993773E+25
Mrt:           -3.309980E+25
Mrp:            6.904201E+24
Mtp:            3.130344E+25
