 PDE 2019  4  5  9 56 52.70  30.4100  138.6800 383.0 5.9 5.9 SOUTHEAST OF HONSHU, JAPAN
event name:     C201904050956A
time shift:      1.0260
half duration:   2.1000
latitude:       30.4513
longitude:     138.5371
depth:         389.6461
Mrr:      -2.471543e+24
Mtt:       2.084886e+24
Mpp:       3.866568e+23
Mrt:       1.698555e+24
Mrp:      -6.468478e+24
Mtp:      -2.500062e+24
