 PDE 2010 07 29 07 31 56.80    6.5300  123.2500 627.4 6.1 6.6 MINDANAO, PHILIPPINES
event name:   C201007290731A
time shift:           3.9936
half duration:        4.9000
latitude:             6.6931
longitude:          123.4095
depth:              611.6239
Mrr:           -2.445035E+25
Mtt:            2.687313E+25
Mpp:           -2.422796E+24
Mrt:           -6.137417E+25
Mrp:           -9.143071E+25
Mtp:            1.363286E+25
