 PDE 2018  2 11 23 14 15.10  13.8200  146.4400  10.0 6.0 6.0 SOUTH OF MARIANA ISLANDS
event name:     C201802112314A
time shift:      4.6001
half duration:   2.4000
latitude:       13.6565
longitude:     146.6676
depth:          15.1883
Mrr:      -5.163575e+24
Mtt:      -2.881854e+24
Mpp:       8.045430e+24
Mrt:       7.204818e+24
Mrp:       5.610519e+24
Mtp:       6.356559e+24
