 PDE 2016  8 31  3 11 34.40  -3.6800  152.7900 476.0 6.8 6.8 NEW IRELAND REGION, P.N.G.
event name:     201608310311A
time shift:      5.5035
half duration:   6.0000
latitude:       -3.5766
longitude:     152.8341
depth:         488.8030
Mrr:      -5.211258e+25
Mtt:       5.024057e+25
Mpp:       1.872011e+24
Mrt:       8.922922e+25
Mrp:       1.520100e+26
Mtp:       4.315984e+25
