 PDE 2012  4 10  5  9  8.40  -1.2600  -13.9700  10.0 5.9 5.8 NORTH OF ASCENSION ISLAND
event name:     C201204100509A
time shift:      3.8369
half duration:   2.1000
latitude:       -0.8668
longitude:     -13.9318
depth:          15.9877
Mrr:      -4.606628e+23
Mtt:       3.459218e+24
Mpp:      -2.998556e+24
Mrt:       6.866528e+23
Mrp:       2.998416e+24
Mtp:      -7.697148e+24
