 PDE 2011 04 17 01 58 49.30  -27.6000  -63.2000 556.6 5.6 5.9 SANTIAGO DEL ESTERO PROV., ARG.
event name:   C201104170158A
time shift:           2.7888
half duration:        1.9000
latitude:           -27.6139
longitude:          -63.1214
depth:              572.7222
Mrr:           -4.262171E+24
Mtt:           -6.926097E+23
Mpp:            4.954782E+24
Mrt:           -2.373490E+24
Mrp:            3.734888E+24
Mtp:           -1.445166E+23
