 PDE 2012 10 12  0 31 28.30  -4.8900  134.0300  13.0 6.6 6.6 IRIAN JAYA REGION, INDONESIA
event name:     201210120031A
time shift:      4.5933
half duration:   4.7000
latitude:       -4.8288
longitude:     133.9577
depth:          15.4689
Mrr:      -7.442576e+25
Mtt:      -8.940497e+24
Mpp:       8.336626e+25
Mrt:      -1.326991e+25
Mrp:       3.306797e+25
Mtp:       1.751678e+25
