 PDE 2010 05 23 22 46 52.10  -13.9300  -74.3600 101.4 6.3 6.1 CENTRAL PERU
event name:   C201005232246A
time shift:           0.0668
half duration:        2.8000
latitude:           -14.0244
longitude:          -74.5133
depth:               98.1706
Mrr:           -1.715855E+25
Mtt:            4.132074E+24
Mpp:            1.302649E+25
Mrt:           -1.920159E+24
Mrp:            4.966952E+24
Mtp:           -9.661282E+24
