 PDE 2018  9 23  5 52 15.20  12.2200  146.2400  32.0 5.9 5.8 SOUTH OF MARIANA ISLANDS
event name:     C201809230552A
time shift:      3.9287
half duration:   2.1000
latitude:       12.1757
longitude:     146.2758
depth:          44.6935
Mrr:       3.726052e+24
Mtt:      -2.734057e+24
Mpp:      -9.919955e+23
Mrt:      -7.444735e+23
Mrp:      -4.497226e+24
Mtp:       6.218898e+24
