 PDE 2015  7 29  2 35 59.00  59.8900 -153.2000 119.3 6.4 6.3 SOUTHERN ALASKA
event name:     C201507290235A
time shift:      1.2106
half duration:   3.7000
latitude:       60.0154
longitude:    -153.1656
depth:         123.2974
Mrr:       1.654629e+25
Mtt:      -3.326772e+25
Mpp:       1.672143e+25
Mrt:       2.165825e+24
Mrp:       1.909870e+25
Mtp:       2.019208e+25
