 PDE 2015  7  6 12 24  8.60 -20.7100 -174.5000  44.0 5.8 5.8 TONGA ISLANDS
event name:     C201507061224A
time shift:      1.6572
half duration:   1.9000
latitude:      -20.7696
longitude:    -174.3243
depth:          45.9736
Mrr:       4.667949e+24
Mtt:       2.750091e+23
Mpp:      -4.942959e+24
Mrt:       1.637290e+24
Mrp:      -2.460197e+24
Mtp:       2.129453e+24
