 PDE 2018  8  3 18 50 53.90  -0.8700  -22.0000  10.0 5.8 5.8 CENTRAL MID-ATLANTIC RIDGE
event name:     C201808031850A
time shift:      8.2835
half duration:   2.0000
latitude:       -0.6936
longitude:     -21.7004
depth:          18.3323
Mrr:      -4.401224e+23
Mtt:       2.393895e+24
Mpp:      -1.953773e+24
Mrt:       1.944621e+24
Mrp:       9.218057e+23
Mtp:      -6.845608e+24
