 PDE 2013 11 19 17 00 44.20   18.4800  145.2000 511.0 0.0 6.0 MARIANA ISLANDS
event name:   C201311191700A
time shift:           4.8464
half duration:        2.5000
latitude:            18.5401
longitude:          145.1757
depth:              516.8441
Mrr:           -1.465041E+25
Mtt:            2.921834E+24
Mpp:            1.172858E+25
Mrt:           -2.479736E+23
Mrp:            5.346341E+24
Mtp:            2.917312E+24
