 PDE 2012 11 22 13 07 10.40  -22.7400  -63.5700 516.6 5.6 6.0 SALTA PROVINCE, ARGENTINA
event name:   C201211221307A
time shift:           1.8098
half duration:        2.2000
latitude:           -22.8595
longitude:          -63.6845
depth:              540.8320
Mrr:           -3.793203E+24
Mtt:           -3.010097E+23
Mpp:            4.094212E+24
Mrt:           -1.790615E+24
Mrp:            6.272988E+24
Mtp:            5.866807E+24
