 PDE 2014 11 03 08 48 29.70  -41.7300   79.9600  10.0 0.0 6.3 MID-INDIAN RIDGE
event name:   C201411030848A
time shift:           6.5173
half duration:        3.3000
latitude:           -41.6555
longitude:           79.9695
depth:                6.6122
Mrr:           -2.117167E+24
Mtt:            3.960117E+25
Mpp:           -3.748398E+25
Mrt:            6.726901E+24
Mrp:            4.863660E+22
Mtp:           -6.330793E+24
