 PDE 2017  4 28 20 23 17.30   5.5100  125.0700  26.0 6.8 6.9 MINDANAO, PHILIPPINES
event name:     201704282023A
time shift:      6.6899
half duration:   6.5000
latitude:        5.4910
longitude:     124.8536
depth:          29.9327
Mrr:       2.295741e+26
Mtt:      -7.792113e+25
Mpp:      -1.516529e+26
Mrt:      -2.337300e+25
Mrp:      -3.590713e+25
Mtp:       1.354029e+26
