 PDE 2013 11 13 23 45 47.90  -60.2800  -47.1200  11.1 0.0 6.1 SCOTIA SEA
event name:   C201311132345A
time shift:           6.1105
half duration:        2.5000
latitude:           -60.5089
longitude:          -47.5099
depth:               15.0863
Mrr:           -3.196206E+24
Mtt:           -2.759442E+23
Mpp:            3.472150E+24
Mrt:            1.937970E+24
Mrp:            8.824400E+24
Mtp:            1.561393E+25
