 PDE 2017  8 19  2  0 52.50 -17.9600 -178.8400 544.0 6.5 6.4 FIJI ISLANDS REGION
event name:     201708190200A
time shift:      3.4560
half duration:   4.3000
latitude:      -17.7953
longitude:    -178.7867
depth:         559.2877
Mrr:      -1.226266e+25
Mtt:       5.824834e+25
Mpp:      -4.598566e+25
Mrt:       2.097162e+25
Mrp:      -2.217067e+25
Mtp:       2.309721e+24
