 PDE 2012 11 14 19  2  6.10 -29.1200  -71.1900  63.0 6.2 6.2 NEAR COAST OF CENTRAL CHILE
event name:     C201211141902A
time shift:      1.9383
half duration:   3.0000
latitude:      -29.2973
longitude:     -71.6593
depth:          66.1744
Mrr:      -7.898770e+24
Mtt:       1.957511e+24
Mpp:       5.941260e+24
Mrt:      -7.918385e+22
Mrp:      -1.948490e+25
Mtp:       7.198837e+24
