 PDE 2013 05 18 05 47 59.50   37.7400  141.4700  39.0 6.1 6.0 NEAR EAST COAST OF HONSHU, JAPAN
event name:   C201305180548A
time shift:           3.0980
half duration:        2.5000
latitude:            37.7189
longitude:          141.7083
depth:               48.4413
Mrr:            1.040946E+25
Mtt:           -1.712060E+24
Mpp:           -8.697407E+24
Mrt:            4.062403E+24
Mrp:            8.956588E+24
Mtp:           -3.741270E+24
