 PDE 2013 11 02 18 53 46.90  -19.1700 -172.6400  10.1 0.0 6.2 TONGA ISLANDS REGION
event name:   C201311021853A
time shift:           4.7426
half duration:        3.2000
latitude:           -19.3335
longitude:         -172.2547
depth:               10.5587
Mrr:           -3.403324E+25
Mtt:           -7.253540E+23
Mpp:            3.475859E+25
Mrt:            1.064505E+24
Mrp:            1.868891E+25
Mtp:            9.225633E+24
