 PDE 2010  8  4 22  1 43.60  -5.7500  150.7600  44.0 6.9 7.0 NEW BRITAIN REGION, P.N.G.
event name:     201008042201A
time shift:      9.0733
half duration:   6.8000
latitude:       -6.2332
longitude:     150.7582
depth:          32.4836
Mrr:       2.194676e+26
Mtt:      -2.366453e+26
Mpp:       1.717767e+25
Mrt:       1.269483e+26
Mrp:       1.664694e+23
Mtp:      -4.441285e+25
