 PDE 2015  2  2  8 25 48.50  -1.5400  145.2100  14.0 6.0 5.9 ADMIRALTY ISLANDS REGION, P.N.G.
event name:     C201502020825A
time shift:      3.7021
half duration:   2.3000
latitude:       -1.4782
longitude:     145.1858
depth:          13.4363
Mrr:      -2.572971e+24
Mtt:      -7.464339e+24
Mpp:       1.003731e+25
Mrt:      -3.742544e+24
Mrp:       4.780627e+24
Mtp:       4.675944e+24
