 PDE 2019  6 19 17 24 48.80  -2.2700  138.4600  10.0 6.3 6.3 IRIAN JAYA, INDONESIA
event name:     C201906191724A
time shift:      7.3663
half duration:   3.3000
latitude:       -2.1695
longitude:     138.5371
depth:          11.3383
Mrr:       1.783303e+24
Mtt:       2.850548e+25
Mpp:      -3.028879e+25
Mrt:      -8.300659e+23
Mrp:      -2.719627e+24
Mtp:       7.255658e+24
