 PDE 2014 07 25 10 54 49.40   58.2600 -136.9000   1.0 0.0 6.1 SOUTHEASTERN ALASKA
event name:   C201407251054B
time shift:           3.5666
half duration:        2.5000
latitude:            58.4595
longitude:         -137.0503
depth:               10.4899
Mrr:            4.214672E+24
Mtt:           -1.473724E+25
Mpp:            1.052257E+25
Mrt:            3.854969E+24
Mrp:            4.031527E+24
Mtp:            1.826246E+24
