 PDE 2014 12 26 23 52 15.20    6.5200  -82.3500  10.0 0.0 5.9 SOUTH OF PANAMA
event name:   C201412262352A
time shift:           6.9263
half duration:        2.4000
latitude:             6.6761
longitude:          -82.4019
depth:               14.5513
Mrr:           -4.774101E+23
Mtt:            2.604565E+24
Mpp:           -2.127154E+24
Mrt:            4.048778E+24
Mrp:            9.160264E+23
Mtp:            1.266522E+25
