 PDE 2010  6 15  4 26 58.50  32.7000 -115.9200   5.4 5.8 5.8 CALIF.-BAJA CALIF. BORDER REGION
event name:     C201006150426A
time shift:      0.6500
half duration:   1.9000
latitude:       32.6593
longitude:    -115.9821
depth:           9.7824
Mrr:      -1.375672e+24
Mtt:      -3.978775e+24
Mpp:       5.354449e+24
Mrt:      -5.565009e+23
Mrp:       5.154044e+22
Mtp:      -1.130809e+24
