 PDE 2011  5 10  8 55  8.90 -20.2400  168.2300  11.0 6.8 6.9 LOYALTY ISLANDS
event name:     201105100855A
time shift:      7.6150
half duration:   6.1000
latitude:      -20.2743
longitude:     168.0915
depth:          14.9253
Mrr:      -1.935927e+26
Mtt:      -2.174048e+25
Mpp:       2.153332e+26
Mrt:      -4.022745e+25
Mrp:       2.469395e+25
Mtp:      -7.504830e+25
