 PDE 2014 11 01 18 57 22.40  -19.6900 -177.7600 434.0 0.0 7.1 FIJI ISLANDS REGION
event name:   C201411011857A
time shift:           6.5931
half duration:        8.7000
latitude:           -19.7530
longitude:         -177.6167
depth:              444.0912
Mrr:            1.907957E+26
Mtt:           -3.455620E+26
Mpp:            1.547661E+26
Mrt:           -5.518795E+26
Mrp:           -1.812550E+26
Mtp:            4.661415E+25
