 PDE 2014 10  8  2 40 53.10  23.8400 -108.3300  10.0 6.1 6.1 GULF OF CALIFORNIA
event name:     C201410080240A
time shift:      0.7909
half duration:   2.7000
latitude:       23.8501
longitude:    -108.6186
depth:           9.5049
Mrr:      -6.550097e+23
Mtt:      -1.389733e+25
Mpp:       1.455234e+25
Mrt:      -1.756536e+24
Mrp:      -2.714720e+23
Mtp:      -3.714765e+24
