 PDE 2017  8 31 17  6 55.80  -1.1600   99.6900  43.1 6.3 6.3 SOUTHERN SUMATRA, INDONESIA
event name:     201708311706A
time shift:      4.7469
half duration:   3.6000
latitude:       -1.2171
longitude:      99.6027
depth:          45.8398
Mrr:       2.820186e+25
Mtt:      -1.226447e+25
Mpp:      -1.593740e+25
Mrt:       1.593760e+25
Mrp:      -2.065218e+25
Mtp:       1.472359e+25
