 PDE 2017 11 11  0 36 15.00 -11.7400  -14.1100  10.0 6.1 6.1 ASCENSION ISLAND REGION
event name:     C201711110036A
time shift:      3.2437
half duration:   2.8000
latitude:      -11.6991
longitude:     -14.2536
depth:           5.2648
Mrr:      -1.355632e+24
Mtt:      -7.867530e+24
Mpp:       9.223162e+24
Mrt:      -3.559840e+24
Mrp:       1.811533e+24
Mtp:       1.663383e+25
