 PDE 2014 11 22  8 55 26.60  30.3400  101.7400   9.0 6.1 5.9 SICHUAN, CHINA
event name:     C201411220855A
time shift:      3.2082
half duration:   2.8000
latitude:       30.2334
longitude:     101.7836
depth:          22.4270
Mrr:      -2.144848e+24
Mtt:       1.519749e+25
Mpp:      -1.305265e+25
Mrt:       1.272574e+24
Mrp:       8.336214e+23
Mtp:      -4.369962e+24
