 PDE 2010 12 28 08 34 17.50  -23.4100 -179.8000 551.0 5.7 6.3 SOUTH OF FIJI ISLANDS
event name:   C201012280834A
time shift:           3.2962
half duration:        3.4000
latitude:           -23.4809
longitude:         -179.7248
depth:              568.6165
Mrr:           -1.310766E+25
Mtt:            1.680524E+25
Mpp:           -3.697570E+24
Mrt:            2.599433E+25
Mrp:            4.023889E+23
Mtp:           -1.870518E+25
