 PDE 2019  8 29 15  7 58.70  43.5400 -127.8800  10.0 6.3 6.3 OFF COAST OF OREGON
event name:     C201908291508A
time shift:      3.1829
half duration:   3.5000
latitude:       43.5878
longitude:    -128.0731
depth:          10.7379
Mrr:      -2.332008e+24
Mtt:      -2.530718e+25
Mpp:       2.763918e+25
Mrt:      -2.976667e+23
Mrp:      -2.692871e+24
Mtp:      -2.341154e+25
