 PDE 2011 11 22 18 48 16.30  -15.3600  -65.0900 549.9 6.2 6.6 CENTRAL BOLIVIA
event name:   C201111221848A
time shift:           2.9047
half duration:        4.7000
latitude:           -15.4035
longitude:          -65.1829
depth:              552.9080
Mrr:            3.515227E+25
Mtt:           -9.126377E+23
Mpp:           -3.423964E+25
Mrt:           -4.430255E+25
Mrp:            8.093269E+25
Mtp:            1.494902E+25
