 PDE 2013 10 06 21 33 19.80  -36.7300  -97.4800  10.3 0.0 6.2 WEST CHILE RISE
event name:   C201310062133A
time shift:          11.3986
half duration:        3.1000
latitude:           -36.4138
longitude:          -98.1788
depth:               23.1665
Mrr:           -1.241555E+24
Mtt:           -1.942785E+24
Mpp:            3.184340E+24
Mrt:            5.767170E+24
Mrp:           -5.883491E+24
Mtp:           -2.962995E+25
