 PDE 2010 02 07 22 28 20.70  -23.3200 -179.8800 544.0 5.6 5.9 SOUTH OF FIJI ISLANDS
event name:   C201002072228A
time shift:           2.6847
half duration:        2.1000
latitude:           -23.2618
longitude:         -179.8249
depth:              551.7663
Mrr:            5.274244E+23
Mtt:            2.380944E+24
Mpp:           -2.908369E+24
Mrt:            2.739416E+24
Mrp:           -6.489053E+24
Mtp:           -2.560325E+24
