 PDE 2017  9 14 17 41 27.70  18.6900  145.7500 166.0 5.8 5.8 MARIANA ISLANDS
event name:     C201709141741A
time shift:      2.9163
half duration:   2.0000
latitude:       18.6801
longitude:     145.9560
depth:         175.5504
Mrr:       4.636259e+23
Mtt:       2.687202e+24
Mpp:      -3.150828e+24
Mrt:      -2.535489e+24
Mrp:       4.563735e+24
Mtp:      -2.116994e+24
