 PDE 2017  5 10 23 23 36.80 -56.4200  -25.7500  15.0 6.5 6.5 SOUTH SANDWICH ISLANDS REGION
event name:     201705102323A
time shift:      8.0237
half duration:   4.1000
latitude:      -56.4414
longitude:     -25.5497
depth:          17.9404
Mrr:       5.450492e+25
Mtt:      -4.434054e+24
Mpp:      -5.007087e+25
Mrt:      -1.429035e+25
Mrp:       3.681473e+25
Mtp:       1.916918e+25
