 PDE 2014 02 03 03 08 46.20   38.2600   20.3900   5.0 0.0 6.0 GREECE
event name:   C201402030308A
time shift:           1.8246
half duration:        2.5000
latitude:            38.0698
longitude:           20.3731
depth:               10.5851
Mrr:            7.612928E+24
Mtt:            3.022891E+24
Mpp:           -1.063581E+25
Mrt:            3.404211E+24
Mrp:           -3.268367E+24
Mtp:            1.063483E+25
