 PDE 2018 12 16  9 42 37.20  -3.9200  140.2300  62.0 6.1 6.1 IRIAN JAYA, INDONESIA
event name:     C201812160942A
time shift:      1.9319
half duration:   2.9000
latitude:       -3.9337
longitude:     140.4034
depth:          69.1780
Mrr:      -1.065885e+25
Mtt:       6.240250e+24
Mpp:       4.418594e+24
Mrt:      -1.026576e+25
Mrp:       1.167807e+25
Mtp:      -5.532950e+24
