 PDE 2013 08 30 16 25 02.80   51.6100 -175.3600  33.5 0.0 7.0 ANDREANOF ISLANDS, ALEUTIAN IS.
event name:   C201308301625B
time shift:           7.5847
half duration:        7.4000
latitude:            51.4536
longitude:         -175.1227
depth:               26.3625
Mrr:            2.682548E+26
Mtt:           -2.413402E+26
Mpp:           -2.691466E+25
Mrt:            2.342753E+26
Mrp:            1.205344E+26
Mtp:           -9.805245E+25
