 PDE 2010 03 05 11 47 06.80  -36.6700  -73.3700  18.0 6.1 6.7 NEAR COAST OF CENTRAL CHILE
event name:    201003051147A
time shift:           6.7690
half duration:        4.9000
latitude:           -36.8904
longitude:          -73.7235
depth:               15.6513
Mrr:            6.143761E+25
Mtt:           -1.641418E+22
Mpp:           -6.142119E+25
Mrt:            1.231274E+24
Mrp:           -1.127020E+26
Mtp:           -5.578143E+24
