 PDE 2010 12  5 21 44 35.90 -36.3000 -101.0200  12.5 5.9 5.9 SOUTHEAST OF EASTER ISLAND
event name:     C201012052144A
time shift:     -0.1150
half duration:   2.2000
latitude:      -36.2173
longitude:    -101.0808
depth:          14.5203
Mrr:      -8.002677e+23
Mtt:      -1.077320e+24
Mpp:       1.877588e+24
Mrt:       1.021351e+24
Mrp:      -5.407064e+23
Mtp:      -9.719793e+24
