 PDE 2013 10 15 00 12 32.00    9.8800  124.1200  19.0 0.0 7.1 MINDANAO, PHILIPPINES
event name:   C201310150012A
time shift:          18.8212
half duration:        8.7000
latitude:             9.8388
longitude:          123.9613
depth:               11.1097
Mrr:            4.784594E+26
Mtt:           -2.780606E+26
Mpp:           -2.003989E+26
Mrt:           -9.821895E+25
Mrp:           -3.264407E+25
Mtp:           -3.413538E+26
