 PDE 2015 11  9 16  3 46.10  51.6400 -173.0700  15.0 6.5 6.5 ANDREANOF ISLANDS, ALEUTIAN IS.
event name:     C201511091603A
time shift:      5.4799
half duration:   4.1000
latitude:       51.5516
longitude:    -173.0176
depth:          16.5352
Mrr:       3.696410e+25
Mtt:      -3.628297e+25
Mpp:      -6.811262e+23
Mrt:       4.222933e+25
Mrp:       1.841384e+25
Mtp:      -1.265547e+25
