 PDE 2011  9  3 22 55 40.90 -20.6700  169.7200 185.1 7.0 7.0 VANUATU ISLANDS
event name:     C201109032255A
time shift:      3.0899
half duration:   8.0000
latitude:      -20.7946
longitude:     169.7222
depth:         146.0047
Mrr:       1.255785e+26
Mtt:       1.064498e+26
Mpp:      -2.320284e+26
Mrt:       2.993626e+26
Mrp:      -2.118486e+26
Mtp:       1.319180e+26
