 PDE 2016  9 17  1 20 17.90  -2.0800  140.5700   9.0 6.0 6.0 NEAR NORTH COAST OF IRIAN JAYA
event name:     C201609170120A
time shift:      1.7562
half duration:   2.3000
latitude:       -1.9304
longitude:     140.6139
depth:          10.1405
Mrr:      -8.385448e+24
Mtt:       8.660372e+24
Mpp:      -2.749242e+23
Mrt:       5.443769e+24
Mrp:       2.266521e+23
Mtp:       1.298090e+24
