 PDE 2013 09 28 07 34 07.30   27.2600   65.5900  14.8 0.0 6.8 PAKISTAN
event name:   C201309280734A
time shift:           5.0171
half duration:        6.4000
latitude:            27.1073
longitude:           65.5017
depth:               12.3560
Mrr:            3.171877E+25
Mtt:           -1.506810E+26
Mpp:            1.189623E+26
Mrt:            4.692291E+25
Mrp:           -2.142667E+26
Mtp:           -8.706874E+25
