 PDE 2012  2  6  3 49 12.50  10.0000  123.2100  11.0 6.7 6.7 CEBU, PHILIPPINES
event name:     201202060349A
time shift:      6.8691
half duration:   5.3000
latitude:       10.0215
longitude:     123.2302
depth:          10.5657
Mrr:       1.178838e+26
Mtt:       9.343194e+24
Mpp:      -1.272269e+26
Mrt:      -7.798952e+24
Mrp:      -7.097747e+24
Mtp:      -7.202348e+25
