 PDE 2011 10  6 11 12 30.10 -24.1800  -64.2200  15.0 5.9 6.1 SALTA PROVINCE, ARGENTINA
event name:     C201110061112A
time shift:      4.3321
half duration:   2.2000
latitude:      -24.1956
longitude:     -64.2796
depth:          13.5874
Mrr:       6.309706e+24
Mtt:       7.433766e+23
Mpp:      -7.053082e+24
Mrt:      -1.281588e+24
Mrp:       1.131433e+24
Mtp:       7.793980e+22
