 PDE 2012 01 01 05 27 56.00   31.4600  138.0700 365.3 6.2 6.8 SOUTHEAST OF HONSHU, JAPAN
event name:   C201201010527A
time shift:           5.3341
half duration:        6.1000
latitude:            31.6148
longitude:          138.1789
depth:              349.6254
Mrr:           -3.935488E+25
Mtt:           -1.279142E+25
Mpp:            5.214631E+25
Mrt:           -3.021778E+25
Mrp:           -1.877831E+26
Mtp:           -5.231316E+25
