 PDE 2010 05 25 10 09 05.80   35.3200  -35.9200  10.0 5.5 6.3 NORTHERN MID-ATLANTIC RIDGE
event name:    201005251009A
time shift:           6.4599
half duration:        3.4000
latitude:            35.3068
longitude:          -35.8027
depth:               10.6945
Mrr:           -4.086094E+24
Mtt:            1.488371E+25
Mpp:           -1.079765E+25
Mrt:            2.358415E+24
Mrp:            9.508490E+23
Mtp:            3.195006E+25
