 PDE 2014  5 10  7 36  1.20  17.2200 -100.8100  23.0 6.1 6.0 GUERRERO, MEXICO
event name:     C201405100736A
time shift:      3.6804
half duration:   2.7000
latitude:       17.3116
longitude:    -100.8167
depth:          20.0907
Mrr:       9.951501e+24
Mtt:      -8.635360e+24
Mpp:      -1.316139e+24
Mrt:       9.638829e+24
Mrp:      -5.658389e+24
Mtp:       3.429018e+24
