 PDE 2011  8 22 20 12 21.00  -6.2800  104.0500  29.0 6.1 6.1 SUNDA STRAIT, INDONESIA
event name:     C201108222012A
time shift:      2.9590
half duration:   2.7000
latitude:       -6.6602
longitude:     103.9458
depth:          28.4443
Mrr:       1.153899e+25
Mtt:      -8.885483e+24
Mpp:      -2.653507e+24
Mrt:       9.652117e+24
Mrp:      -6.166151e+24
Mtp:       6.402339e+24
