 PDE 2013 02 06 00 07 22.10  -10.8600  165.2500  11.0 5.6 6.1 SANTA CRUZ ISLANDS
event name:   C201302060007A
time shift:           3.5360
half duration:        2.5000
latitude:           -10.8990
longitude:          165.1838
depth:               10.5521
Mrr:            5.613918E+24
Mtt:            1.009313E+25
Mpp:           -1.570706E+25
Mrt:            3.994067E+24
Mrp:           -5.498457E+24
Mtp:            8.789475E+24
