 PDE 2011 01 01 09 56 58.10  -26.7900  -63.0900 576.8 6.8 7.0 SANTIAGO DEL ESTERO PROV., ARG.
event name:   C201101010956A
time shift:           5.4185
half duration:        8.0000
latitude:           -27.0205
longitude:          -63.2110
depth:              585.9096
Mrr:           -2.849236E+26
Mtt:           -2.138217E+25
Mpp:            3.063058E+26
Mrt:           -1.858479E+26
Mrp:            3.130040E+26
Mtp:           -9.496810E+25
