 PDE 2018 11 25 16 37 32.70  34.3500   45.7400  18.0 6.3 6.3 IRAN-IRAQ BORDER REGION
event name:     C201811251637A
time shift:      2.2904
half duration:   3.4000
latitude:       34.2406
longitude:      45.5799
depth:          22.7883
Mrr:       2.255858e+24
Mtt:       2.220007e+25
Mpp:      -2.445593e+25
Mrt:       5.674560e+24
Mrp:       9.036890e+22
Mtp:       1.359782e+25
