 PDE 2013 02 09 21 02 22.80  -10.9900  165.7400  18.0 6.0 6.6 SANTA CRUZ ISLANDS
event name:   C201302092102A
time shift:           8.3373
half duration:        4.8000
latitude:           -10.9247
longitude:          165.6422
depth:               16.6144
Mrr:           -2.032166E+25
Mtt:            5.441279E+25
Mpp:           -3.409113E+25
Mrt:           -2.001255E+25
Mrp:            4.020148E+25
Mtp:           -9.350705E+25
