 PDE 2013 04 21 03 22 16.20   29.9300  138.8900 421.9 5.7 6.1 SOUTHEAST OF HONSHU, JAPAN
event name:   C201304210322A
time shift:           2.9320
half duration:        2.8000
latitude:            30.0157
longitude:          138.8898
depth:              428.1802
Mrr:           -1.499002E+25
Mtt:            1.755422E+25
Mpp:           -2.564224E+24
Mrt:            1.815986E+24
Mrp:           -1.095913E+25
Mtp:            6.199414E+24
