 PDE 2017 11 20 18 51  7.60 -14.7200 -175.0500   9.0 6.0 6.0 SAMOA ISLANDS REGION
event name:     C201711201851A
time shift:      6.3282
half duration:   2.4000
latitude:      -14.6077
longitude:    -175.1309
depth:          11.0738
Mrr:      -7.026917e+23
Mtt:       2.596800e+24
Mpp:      -1.894109e+24
Mrt:       3.189624e+24
Mrp:       2.593413e+24
Mtp:       1.161081e+25
