 PDE 2012 03 05 07 46 10.00  -28.2500  -63.2900 553.9 6.0 6.1 SANTIAGO DEL ESTERO PROV., ARG.
event name:   C201203050746A
time shift:           2.2470
half duration:        2.8000
latitude:           -28.2067
longitude:          -63.2670
depth:              562.2109
Mrr:           -1.682933E+25
Mtt:            1.078228E+25
Mpp:            6.047043E+24
Mrt:           -1.184506E+25
Mrp:            6.238196E+24
Mtp:           -7.193373E+24
