 PDE 2017  5  9 13 52 11.00 -14.5900  167.3800 169.0 6.8 6.8 VANUATU ISLANDS
event name:     201705091352A
time shift:      4.3180
half duration:   5.9000
latitude:      -14.5431
longitude:     167.1825
depth:         176.5354
Mrr:       1.648569e+26
Mtt:      -1.729635e+25
Mpp:      -1.475606e+26
Mrt:      -7.718252e+25
Mrp:      -3.127990e+25
Mtp:       8.872236e+25
