 PDE 2014  2 18 23 35 58.30 -14.1600  -75.6000  57.0 5.9 5.9 NEAR COAST OF PERU
event name:     C201402182335A
time shift:      1.2034
half duration:   2.2000
latitude:      -14.1848
longitude:     -75.6867
depth:          69.8209
Mrr:       4.807106e+24
Mtt:      -4.373505e+24
Mpp:      -4.336010e+23
Mrt:      -1.307816e+24
Mrp:       6.931833e+24
Mtp:       3.320408e+24
