 PDE 2014 07 21 14 54 41.00  -19.8000 -178.4000 615.4 0.0 6.9 FIJI ISLANDS REGION
event name:   C201407211454A
time shift:           4.6407
half duration:        7.0000
latitude:           -19.6800
longitude:         -178.3198
depth:              626.2719
Mrr:           -8.144257E+25
Mtt:            6.976616E+25
Mpp:            1.167640E+25
Mrt:           -2.277753E+26
Mrp:           -2.052107E+26
Mtp:           -3.272938E+25
