 PDE 2010  6 30  4 31  2.20 -23.3100  179.1200 581.4 6.4 6.4 SOUTH OF FIJI ISLANDS
event name:     C201006300430A
time shift:      2.9723
half duration:   3.7000
latitude:      -23.1824
longitude:     179.2635
depth:         578.1434
Mrr:      -2.754043e+25
Mtt:       2.777875e+25
Mpp:      -2.383118e+23
Mrt:      -1.361750e+25
Mrp:      -1.307766e+25
Mtp:      -2.447365e+25
