 PDE 2016  3 12 18  6 44.80  51.5600 -173.9400  19.0 6.4 6.3 ANDREANOF ISLANDS, ALEUTIAN IS.
event name:     C201603121806A
time shift:      6.2244
half duration:   3.8000
latitude:       51.3750
longitude:    -173.8200
depth:          16.3090
Mrr:       2.863921e+25
Mtt:      -2.791165e+25
Mpp:      -7.275708e+23
Mrt:       3.386959e+25
Mrp:       1.369541e+25
Mtp:      -9.108946e+24
