 PDE 2014  3 10 17 33 29.00  -5.4800  147.9600 260.0 6.0 5.9 EASTERN NEW GUINEA REG., P.N.G.
event name:     C201403101733A
time shift:      3.0346
half duration:   2.3000
latitude:       -5.5582
longitude:     147.9490
depth:         259.1985
Mrr:       5.723586e+24
Mtt:      -9.754986e+24
Mpp:       4.031400e+24
Mrt:       5.137498e+24
Mrp:      -5.552430e+24
Mtp:      -1.870561e+24
