 PDE 2010  1 17 12  0  1.10 -57.6600  -65.8800   5.0 6.2 6.3 DRAKE PASSAGE
event name:     C201001171200A
time shift:      5.8817
half duration:   3.2000
latitude:      -57.9389
longitude:     -66.1558
depth:          16.7594
Mrr:       9.218235e+24
Mtt:       1.453908e+25
Mpp:      -2.375731e+25
Mrt:       9.601424e+24
Mrp:       8.032406e+24
Mtp:       2.395556e+25
