 PDE 2017  9 20  1 43 26.00 -50.7100  162.6300   8.0 6.1 6.1 AUCKLAND ISLANDS, N.Z. REGION
event name:     C201709200143A
time shift:      8.6189
half duration:   2.8000
latitude:      -50.5197
longitude:     162.2855
depth:          15.4421
Mrr:       2.103293e+23
Mtt:       1.914903e+25
Mpp:      -1.935936e+25
Mrt:       3.545135e+24
Mrp:      -4.477480e+24
Mtp:       2.089077e+24
