 PDE 2012 12  4  1 42 48.50  61.2400 -150.7600  62.2 5.8 5.8 SOUTHERN ALASKA
event name:     C201212040142A
time shift:      0.7105
half duration:   1.9000
latitude:       61.3752
longitude:    -151.0402
depth:          68.9438
Mrr:       1.247945e+24
Mtt:      -3.446791e+24
Mpp:       2.198847e+24
Mrt:       2.337567e+23
Mrp:       2.844360e+24
Mtp:       1.903204e+24
