 PDE 2011  6 28  6 48 32.70  52.0600 -171.7600  30.0 5.8 5.9 FOX ISLANDS, ALEUTIAN ISLANDS
event name:     C201106280648A
time shift:      2.0739
half duration:   2.0000
latitude:       51.8723
longitude:    -171.8277
depth:          31.2234
Mrr:       3.163284e+24
Mtt:      -3.340396e+24
Mpp:       1.771111e+23
Mrt:       4.943630e+24
Mrp:       1.116533e+22
Mtp:      -3.518570e+23
