 PDE 2012 12 14 10 36 01.60   31.0900 -119.6600  13.0 6.2 6.4 OFF W. COAST OF BAJA CALIFORNIA
event name:   C201212141036A
time shift:           2.9966
half duration:        3.7000
latitude:            31.0766
longitude:         -119.6131
depth:               20.0890
Mrr:           -4.646614E+25
Mtt:            1.001083E+25
Mpp:            3.645531E+25
Mrt:           -8.083973E+24
Mrp:           -1.006865E+25
Mtp:            2.901832E+25
