 PDE 2015 12 20 18 47 36.60   3.6400  117.6400  14.0 6.0 6.1 BORNEO
event name:     C201512201847A
time shift:      0.4357
half duration:   2.6000
latitude:        3.6584
longitude:     117.5594
depth:           9.0651
Mrr:       1.678953e+24
Mtt:       8.448439e+23
Mpp:      -2.523797e+24
Mrt:       9.170745e+23
Mrp:       2.668080e+24
Mtp:       1.353963e+25
