 PDE 2013 05 19 18 44 10.90   52.3400  160.0700  18.0 5.9 6.1 OFF EAST COAST OF KAMCHATKA
event name:   C201305191844A
time shift:           4.0584
half duration:        2.3000
latitude:            52.1516
longitude:          160.6190
depth:               20.9601
Mrr:            9.908076E+24
Mtt:           -3.388993E+24
Mpp:           -6.519085E+24
Mrt:            7.338502E+24
Mrp:            7.938682E+24
Mtp:           -4.717201E+24
