 PDE 2016  1  1  2  0 40.00 -50.5600  139.4500  10.0 6.3 6.3 WESTERN INDIAN-ANTARCTIC RIDGE
event name:     C201601010200A
time shift:      2.6064
half duration:   3.6000
latitude:      -50.6461
longitude:     139.4505
depth:           8.7134
Mrr:      -3.741729e+24
Mtt:       3.143869e+24
Mpp:       5.978594e+23
Mrt:       1.775330e+24
Mrp:      -2.647232e+24
Mtp:      -4.430751e+25
