 PDE 2019 12 25  3 36  1.60  50.6100 -129.9600   6.6 6.3 6.3 VANCOUVER ISLAND, CANADA REGION
event name:     C201912250335A
time shift:      3.6862
half duration:   3.4000
latitude:       50.4054
longitude:    -130.2422
depth:          10.3034
Mrr:      -1.701490e+24
Mtt:      -1.836238e+25
Mpp:       2.006387e+25
Mrt:      -6.700093e+23
Mrp:      -3.578077e+24
Mtp:       2.123473e+25
