 PDE 2012 05 26 21 48 10.10   26.9100  140.0500 487.4 5.5 6.0 BONIN ISLANDS, JAPAN REGION
event name:   C201205262148A
time shift:           2.8708
half duration:        2.3000
latitude:            26.8681
longitude:          140.1755
depth:              473.4040
Mrr:           -8.203456E+24
Mtt:            3.763493E+24
Mpp:            4.439963E+24
Mrt:           -3.844278E+24
Mrp:           -4.192948E+24
Mtp:           -8.055917E+24
