 PDE 2010  2  4 20 20 22.00  40.4100 -124.9600  23.6 5.9 5.9 NEAR COAST OF NORTHERN CALIF.
event name:     C201002042020A
time shift:      0.9304
half duration:   2.2000
latitude:       40.3825
longitude:    -125.0802
depth:          16.4028
Mrr:      -1.739621e+23
Mtt:      -7.770846e+24
Mpp:       7.944809e+24
Mrt:       1.686878e+24
Mrp:      -3.464237e+23
Mtp:      -2.773026e+24
