 PDE 2013 10 23  8 23 30.40 -23.0100 -177.1400 160.0 6.0 6.0 SOUTH OF FIJI ISLANDS
event name:     C201310230823A
time shift:      1.0568
half duration:   2.4000
latitude:      -23.0764
longitude:    -176.7384
depth:         164.4971
Mrr:      -2.881207e+22
Mtt:       9.665746e+23
Mpp:      -9.377625e+23
Mrt:      -3.404377e+24
Mrp:      -1.097583e+25
Mtp:       2.152072e+24
