 PDE 2010 08 04 07 15 34.10   -5.5000  146.8100 225.6 6.1 6.5 EASTERN NEW GUINEA REG., P.N.G.
event name:   C201008040715A
time shift:           2.6907
half duration:        4.2000
latitude:            -5.5984
longitude:          146.8987
depth:              215.6684
Mrr:            4.220756E+25
Mtt:           -6.523841E+25
Mpp:            2.303084E+25
Mrt:            3.458452E+25
Mrp:           -2.860334E+25
Mtp:           -8.145536E+24
