 PDE 2019  7 23 10 33 24.00 -61.2900  154.1200  10.0 6.1 6.0 BALLENY ISLANDS REGION
event name:     C201907231033A
time shift:      6.7938
half duration:   2.7000
latitude:      -61.3027
longitude:     154.2470
depth:           8.5451
Mrr:      -1.314943e+24
Mtt:       1.537710e+25
Mpp:      -1.406216e+25
Mrt:      -1.494798e+24
Mrp:      -3.836809e+23
Mtp:      -1.167006e+25
