 PDE 2014 11 16 22 33 20.50  -37.6500  179.6600  22.0 0.0 6.7 OFF E. COAST OF N. ISLAND, N.Z.
event name:   C201411162233A
time shift:           8.3534
half duration:        5.3000
latitude:           -37.5011
longitude:          179.7341
depth:               20.7676
Mrr:           -1.228555E+26
Mtt:            3.467224E+25
Mpp:            8.818322E+25
Mrt:            3.315049E+25
Mrp:            5.476466E+25
Mtp:            8.708584E+25
