 PDE 2014 04 24 03 10 10.10   49.6400 -127.7300  10.0 0.0 6.5 VANCOUVER ISLAND, CANADA REGION
event name:   C201404240310A
time shift:           7.2570
half duration:        4.8000
latitude:            49.6555
longitude:         -127.5901
depth:               16.1340
Mrr:            6.839455E+23
Mtt:           -6.342421E+25
Mpp:            6.274028E+25
Mrt:            8.628643E+24
Mrp:           -3.510129E+25
Mtp:            5.726620E+25
