 PDE 2015  9 26 21 40 35.40 -57.1000 -142.4400  10.0 6.0 5.9 PACIFIC-ANTARCTIC RIDGE
event name:     C201509262140A
time shift:      4.2208
half duration:   2.4000
latitude:      -56.6712
longitude:    -142.4958
depth:          15.5205
Mrr:      -2.763816e+23
Mtt:       9.808890e+24
Mpp:      -9.532508e+24
Mrt:      -9.079460e+23
Mrp:      -1.027517e+24
Mtp:       6.584354e+24
