 PDE 2012 10  8  6 26 23.00  25.1300 -109.5700  14.0 6.0 6.0 GULF OF CALIFORNIA
event name:     C201210080626A
time shift:     -0.6209
half duration:   2.4000
latitude:       25.1686
longitude:    -109.7342
depth:          14.3921
Mrr:      -3.620352e+23
Mtt:      -8.994304e+24
Mpp:       9.356337e+24
Mrt:      -2.133009e+24
Mrp:      -6.394412e+23
Mtp:      -1.789720e+24
