 PDE 2011 12 11  1 47 25.90  17.8400  -99.9600  54.2 6.5 6.5 GUERRERO, MEXICO
event name:     C201112110147A
time shift:      1.3288
half duration:   4.1000
latitude:       17.9067
longitude:     -99.8457
depth:          50.8588
Mrr:      -4.651832e+25
Mtt:       4.384443e+25
Mpp:       2.673889e+24
Mrt:      -1.923513e+25
Mrp:      -1.692196e+22
Mtp:      -9.136574e+24
