 PDE 2013 05 14 00 32 25.90   18.7300  145.2900 602.2 6.2 6.8 MARIANA ISLANDS
event name:   C201305140032A
time shift:           5.8298
half duration:        6.3000
latitude:            18.6675
longitude:          145.3502
depth:              606.3706
Mrr:           -1.204400E+26
Mtt:           -6.635873E+25
Mpp:            1.867987E+26
Mrt:           -1.430218E+26
Mrp:            8.201928E+24
Mtp:           -1.146830E+26
