 PDE 2011 11  7 11 59 31.40  36.5000   71.1000 212.1 5.7 5.7 AFGHANISTAN-TAJIKISTAN BORD REG.
event name:     C201111071159A
time shift:      1.3168
half duration:   1.7000
latitude:       36.5869
longitude:      71.0153
depth:         215.7040
Mrr:       3.891070e+24
Mtt:      -4.080724e+23
Mpp:      -3.482997e+24
Mrt:      -3.084255e+23
Mrp:       1.327804e+24
Mtp:       8.748066e+23
