 PDE 2014 04 11 14 33 43.20   -6.7200  154.9600  20.1 0.0 5.7 SOLOMON ISLANDS
event name:   C201404111433A
time shift:           3.8571
half duration:        2.0000
latitude:            -6.8370
longitude:          154.9455
depth:               19.4345
Mrr:           -6.680550E+23
Mtt:            5.135554E+23
Mpp:            1.544998E+23
Mrt:            1.760410E+24
Mrp:           -6.387147E+24
Mtp:            2.548470E+23
