 PDE 2014 06 24 03 15 35.50   52.2000  176.7000   4.0 0.0 6.3 RAT ISLANDS, ALEUTIAN ISLANDS
event name:   C201406240315A
time shift:           8.3855
half duration:        3.7000
latitude:            52.2710
longitude:          176.6870
depth:               12.6031
Mrr:           -1.826998E+25
Mtt:           -9.008030E+24
Mpp:            2.727799E+25
Mrt:           -7.147654E+23
Mrp:            2.318330E+24
Mtp:           -5.554885E+25
