 PDE 2015 11 16  0 39 33.50  17.8400  -81.8200   6.7 5.9 5.8 NORTH OF HONDURAS
event name:     C201511160039A
time shift:      1.5375
half duration:   2.1000
latitude:       17.8980
longitude:     -81.9638
depth:          13.4352
Mrr:      -3.791358e+23
Mtt:      -2.928858e+24
Mpp:       3.307993e+24
Mrt:       2.271152e+24
Mrp:      -1.287130e+24
Mtp:       7.526218e+24
