 PDE 2014  2  1  3 58 44.00 -56.8300  -27.3400 130.0 6.2 6.1 SOUTH SANDWICH ISLANDS REGION
event name:     C201402010358A
time shift:      3.6035
half duration:   2.9000
latitude:      -56.9737
longitude:     -26.7029
depth:         131.3984
Mrr:      -4.901756e+24
Mtt:       1.066823e+25
Mpp:      -5.766480e+24
Mrt:      -1.333796e+25
Mrp:      -9.572838e+24
Mtp:      -9.146333e+24
