 PDE 2018 10 29  6 54 21.20 -57.4300  -66.3800  10.0 6.3 6.3 DRAKE PASSAGE
event name:     C201810290654A
time shift:      5.6806
half duration:   3.6000
latitude:      -57.5381
longitude:     -66.6114
depth:          18.3485
Mrr:       4.003959e+25
Mtt:      -6.920403e+24
Mpp:      -3.311919e+25
Mrt:       7.782875e+24
Mrp:       1.155470e+25
Mtp:       1.642808e+25
