 PDE 2011  4 28 13  7 43.80  10.1300 -103.6100  10.0 5.8 5.8 NORTHERN EAST PACIFIC RISE
event name:     C201104281307A
time shift:     -0.0037
half duration:   1.9000
latitude:       10.4010
longitude:    -103.7236
depth:           7.2878
Mrr:      -7.323707e+23
Mtt:      -1.761317e+24
Mpp:       2.493688e+24
Mrt:      -3.176754e+23
Mrp:      -7.501425e+23
Mtp:       4.981566e+24
