 PDE 2011 11  1 12 32  0.40  19.8300 -109.2000  10.0 6.2 6.3 REVILLA GIGEDO ISLANDS REGION
event name:     C201111011232A
time shift:      1.6852
half duration:   3.2000
latitude:       19.9276
longitude:    -109.3213
depth:           9.3148
Mrr:      -1.034193e+24
Mtt:      -1.989018e+25
Mpp:       2.092438e+25
Mrt:      -1.819032e+24
Mrp:      -1.780373e+24
Mtp:      -1.205543e+25
