 PDE 2010 10 30 15 18 33.10 -56.5900 -142.2900  10.0 6.3 6.4 PACIFIC-ANTARCTIC RIDGE
event name:     C201010301518A
time shift:      6.3070
half duration:   3.4000
latitude:      -56.6355
longitude:    -142.6328
depth:          17.3121
Mrr:      -3.935056e+23
Mtt:       2.862296e+25
Mpp:      -2.822945e+25
Mrt:       1.243324e+24
Mrp:       1.845109e+24
Mtp:       1.708614e+25
