 PDE 2019  3 15  5  3 50.10 -17.8700  -65.9100 359.0 6.3 6.3 CENTRAL BOLIVIA
event name:     C201903150503A
time shift:      5.5708
half duration:   3.6000
latitude:      -17.7463
longitude:     -65.8981
depth:         373.5962
Mrr:       1.872880e+25
Mtt:      -2.213158e+25
Mpp:       3.402789e+24
Mrt:      -1.964524e+25
Mrp:      -1.335282e+25
Mtp:       2.456468e+25
