 PDE 2018  1 11 18 26 24.20  18.3700   96.0700   9.0 5.9 6.0 MYANMAR
event name:     C201801111826A
time shift:      2.3435
half duration:   2.3000
latitude:       18.2872
longitude:      96.1548
depth:           6.5700
Mrr:       7.979827e+24
Mtt:      -1.124649e+24
Mpp:      -6.855178e+24
Mrt:      -3.505030e+24
Mrp:       2.702148e+23
Mtp:       3.941684e+24
