 PDE 2010  4 13 23 49 38.30  33.1700   96.5500  17.0 6.9 7.0 QINGHAI, CHINA
event name:     C201004132349A
time shift:      4.9742
half duration:   6.6000
latitude:       33.0463
longitude:      96.7966
depth:          11.8520
Mrr:      -1.926808e+25
Mtt:       1.617869e+26
Mpp:      -1.425189e+26
Mrt:      -7.867590e+25
Mrp:       1.417436e+25
Mtp:       8.126482e+25
