 PDE 2017 11 19 22 43 29.20 -21.3300  168.6700  10.0 7.0 7.0 LOYALTY ISLANDS
event name:     201711192243A
time shift:     11.9648
half duration:   7.4000
latitude:      -21.4498
longitude:     168.6503
depth:          10.0075
Mrr:      -4.045201e+26
Mtt:       8.914287e+25
Mpp:       3.153772e+26
Mrt:      -9.150306e+25
Mrp:       1.399177e+26
Mtp:      -1.621673e+26
