 PDE 2014 05 04 09 15 52.90  -24.6100  179.0900 527.0 0.0 6.6 SOUTH OF FIJI ISLANDS
event name:   C201405040915A
time shift:           3.9489
half duration:        4.7000
latitude:           -24.6695
longitude:          179.1237
depth:              528.2244
Mrr:           -8.366863E+25
Mtt:            1.266771E+25
Mpp:            7.100090E+25
Mrt:           -3.061591E+25
Mrp:           -1.861603E+25
Mtp:           -4.832699E+25
