 PDE 2019  1 26  8 12 48.70  -5.5000  133.7600  10.0 5.9 5.9 ARU ISLANDS REGION, INDONESIA
event name:     C201901260812A
time shift:      3.5679
half duration:   2.3000
latitude:       -5.4641
longitude:     133.7924
depth:          16.4177
Mrr:      -8.008324e+24
Mtt:       1.686896e+24
Mpp:       6.321428e+24
Mrt:       1.090581e+23
Mrp:       4.268218e+24
Mtp:       3.748808e+24
