 PDE 2012  7  3 10 36 15.50 -40.0200  173.7600 229.8 6.3 6.3 COOK STRAIT, NEW ZEALAND
event name:     C201207031036A
time shift:      4.0601
half duration:   3.5000
latitude:      -40.0446
longitude:     173.6334
depth:         227.6153
Mrr:       3.366111e+24
Mtt:       8.997300e+24
Mpp:      -1.236341e+25
Mrt:       2.777116e+25
Mrp:      -2.108691e+25
Mtp:       2.765807e+24
