 PDE 2019  2 14 19 57  5.00  35.4300  -36.0400  10.0 6.2 6.2 NORTHERN MID-ATLANTIC RIDGE
event name:     C201902141957A
time shift:      7.3652
half duration:   3.0000
latitude:       35.2645
longitude:     -35.8817
depth:          11.3922
Mrr:      -9.581372e+23
Mtt:       9.266231e+24
Mpp:      -8.308093e+24
Mrt:      -3.833346e+24
Mrp:       2.608807e+24
Mtp:       1.992629e+25
