 PDE 2012 10 23 08 53 38.20   29.0600  139.2500 436.0 6.0 6.0 SOUTHEAST OF HONSHU, JAPAN
event name:   C201210230853A
time shift:           2.4525
half duration:        2.3000
latitude:            29.0727
longitude:          139.1904
depth:              441.0628
Mrr:           -1.191053E+24
Mtt:            5.069002E+24
Mpp:           -3.877949E+24
Mrt:            3.797273E+24
Mrp:           -8.951415E+24
Mtp:           -3.253405E+24
