 PDE 2019  1 22 19  1 43.60 -43.1200   42.3600  13.0 6.6 6.7 PRINCE EDWARD ISLANDS REGION
event name:     C201901221901A
time shift:      4.3544
half duration:   5.1000
latitude:      -43.0163
longitude:      42.1671
depth:          14.4857
Mrr:      -1.089714e+26
Mtt:       1.126277e+26
Mpp:      -3.656381e+24
Mrt:       1.522446e+25
Mrp:       8.473281e+23
Mtp:       3.057237e+25
