 PDE 2012  7 12 14  0 34.30  36.5300   70.9100 198.0 5.8 5.8 HINDU KUSH REGION, AFGHANISTAN
event name:     C201207121400A
time shift:      0.8621
half duration:   1.9000
latitude:       36.4687
longitude:      70.7645
depth:         189.8989
Mrr:       4.355722e+24
Mtt:      -4.033827e+24
Mpp:      -3.218952e+23
Mrt:      -3.104032e+24
Mrp:       1.859707e+23
Mtp:      -6.621514e+23
