 PDE 2014 03 17 05 11 34.90  -20.0200  -70.8800  21.0 0.0 6.4 NEAR COAST OF NORTHERN CHILE
event name:   C201403170511A
time shift:          10.2411
half duration:        3.8000
latitude:           -20.0183
longitude:          -71.0615
depth:               18.4704
Mrr:            3.211812E+25
Mtt:            5.188790E+23
Mpp:           -3.263701E+25
Mrt:            1.133231E+25
Mrp:           -4.997567E+25
Mtp:            5.815607E+24
