 PDE 2011  5 19 20 15 22.90  39.1500   29.1000   7.0 5.9 5.9 TURKEY
event name:     C201105192015A
time shift:      3.1784
half duration:   2.2000
latitude:       39.0821
longitude:      29.1001
depth:           9.9349
Mrr:      -6.440490e+24
Mtt:       7.120083e+24
Mpp:      -6.795925e+23
Mrt:       3.261203e+23
Mrp:      -3.985139e+23
Mtp:      -1.840169e+24
