 PDE 1995 08 16 23 10 28.90   -5.7800  154.2600  74.0 6.1 7.2 SOLOMON ISLANDS
event name:         M081695P
time shift:          20.9430
half duration:        8.7000
latitude:            -6.0850
longitude:          154.1846
depth:               41.3396
Mrr:            5.906605E+26
Mtt:           -3.234119E+26
Mpp:           -2.672485E+26
Mrt:           -8.451965E+24
Mrp:            8.287664E+23
Mtp:            2.833008E+26
